100
0 100 2.9
1 100 2.9
2 100 2.9
3 100 2.9
4 100 2.9
5 100 2.9
6 100 2.9
7 100 2.9
8 100 2.9
9 100 2.9
10 100 2.9
11 100 2.9
12 100 2.9
13 100 2.9
14 100 2.9
15 100 2.9
16 100 2.9
17 100 2.9
18 100 2.9
19 100 2.9
20 100 2.9
21 100 2.9
22 100 2.9
23 100 2.9
24 100 2.9
25 100 2.9
26 100 2.9
27 100 2.9
28 100 2.9
29 100 2.9
30 100 2.9
31 100 2.9
32 100 2.9
33 100 2.9
34 100 2.9
35 100 2.9
36 100 2.9
37 100 2.9
38 100 2.9
39 100 2.9
40 100 2.9
41 100 2.9
42 100 2.9
43 100 2.9
44 100 2.9
45 100 2.9
46 100 2.9
47 100 2.9
48 100 2.9
49 100 2.9
50 100 2.9
51 100 2.9
52 100 2.9
53 100 2.9
54 100 2.9
55 100 2.9
56 100 2.9
57 100 2.9
58 100 2.9
59 100 2.9
60 100 2.8
61 100 2.8
62 100 2.8
63 100 2.8
64 100 2.8
65 100 2.8
66 100 2.8
67 100 2.8
68 100 2.8
69 100 2.8
70 100 2.8
71 100 2.8
72 100 2.8
73 100 2.8
74 100 2.8
75 100 2.8
76 100 2.8
77 100 2.8
78 100 2.8
79 100 2.8
80 100 2.9
81 100 2.9
82 100 2.9
83 100 2.9
84 100 2.9
85 100 2.9
86 100 2.9
87 100 2.9
88 100 2.9
89 100 2.9
90 100 2.9
91 100 2.9
92 100 2.9
93 100 2.9
94 100 2.9
95 100 2.9
96 100 2.9
97 100 2.9
98 100 2.9
99 100 2.9
0 3
0 6
0 10
0 11
0 17
0 22
0 31
0 34
0 45
0 47
0 48
0 54
0 68
0 73
0 75
0 76
0 78
0 83
0 84
0 85
0 87
0 90
0 93
0 94
1 8
1 9
1 14
1 15
1 16
1 22
1 23
1 27
1 38
1 48
1 51
1 54
1 55
1 59
1 67
1 69
1 70
1 73
1 82
1 87
1 89
1 90
1 95
1 96
2 4
2 5
2 7
2 9
2 10
2 11
2 12
2 13
2 14
2 16
2 19
2 23
2 25
2 28
2 30
2 32
2 33
2 35
2 36
2 38
2 43
2 47
2 50
2 53
2 56
2 58
2 59
2 65
2 68
2 69
2 70
2 71
2 72
2 73
2 76
2 77
2 78
2 79
2 84
2 86
2 87
2 88
2 89
2 93
2 94
2 98
2 99
3 10
3 12
3 13
3 24
3 26
3 28
3 31
3 34
3 36
3 39
3 45
3 46
3 47
3 49
3 50
3 55
3 56
3 58
3 68
3 69
3 70
3 71
3 72
3 73
3 74
3 75
3 79
3 85
3 91
3 92
3 95
3 99
4 5
4 6
4 7
4 8
4 9
4 10
4 11
4 12
4 13
4 14
4 15
4 17
4 18
4 19
4 25
4 26
4 27
4 29
4 31
4 32
4 33
4 34
4 35
4 36
4 37
4 38
4 39
4 45
4 46
4 47
4 48
4 49
4 50
4 51
4 52
4 53
4 54
4 55
4 56
4 57
4 58
4 59
4 65
4 66
4 68
4 69
4 71
4 72
4 73
4 74
4 75
4 77
4 79
4 85
4 86
4 87
4 88
4 89
4 90
4 91
4 92
4 93
4 94
4 95
4 96
4 97
4 99
5 11
5 12
5 15
5 32
5 37
5 48
5 50
5 51
5 59
5 67
5 68
5 78
5 88
5 90
5 95
5 96
6 7
6 9
6 10
6 11
6 12
6 15
6 16
6 17
6 18
6 19
6 27
6 28
6 29
6 30
6 31
6 32
6 33
6 35
6 36
6 37
6 38
6 39
6 49
6 51
6 52
6 54
6 55
6 56
6 57
6 58
6 68
6 70
6 71
6 72
6 73
6 74
6 75
6 76
6 79
6 87
6 88
6 89
6 90
6 91
6 92
6 93
6 94
6 95
6 96
6 97
6 98
6 99
7 8
7 11
7 12
7 15
7 16
7 28
7 29
7 33
7 34
7 35
7 38
7 39
7 48
7 56
7 57
7 70
7 72
7 73
7 78
7 88
7 89
7 90
7 98
8 9
8 10
8 11
8 13
8 14
8 15
8 17
8 30
8 31
8 33
8 34
8 35
8 36
8 37
8 38
8 49
8 50
8 51
8 52
8 54
8 56
8 57
8 58
8 69
8 70
8 71
8 72
8 73
8 74
8 75
8 78
8 79
8 90
8 91
8 92
8 93
8 94
8 96
8 97
8 98
8 99
9 10
9 12
9 13
9 15
9 16
9 17
9 18
9 30
9 32
9 38
9 50
9 51
9 59
9 75
9 76
9 78
9 95
9 99
10 17
10 31
10 51
10 54
11 13
11 14
11 15
11 16
11 17
11 19
11 32
11 33
11 34
11 35
11 36
11 37
11 38
11 39
11 52
11 53
11 54
11 55
11 56
11 57
11 58
11 59
11 72
11 73
11 74
11 75
11 76
11 77
11 78
11 79
11 93
11 94
11 95
11 96
11 97
11 98
11 99
12 13
12 14
12 16
12 17
12 18
12 33
12 35
12 36
12 37
12 38
12 39
12 53
12 54
12 55
12 57
12 59
12 73
12 74
12 75
12 76
12 77
12 78
12 79
12 93
12 94
12 96
12 97
12 98
12 99
13 36
13 79
13 99
14 97
15 56
15 58
16 17
16 19
16 39
16 78
16 79
17 39
17 98
18 39
20 1
20 2
20 3
20 4
20 5
20 6
20 7
20 8
20 9
20 10
20 11
20 13
20 14
20 15
20 16
20 17
20 18
20 19
20 21
20 22
20 23
20 24
20 25
20 26
20 28
20 29
20 30
20 31
20 32
20 34
20 36
20 37
20 38
20 39
20 41
20 42
20 43
20 44
20 45
20 46
20 49
20 51
20 52
20 53
20 54
20 55
20 56
20 57
20 58
20 61
20 63
20 65
20 66
20 67
20 68
20 69
20 70
20 71
20 72
20 73
20 74
20 76
20 77
20 78
20 79
20 82
20 83
20 84
20 85
20 86
20 87
20 88
20 89
20 90
20 91
20 92
20 93
20 94
20 95
20 96
20 97
21 2
21 3
21 4
21 5
21 7
21 10
21 11
21 12
21 13
21 15
21 16
21 19
21 23
21 24
21 30
21 32
21 33
21 35
21 39
21 42
21 43
21 44
21 46
21 48
21 51
21 52
21 55
21 56
21 58
21 63
21 65
21 72
21 73
21 74
21 76
21 77
21 79
21 83
21 86
21 92
21 95
21 97
21 99
22 3
22 4
22 5
22 6
22 7
22 8
22 9
22 11
22 12
22 13
22 14
22 15
22 16
22 18
22 23
22 24
22 25
22 27
22 28
22 29
22 30
22 31
22 32
22 33
22 34
22 35
22 36
22 37
22 38
22 39
22 44
22 45
22 47
22 48
22 49
22 50
22 51
22 52
22 53
22 54
22 55
22 56
22 57
22 58
22 59
22 64
22 65
22 66
22 67
22 68
22 69
22 70
22 71
22 72
22 73
22 74
22 75
22 76
22 77
22 78
22 79
22 84
22 85
22 86
22 88
22 89
22 90
22 91
22 92
22 93
22 94
22 95
22 97
22 98
22 99
23 4
23 5
23 6
23 7
23 8
23 11
23 13
23 14
23 16
23 18
23 19
23 24
23 26
23 27
23 28
23 32
23 33
23 34
23 35
23 37
23 38
23 39
23 44
23 45
23 46
23 48
23 51
23 52
23 53
23 55
23 56
23 64
23 65
23 66
23 67
23 68
23 69
23 70
23 71
23 72
23 73
23 74
23 75
23 76
23 77
23 78
23 79
23 84
23 86
23 87
23 89
23 90
23 91
23 92
23 93
23 95
23 96
23 97
23 98
23 99
24 6
24 7
24 8
24 9
24 11
24 13
24 14
24 16
24 17
24 19
24 25
24 27
24 28
24 29
24 31
24 32
24 34
24 35
24 37
24 39
24 45
24 46
24 47
24 48
24 49
24 50
24 51
24 52
24 53
24 54
24 55
24 56
24 58
24 59
24 65
24 67
24 68
24 70
24 74
24 77
24 78
24 79
24 85
24 86
24 87
24 88
24 89
24 92
24 94
24 97
24 98
24 99
25 6
25 9
25 12
25 13
25 14
25 15
25 17
25 18
25 26
25 27
25 28
25 29
25 30
25 31
25 32
25 35
25 36
25 37
25 39
25 46
25 47
25 49
25 50
25 51
25 53
25 54
25 55
25 56
25 57
25 58
25 59
25 66
25 67
25 68
25 69
25 70
25 71
25 72
25 74
25 77
25 78
25 86
25 87
25 88
25 89
25 90
25 91
25 92
25 93
25 94
25 95
25 96
25 97
26 7
26 8
26 10
26 11
26 12
26 13
26 17
26 18
26 27
26 28
26 30
26 31
26 32
26 33
26 34
26 37
26 38
26 39
26 48
26 49
26 56
26 58
26 59
26 67
26 68
26 69
26 71
26 73
26 74
26 75
26 76
26 77
26 79
26 87
26 89
26 90
26 91
26 92
26 93
26 94
26 95
26 96
26 97
26 98
27 9
27 12
27 13
27 14
27 15
27 17
27 18
27 19
27 28
27 29
27 30
27 31
27 33
27 37
27 38
27 48
27 51
27 52
27 53
27 56
27 59
27 68
27 70
27 71
27 74
27 76
27 77
27 78
27 79
27 88
27 89
27 91
27 92
27 93
27 94
27 95
27 97
27 98
27 99
28 15
28 19
28 32
28 51
28 69
28 71
28 77
28 97
29 10
29 14
29 18
29 34
29 53
29 55
29 57
29 58
29 71
29 75
29 77
29 79
29 92
29 93
29 94
29 96
29 97
29 98
29 99
30 12
30 13
30 14
30 15
30 17
30 18
30 31
30 34
30 35
30 36
30 38
30 39
30 52
30 53
30 54
30 55
30 56
30 57
30 58
30 59
30 71
30 72
30 73
30 75
30 76
30 79
30 91
30 96
30 97
30 98
30 99
31 97
32 13
32 15
32 16
32 18
32 19
32 33
32 35
32 36
32 37
32 38
32 53
32 54
32 55
32 56
32 57
32 58
32 59
32 73
32 75
32 76
32 78
32 93
32 95
32 96
32 99
33 14
33 17
33 34
33 35
33 37
33 38
33 54
33 55
33 56
33 57
33 59
33 74
33 76
33 79
33 94
33 95
33 96
33 97
33 99
34 15
34 17
34 18
34 19
34 35
34 37
34 38
34 39
34 55
34 56
34 58
34 59
34 75
34 76
34 77
34 78
34 79
34 95
34 96
34 97
34 98
34 99
35 17
35 56
35 96
35 99
36 18
36 19
36 38
36 39
36 57
36 58
36 59
36 77
36 78
36 79
36 97
36 99
37 18
37 19
37 39
37 58
37 59
37 79
37 98
37 99
38 59
40 2
40 3
40 19
40 25
40 26
40 28
40 32
40 35
40 38
40 39
40 44
40 49
40 50
40 56
40 58
40 61
40 63
40 66
40 71
40 72
40 74
40 82
40 84
40 85
40 86
40 87
40 88
40 89
40 95
40 96
41 2
41 3
41 4
41 5
41 6
41 7
41 8
41 9
41 10
41 11
41 12
41 13
41 14
41 15
41 16
41 17
41 18
41 19
41 22
41 23
41 24
41 25
41 26
41 27
41 28
41 29
41 30
41 31
41 32
41 33
41 34
41 35
41 36
41 37
41 38
41 39
41 42
41 43
41 44
41 45
41 46
41 47
41 48
41 49
41 50
41 51
41 52
41 53
41 54
41 55
41 56
41 57
41 58
41 59
41 62
41 63
41 64
41 65
41 66
41 67
41 68
41 69
41 71
41 72
41 73
41 74
41 75
41 76
41 77
41 78
41 79
41 82
41 83
41 84
41 85
41 86
41 87
41 88
41 89
41 90
41 91
41 92
41 93
41 94
41 95
41 96
41 97
41 98
41 99
42 4
42 5
42 6
42 8
42 9
42 10
42 13
42 14
42 15
42 16
42 17
42 18
42 19
42 23
42 24
42 25
42 28
42 29
42 31
42 32
42 35
42 36
42 37
42 38
42 39
42 43
42 45
42 47
42 48
42 49
42 51
42 52
42 53
42 54
42 56
42 57
42 59
42 63
42 64
42 65
42 66
42 67
42 70
42 71
42 72
42 73
42 74
42 75
42 76
42 77
42 78
42 79
42 83
42 86
42 87
42 88
42 89
42 91
42 92
42 93
42 94
42 95
42 96
42 97
42 98
43 13
43 35
43 37
43 47
43 48
43 52
43 55
43 73
43 79
43 84
44 5
44 7
44 8
44 9
44 12
44 13
44 16
44 19
44 26
44 27
44 28
44 29
44 30
44 31
44 32
44 33
44 34
44 35
44 37
44 38
44 39
44 45
44 46
44 47
44 48
44 49
44 50
44 51
44 52
44 53
44 54
44 55
44 57
44 65
44 66
44 67
44 68
44 71
44 72
44 73
44 76
44 77
44 78
44 79
44 85
44 86
44 87
44 89
44 90
44 91
44 92
44 93
44 94
44 95
44 96
44 97
44 98
44 99
45 6
45 8
45 11
45 12
45 13
45 15
45 17
45 18
45 19
45 26
45 27
45 28
45 29
45 30
45 31
45 32
45 34
45 35
45 37
45 39
45 46
45 48
45 49
45 50
45 51
45 52
45 54
45 56
45 57
45 58
45 66
45 67
45 68
45 69
45 70
45 71
45 73
45 74
45 76
45 77
45 78
45 79
45 86
45 88
45 89
45 90
45 91
45 92
45 94
45 95
45 96
45 97
45 98
45 99
46 7
46 9
46 10
46 11
46 12
46 13
46 14
46 15
46 16
46 18
46 19
46 27
46 31
46 34
46 35
46 37
46 47
46 48
46 51
46 52
46 53
46 55
46 56
46 57
46 58
46 59
46 69
46 70
46 71
46 73
46 74
46 75
46 78
46 89
46 90
46 91
46 94
46 95
46 96
46 97
46 98
46 99
47 11
47 19
47 32
47 36
47 49
47 52
47 58
47 59
47 69
47 71
47 73
47 74
47 76
47 79
48 30
48 37
48 49
48 51
48 52
48 55
48 58
48 59
48 70
48 73
48 74
48 75
48 78
48 89
48 91
48 95
48 96
48 97
48 98
49 10
49 11
49 12
49 15
49 16
49 17
49 19
49 31
49 32
49 33
49 37
49 39
49 50
49 52
49 53
49 54
49 55
49 58
49 59
49 70
49 71
49 73
49 75
49 76
49 77
49 79
49 90
49 91
49 92
49 94
49 96
49 98
50 11
50 12
50 13
50 14
50 15
50 16
50 17
50 19
50 31
50 35
50 37
50 38
50 51
50 52
50 55
50 57
50 58
50 71
50 72
50 73
50 74
50 75
50 76
50 77
50 79
50 91
50 92
50 93
50 94
50 96
50 97
50 98
50 99
51 34
51 72
51 99
52 13
52 15
52 16
52 17
52 19
52 33
52 34
52 38
52 39
52 53
52 54
52 55
52 56
52 57
52 58
52 59
52 73
52 76
52 77
52 78
52 93
52 96
52 97
52 98
52 99
53 75
54 36
54 38
54 58
54 77
54 79
54 95
54 99
55 96
56 19
56 38
56 57
56 58
56 59
56 98
57 18
57 19
57 38
57 58
57 59
57 78
57 79
57 98
57 99
58 99
60 1
60 2
60 3
60 4
60 5
60 6
60 7
60 8
60 9
60 10
60 11
60 12
60 14
60 15
60 16
60 17
60 18
60 19
60 21
60 22
60 23
60 24
60 25
60 27
60 28
60 29
60 30
60 31
60 32
60 33
60 35
60 36
60 37
60 38
60 39
60 41
60 42
60 43
60 44
60 45
60 46
60 47
60 48
60 49
60 50
60 51
60 52
60 53
60 54
60 55
60 56
60 58
60 59
60 61
60 62
60 64
60 65
60 66
60 67
60 68
60 69
60 70
60 71
60 73
60 74
60 75
60 77
60 78
60 79
60 81
60 82
60 83
60 84
60 85
60 86
60 87
60 88
60 89
60 90
60 91
60 92
60 93
60 95
60 97
60 98
60 99
61 13
61 14
61 15
61 18
61 23
61 32
61 42
61 43
61 51
61 63
61 66
61 68
61 69
61 71
61 72
61 77
61 83
61 85
61 87
61 96
61 99
62 8
62 10
62 11
62 12
62 13
62 16
62 18
62 19
62 23
62 27
62 29
62 33
62 36
62 39
62 43
62 45
62 46
62 51
62 52
62 54
62 55
62 58
62 63
62 64
62 66
62 67
62 68
62 72
62 73
62 74
62 78
62 83
62 85
62 86
62 88
62 90
62 92
62 94
62 95
62 97
62 99
63 4
63 5
63 7
63 8
63 10
63 11
63 12
63 14
63 16
63 17
63 18
63 24
63 27
63 28
63 29
63 30
63 31
63 32
63 33
63 35
63 37
63 44
63 47
63 48
63 50
63 51
63 52
63 53
63 54
63 55
63 56
63 57
63 58
63 64
63 65
63 67
63 71
63 77
63 78
63 79
63 87
63 88
63 91
63 92
63 93
63 94
63 95
63 96
63 97
63 98
64 5
64 6
64 8
64 10
64 12
64 14
64 15
64 17
64 18
64 26
64 27
64 28
64 29
64 30
64 31
64 32
64 33
64 34
64 36
64 37
64 39
64 45
64 48
64 52
64 67
64 69
64 70
64 72
64 75
64 78
64 86
64 87
64 88
64 90
64 91
64 94
64 95
64 96
64 97
65 6
65 13
65 14
65 17
65 19
65 31
65 33
65 35
65 39
65 48
65 49
65 52
65 54
65 57
65 67
65 68
65 69
65 70
65 71
65 72
65 73
65 77
65 79
65 86
65 89
65 93
65 95
65 96
65 99
66 10
66 11
66 27
66 32
66 34
66 68
66 75
66 88
66 91
66 98
67 8
67 13
67 14
67 15
67 17
67 18
67 19
67 30
67 31
67 33
67 37
67 39
67 50
67 54
67 56
67 57
67 59
67 70
67 72
67 75
67 77
67 78
67 79
67 90
67 91
67 92
67 93
67 94
67 96
67 97
67 99
68 13
68 32
68 35
68 52
68 73
68 92
68 93
68 99
69 10
69 11
69 12
69 13
69 14
69 15
69 16
69 17
69 18
69 19
69 30
69 32
69 33
69 34
69 35
69 36
69 37
69 38
69 39
69 50
69 51
69 52
69 53
69 54
69 55
69 56
69 57
69 58
69 59
69 70
69 71
69 72
69 73
69 74
69 75
69 76
69 77
69 78
69 79
69 90
69 91
69 92
69 93
69 94
69 95
69 96
69 97
69 98
69 99
70 11
70 12
70 13
70 14
70 15
70 16
70 17
70 18
70 31
70 32
70 33
70 34
70 35
70 36
70 38
70 39
70 51
70 52
70 53
70 54
70 56
70 57
70 58
70 71
70 72
70 73
70 74
70 75
70 76
70 77
70 78
70 79
70 91
70 92
70 93
70 94
70 95
70 96
70 97
70 98
70 99
71 12
71 13
71 14
71 15
71 16
71 17
71 18
71 32
71 33
71 35
71 37
71 38
71 39
71 52
71 53
71 54
71 55
71 57
71 58
71 59
71 73
71 74
71 76
71 77
71 78
71 92
71 93
71 95
71 96
71 97
71 98
71 99
72 53
72 78
72 95
73 14
73 19
73 36
73 37
73 57
73 78
73 79
73 99
74 75
74 79
74 98
75 19
75 58
75 97
76 17
76 18
76 19
76 38
76 39
76 58
76 59
76 77
76 79
76 98
76 99
77 18
77 19
77 38
77 39
77 58
77 59
77 78
77 79
77 99
78 59
78 79
78 99
80 1
80 2
80 3
80 4
80 5
80 6
80 7
80 8
80 10
80 11
80 12
80 13
80 14
80 15
80 17
80 18
80 19
80 21
80 22
80 23
80 24
80 25
80 26
80 27
80 28
80 29
80 30
80 31
80 32
80 33
80 34
80 36
80 37
80 38
80 41
80 42
80 43
80 44
80 45
80 46
80 47
80 48
80 49
80 50
80 51
80 52
80 53
80 54
80 55
80 56
80 57
80 58
80 59
80 61
80 62
80 63
80 64
80 65
80 66
80 68
80 69
80 70
80 71
80 72
80 73
80 74
80 75
80 76
80 77
80 78
80 79
80 81
80 82
80 83
80 84
80 85
80 86
80 87
80 88
80 89
80 90
80 91
80 92
80 93
80 94
80 96
80 97
80 98
80 99
81 3
81 8
81 9
81 10
81 11
81 12
81 13
81 14
81 15
81 22
81 25
81 26
81 28
81 30
81 35
81 37
81 38
81 48
81 49
81 50
81 51
81 52
81 53
81 54
81 57
81 63
81 66
81 67
81 69
81 72
81 73
81 77
81 79
81 83
81 84
81 85
81 86
81 89
81 90
82 3
82 4
82 5
82 6
82 7
82 8
82 9
82 11
82 12
82 13
82 14
82 15
82 16
82 17
82 18
82 19
82 24
82 25
82 26
82 27
82 28
82 29
82 30
82 31
82 32
82 33
82 34
82 35
82 36
82 38
82 39
82 44
82 45
82 46
82 47
82 48
82 50
82 52
82 55
82 56
82 57
82 58
82 59
82 63
82 64
82 65
82 66
82 67
82 69
82 70
82 71
82 74
82 75
82 76
82 77
82 78
82 79
82 83
82 86
82 88
82 89
82 93
82 94
82 95
82 97
82 98
82 99
83 65
83 97
84 6
84 19
84 47
84 52
84 55
84 68
84 98
85 7
85 11
85 12
85 13
85 14
85 15
85 16
85 17
85 18
85 19
85 27
85 29
85 30
85 33
85 35
85 36
85 38
85 39
85 46
85 47
85 48
85 49
85 51
85 53
85 54
85 57
85 58
85 66
85 67
85 69
85 70
85 72
85 75
85 76
85 77
85 78
85 79
85 87
85 88
85 89
85 91
85 94
85 95
85 98
85 99
86 7
86 9
86 10
86 11
86 12
86 13
86 14
86 15
86 16
86 17
86 18
86 19
86 27
86 28
86 29
86 31
86 33
86 34
86 37
86 38
86 47
86 48
86 49
86 51
86 52
86 53
86 54
86 56
86 57
86 58
86 59
86 67
86 68
86 69
86 70
86 72
86 73
86 74
86 75
86 77
86 78
86 79
86 87
86 88
86 89
86 91
86 92
86 93
86 94
86 95
86 96
86 97
86 98
86 99
87 11
87 31
87 49
87 54
87 69
87 77
87 90
87 95
88 10
88 16
88 17
88 29
88 30
88 33
88 39
88 54
88 57
88 69
88 75
88 76
88 89
89 10
89 11
89 12
89 13
89 15
89 16
89 19
89 30
89 31
89 33
89 34
89 35
89 36
89 37
89 38
89 50
89 51
89 52
89 55
89 56
89 57
89 58
89 59
89 70
89 71
89 72
89 73
89 74
89 75
89 77
89 78
89 79
89 91
89 92
89 93
89 96
89 97
89 98
89 99
90 11
90 17
90 77
90 95
90 96
91 14
91 15
91 16
91 32
91 35
91 53
91 58
91 77
91 79
91 92
92 14
92 16
92 18
92 35
92 37
92 39
92 53
92 54
92 76
92 78
92 79
92 94
92 95
92 96
92 97
92 98
92 99
93 35
94 95
95 16
95 18
95 37
95 57
95 59
95 76
95 97
95 99
96 18
96 19
96 37
96 38
96 39
96 57
96 58
96 59
96 77
96 78
96 79
96 97
96 98
96 99
97 19
97 38
97 58
97 78
97 99
98 59
98 99
