100
0 200 3.5
1 200 3.5
2 200 3.5
3 200 3.5
4 200 3.5
5 200 3.5
6 200 3.5
7 200 3.5
8 200 3.5
9 200 3.5
10 200 3.6
11 200 3.6
12 200 3.6
13 200 3.6
14 200 3.6
15 200 3.6
16 200 3.6
17 200 3.6
18 200 3.6
19 200 3.6
20 200 4.1
21 200 4.1
22 200 4.1
23 200 4.1
24 200 4.1
25 200 4.1
26 200 4.1
27 200 4.1
28 200 4.1
29 200 4.1
30 200 3.1
31 200 3.1
32 200 3.1
33 200 3.1
34 200 3.1
35 200 3.1
36 200 3.1
37 200 3.1
38 200 3.1
39 200 3.1
40 200 3.8
41 200 3.8
42 200 3.8
43 200 3.8
44 200 3.8
45 200 3.8
46 200 3.8
47 200 3.8
48 200 3.8
49 200 3.8
50 200 2.9
51 200 2.9
52 200 2.9
53 200 2.9
54 200 2.9
55 200 2.9
56 200 2.9
57 200 2.9
58 200 2.9
59 200 2.9
60 200 4
61 200 4
62 200 4
63 200 4
64 200 4
65 200 4
66 200 4
67 200 4
68 200 4
69 200 4
70 200 3.3
71 200 3.3
72 200 3.3
73 200 3.3
74 200 3.3
75 200 3.3
76 200 3.3
77 200 3.3
78 200 3.3
79 200 3.3
80 200 3.2
81 200 3.2
82 200 3.2
83 200 3.2
84 200 3.2
85 200 3.2
86 200 3.2
87 200 3.2
88 200 3.2
89 200 3.2
90 200 3.6
91 200 3.6
92 200 3.6
93 200 3.6
94 200 3.6
95 200 3.6
96 200 3.6
97 200 3.6
98 200 3.6
99 200 3.6
0 1
0 2
0 3
0 4
0 6
0 8
0 11
0 12
0 13
0 14
0 16
0 17
0 18
0 21
0 22
0 24
0 25
0 27
0 29
0 33
0 35
0 36
0 39
0 41
0 42
0 43
0 44
0 45
0 46
0 47
0 48
0 49
0 51
0 52
0 53
0 54
0 55
0 56
0 58
0 61
0 62
0 64
0 65
0 66
0 67
0 68
0 69
0 71
0 73
0 74
0 75
0 77
0 79
0 81
0 82
0 83
0 84
0 85
0 86
0 88
0 91
0 92
0 93
0 94
0 95
0 96
0 99
1 3
1 19
1 28
1 33
1 66
1 74
1 76
1 84
1 99
2 3
2 4
2 7
2 8
2 9
2 13
2 15
2 19
2 23
2 24
2 25
2 27
2 28
2 29
2 34
2 35
2 36
2 37
2 38
2 39
2 43
2 44
2 47
2 48
2 49
2 53
2 54
2 57
2 58
2 63
2 65
2 67
2 68
2 69
2 74
2 76
2 77
2 78
2 84
2 87
2 94
2 95
2 96
2 97
2 98
2 99
3 9
3 15
3 26
3 27
3 28
3 29
3 34
3 35
3 36
3 37
3 38
3 39
3 46
3 49
3 55
3 57
3 65
3 66
3 69
3 74
3 75
3 76
3 79
3 84
3 85
3 86
3 88
3 89
3 94
3 99
4 5
4 6
4 7
4 8
4 9
4 16
4 17
4 18
4 19
4 25
4 27
4 28
4 36
4 38
4 39
4 46
4 48
4 49
4 55
4 59
4 66
4 68
4 69
4 77
4 78
4 79
4 86
4 87
4 88
4 89
4 95
4 96
4 98
4 99
5 9
5 18
5 37
5 38
5 49
5 56
5 57
5 67
5 68
5 76
5 79
5 86
5 87
5 88
5 97
5 98
6 7
6 8
6 9
6 17
6 19
6 38
6 39
6 47
6 48
6 57
6 58
6 59
6 69
6 77
6 78
6 87
6 88
6 89
6 97
6 99
7 38
7 49
7 68
7 69
8 9
8 19
8 29
8 49
8 59
8 69
8 79
8 89
8 99
10 7
10 16
10 22
10 28
10 29
10 41
10 46
10 51
10 57
10 61
10 71
10 73
10 76
10 79
10 81
10 95
10 97
11 4
11 5
11 6
11 15
11 17
11 37
11 42
11 48
11 52
11 54
11 73
11 79
11 82
11 96
12 4
12 5
12 6
12 7
12 8
12 14
12 15
12 16
12 17
12 19
12 23
12 24
12 27
12 28
12 29
12 33
12 34
12 35
12 36
12 37
12 39
12 43
12 44
12 45
12 46
12 47
12 49
12 55
12 57
12 58
12 59
12 66
12 67
12 68
12 73
12 74
12 75
12 76
12 77
12 78
12 83
12 84
12 85
12 86
12 87
12 93
12 96
12 97
12 98
13 9
13 14
13 16
13 67
13 68
14 5
14 7
14 9
14 19
14 26
14 27
14 29
14 35
14 39
14 46
14 47
14 48
14 55
14 56
14 58
14 59
14 65
14 66
14 67
14 78
14 85
14 89
14 97
14 98
15 6
15 7
15 9
15 18
15 36
15 38
15 46
15 47
15 48
15 56
15 66
15 76
15 77
15 88
15 99
16 8
16 17
16 28
16 38
16 48
16 59
16 67
16 78
16 79
16 87
16 97
17 19
17 28
17 39
17 49
17 59
17 68
17 79
17 88
17 89
17 98
18 29
18 39
20 1
20 2
20 3
20 8
20 13
20 15
20 17
20 19
20 21
20 22
20 23
20 24
20 25
20 26
20 27
20 28
20 29
20 32
20 34
20 36
20 37
20 39
20 41
20 43
20 44
20 45
20 47
20 48
20 51
20 52
20 56
20 57
20 58
20 61
20 62
20 63
20 65
20 67
20 68
20 71
20 72
20 73
20 76
20 78
20 79
20 82
20 84
20 85
20 87
20 89
20 91
20 92
20 98
20 99
21 5
21 6
21 7
21 9
21 12
21 13
21 16
21 17
21 22
21 23
21 24
21 29
21 33
21 34
21 44
21 52
21 53
21 54
21 55
21 62
21 66
21 69
21 73
21 79
21 83
21 84
21 85
21 87
21 89
21 92
21 94
21 96
22 3
22 6
22 15
22 18
22 27
22 34
22 38
22 43
22 48
22 55
22 63
22 64
22 74
22 75
22 78
22 84
22 86
22 87
22 88
22 94
22 95
23 86
24 5
24 6
24 7
24 9
24 16
24 17
24 18
24 19
24 25
24 28
24 35
24 37
24 39
24 45
24 47
24 48
24 65
24 66
24 67
24 75
24 78
24 85
24 88
24 89
24 95
24 97
24 99
25 6
25 8
25 9
25 16
25 17
25 18
25 19
25 26
25 27
25 28
25 29
25 36
25 37
25 38
25 39
25 46
25 48
25 49
25 56
25 57
25 58
25 59
25 66
25 67
25 68
25 69
25 76
25 77
25 78
25 79
25 86
25 87
25 89
25 96
25 97
25 98
25 99
26 18
26 27
26 28
26 47
26 49
27 9
27 19
27 28
27 29
27 38
27 39
27 48
27 49
27 59
27 68
27 78
27 79
27 88
27 89
27 98
27 99
28 49
28 89
28 99
30 2
30 4
30 5
30 7
30 8
30 9
30 11
30 12
30 13
30 15
30 19
30 22
30 24
30 25
30 27
30 28
30 29
30 32
30 36
30 39
30 41
30 45
30 46
30 49
30 52
30 53
30 54
30 57
30 61
30 63
30 64
30 66
30 67
30 69
30 71
30 72
30 73
30 74
30 75
30 76
30 79
30 82
30 83
30 84
30 85
30 87
30 88
30 89
30 92
30 94
30 95
30 99
31 6
31 8
31 9
31 16
31 17
31 18
31 23
31 24
31 25
31 26
31 27
31 29
31 32
31 34
31 37
31 39
31 43
31 57
31 59
31 65
31 68
31 69
31 79
31 83
31 85
31 88
31 92
31 95
31 96
31 97
32 4
32 6
32 7
32 8
32 9
32 13
32 14
32 16
32 17
32 18
32 19
32 25
32 26
32 27
32 28
32 29
32 33
32 34
32 36
32 37
32 38
32 39
32 43
32 44
32 46
32 47
32 48
32 49
32 53
32 55
32 56
32 57
32 58
32 59
32 64
32 65
32 66
32 67
32 68
32 69
32 73
32 74
32 75
32 77
32 78
32 79
32 83
32 84
32 85
32 87
32 89
32 93
32 94
32 95
32 97
32 98
32 99
33 6
33 7
33 8
33 16
33 18
33 19
33 25
33 26
33 29
33 35
33 45
33 48
33 49
33 55
33 59
33 64
33 65
33 66
33 68
33 69
33 76
33 78
33 87
33 94
33 95
33 97
34 5
34 8
34 15
34 16
34 17
34 18
34 25
34 26
34 27
34 28
34 29
34 35
34 37
34 38
34 39
34 45
34 46
34 47
34 49
34 55
34 56
34 57
34 59
34 65
34 66
34 69
34 79
34 86
34 96
34 97
34 98
34 99
35 6
35 7
35 8
35 9
35 17
35 18
35 26
35 27
35 28
35 29
35 36
35 37
35 38
35 46
35 47
35 49
35 56
35 58
35 59
35 66
35 67
35 68
35 69
35 76
35 77
35 78
35 79
35 86
35 87
35 88
35 96
35 97
35 98
35 99
36 7
36 8
36 9
36 17
36 28
36 29
36 37
36 38
36 58
36 59
36 77
36 78
36 79
36 89
37 99
38 99
40 2
40 4
40 6
40 12
40 29
40 32
40 41
40 42
40 45
40 46
40 55
40 62
40 65
40 67
40 68
40 71
40 74
40 75
40 76
40 77
40 82
40 83
40 89
40 93
40 94
40 95
40 96
40 98
41 2
41 6
41 8
41 12
41 13
41 14
41 15
41 22
41 25
41 29
41 36
41 38
41 44
41 45
41 52
41 53
41 57
41 58
41 59
41 66
41 67
41 68
41 69
41 73
41 83
41 98
42 4
42 5
42 6
42 7
42 8
42 14
42 15
42 16
42 17
42 18
42 19
42 23
42 24
42 27
42 28
42 29
42 33
42 34
42 35
42 36
42 37
42 38
42 39
42 43
42 45
42 46
42 47
42 48
42 49
42 53
42 54
42 55
42 56
42 57
42 58
42 59
42 63
42 64
42 65
42 66
42 68
42 69
42 74
42 75
42 76
42 79
42 83
42 84
42 85
42 86
42 87
42 88
42 89
42 93
42 94
42 95
42 97
42 98
42 99
43 19
43 36
43 46
43 48
43 54
43 74
43 75
43 76
43 77
44 5
44 6
44 7
44 9
44 15
44 16
44 17
44 18
44 19
44 25
44 26
44 27
44 28
44 36
44 37
44 38
44 39
44 45
44 47
44 48
44 49
44 55
44 56
44 57
44 58
44 59
44 65
44 66
44 67
44 68
44 69
44 75
44 76
44 77
44 78
44 79
44 85
44 86
44 88
44 89
44 95
44 96
44 97
44 98
44 99
45 7
45 18
45 56
45 66
46 17
46 98
47 18
47 69
47 78
47 89
47 99
48 19
48 29
48 89
50 1
50 2
50 3
50 4
50 5
50 7
50 8
50 11
50 12
50 13
50 15
50 16
50 19
50 22
50 23
50 26
50 27
50 32
50 34
50 37
50 42
50 43
50 45
50 51
50 53
50 55
50 56
50 57
50 58
50 64
50 69
50 71
50 79
50 83
50 85
50 96
50 99
51 6
51 7
51 9
51 12
51 13
51 14
51 16
51 17
51 19
51 22
51 23
51 24
51 25
51 27
51 29
51 32
51 33
51 34
51 35
51 36
51 38
51 42
51 43
51 46
51 48
51 49
51 53
51 57
51 58
51 62
51 68
51 76
51 77
51 79
51 83
51 84
51 88
51 89
51 92
51 93
51 95
51 96
51 97
51 98
52 4
52 7
52 8
52 14
52 15
52 23
52 24
52 25
52 26
52 28
52 29
52 33
52 34
52 35
52 36
52 38
52 39
52 43
52 45
52 46
52 47
52 48
52 49
52 53
52 56
52 59
52 64
52 65
52 66
52 67
52 69
52 73
52 76
52 78
52 89
52 93
52 97
52 98
52 99
53 5
53 7
53 15
53 17
53 18
53 24
53 27
53 28
53 35
53 36
53 38
53 39
53 65
53 84
53 88
53 97
54 29
54 49
54 55
55 16
55 18
55 26
55 27
55 29
55 38
55 46
55 49
55 56
55 59
55 66
55 68
55 69
55 77
55 78
55 86
55 87
55 88
55 89
55 97
55 98
56 8
56 9
56 18
56 19
56 27
56 29
56 37
56 38
56 39
56 47
56 48
56 49
56 58
56 59
56 67
56 68
56 69
56 77
56 78
56 79
56 87
56 89
56 97
56 98
56 99
57 39
57 48
58 79
60 2
60 4
60 5
60 6
60 7
60 9
60 11
60 12
60 14
60 15
60 17
60 18
60 21
60 22
60 24
60 25
60 26
60 27
60 29
60 32
60 33
60 34
60 38
60 39
60 41
60 42
60 43
60 44
60 45
60 46
60 47
60 48
60 49
60 52
60 53
60 55
60 57
60 58
60 61
60 62
60 63
60 64
60 65
60 66
60 67
60 71
60 72
60 73
60 75
60 76
60 77
60 78
60 79
60 81
60 82
60 84
60 85
60 86
60 91
60 92
60 93
60 94
60 95
60 96
60 97
60 98
61 2
61 3
61 5
61 8
61 9
61 13
61 15
61 17
61 18
61 23
61 24
61 26
61 27
61 28
61 33
61 35
61 36
61 38
61 43
61 44
61 49
61 53
61 54
61 56
61 59
61 63
61 64
61 65
61 66
61 68
61 76
61 77
61 79
61 87
61 88
61 92
61 97
61 98
62 4
62 6
62 9
62 13
62 15
62 16
62 17
62 18
62 19
62 23
62 24
62 25
62 26
62 27
62 29
62 33
62 35
62 36
62 37
62 38
62 39
62 43
62 44
62 45
62 46
62 47
62 48
62 49
62 54
62 57
62 58
62 59
62 63
62 64
62 67
62 68
62 69
62 73
62 76
62 78
62 79
62 83
62 84
62 86
62 87
62 93
62 94
62 95
62 96
62 97
62 98
62 99
63 4
63 5
63 6
63 7
63 8
63 9
63 14
63 15
63 16
63 17
63 18
63 19
63 24
63 25
63 26
63 27
63 28
63 29
63 34
63 35
63 36
63 37
63 38
63 44
63 46
63 47
63 48
63 49
63 54
63 55
63 56
63 57
63 58
63 59
63 64
63 65
63 66
63 67
63 68
63 69
63 74
63 75
63 76
63 77
63 78
63 79
63 85
63 86
63 87
63 88
63 89
63 94
63 96
63 97
63 98
63 99
64 5
64 6
64 7
64 8
64 9
64 17
64 19
64 25
64 27
64 28
64 35
64 36
64 38
64 39
64 45
64 46
64 47
64 48
64 49
64 55
64 56
64 57
64 58
64 65
64 66
64 67
64 69
64 75
64 76
64 77
64 78
64 79
64 86
64 88
64 89
64 95
64 96
64 97
64 98
64 99
65 6
65 7
65 8
65 9
65 17
65 18
65 19
65 26
65 27
65 28
65 36
65 37
65 38
65 39
65 46
65 47
65 48
65 49
65 57
65 58
65 59
65 67
65 68
65 69
65 76
65 86
65 88
65 89
65 96
65 97
65 98
65 99
66 7
66 8
66 17
66 18
66 27
66 28
66 37
66 38
66 39
66 57
66 58
66 68
66 69
66 87
66 89
66 98
67 9
67 18
67 28
67 29
67 59
67 68
67 79
67 89
67 98
68 29
68 39
70 1
70 3
70 5
70 6
70 7
70 11
70 12
70 13
70 15
70 16
70 18
70 19
70 22
70 24
70 25
70 28
70 29
70 33
70 36
70 37
70 38
70 43
70 44
70 45
70 48
70 51
70 52
70 58
70 59
70 62
70 63
70 64
70 71
70 72
70 73
70 74
70 75
70 78
70 79
70 81
70 85
70 86
70 88
70 92
70 94
70 95
70 96
71 3
71 4
71 9
71 14
71 16
71 18
71 26
71 28
71 32
71 33
71 36
71 38
71 39
71 42
71 45
71 52
71 54
71 55
71 56
71 66
71 68
71 73
71 74
71 75
71 82
71 86
71 92
71 96
71 98
71 99
72 3
72 6
72 15
72 16
72 17
72 19
72 35
72 38
72 48
72 54
72 65
72 66
72 79
72 84
72 85
72 86
73 4
73 6
73 9
73 14
73 19
73 24
73 25
73 27
73 28
73 35
73 38
73 45
73 46
73 47
73 54
73 56
73 64
73 66
73 75
73 76
73 77
73 78
73 86
73 88
73 96
73 98
74 8
74 18
74 19
74 39
74 45
74 46
74 49
74 77
74 96
74 99
75 19
75 26
75 38
76 17
76 27
76 49
76 69
76 79
77 8
77 29
77 68
77 79
78 49
78 59
78 79
78 99
80 1
80 2
80 8
80 12
80 13
80 25
80 28
80 29
80 33
80 34
80 36
80 37
80 38
80 39
80 43
80 45
80 47
80 52
80 54
80 56
80 57
80 58
80 63
80 64
80 65
80 66
80 67
80 71
80 72
80 74
80 76
80 78
80 84
80 85
80 87
80 91
80 96
80 98
80 99
81 3
81 5
81 7
81 13
81 14
81 15
81 16
81 17
81 18
81 23
81 28
81 29
81 36
81 38
81 42
81 43
81 44
81 45
81 49
81 53
81 55
81 56
81 58
81 63
81 64
81 68
81 69
81 73
81 74
81 75
81 79
81 82
81 83
81 84
81 86
81 87
81 93
81 94
81 95
81 96
82 4
82 7
82 8
82 14
82 15
82 16
82 18
82 19
82 24
82 25
82 28
82 29
82 38
82 39
82 43
82 49
82 53
82 55
82 56
82 58
82 65
82 66
82 67
82 75
82 78
82 88
82 89
82 93
82 94
82 97
83 4
83 5
83 6
83 7
83 8
83 9
83 14
83 15
83 16
83 17
83 18
83 19
83 24
83 25
83 26
83 27
83 28
83 29
83 34
83 35
83 36
83 37
83 38
83 39
83 44
83 45
83 46
83 47
83 48
83 49
83 54
83 55
83 56
83 57
83 58
83 59
83 64
83 65
83 66
83 67
83 68
83 69
83 74
83 75
83 76
83 77
83 78
83 79
83 84
83 85
83 86
83 87
83 88
83 94
83 95
83 96
83 97
83 98
83 99
84 6
84 7
84 9
84 18
84 19
84 25
84 26
84 35
84 37
84 45
84 46
84 47
84 48
84 55
84 56
84 57
84 58
84 67
84 68
84 75
84 76
84 77
84 78
84 85
84 86
84 87
84 88
84 97
84 99
85 7
85 8
85 18
85 36
85 37
85 39
85 46
85 47
85 48
85 49
85 57
85 58
85 59
85 66
85 68
85 77
85 78
85 79
85 86
85 88
85 97
85 98
85 99
86 28
86 67
86 88
86 99
87 9
87 19
87 48
87 49
87 59
87 69
87 79
87 88
88 9
88 29
88 49
88 59
88 69
88 79
88 99
90 1
90 2
90 23
90 26
90 27
90 33
90 39
90 61
90 65
90 66
90 74
90 77
90 87
90 93
90 98
91 2
91 5
91 6
91 7
91 13
91 15
91 17
91 33
91 35
91 37
91 44
91 45
91 46
91 53
91 54
91 58
91 63
91 64
91 65
91 66
91 67
91 68
91 69
91 74
91 76
91 77
91 78
91 89
91 93
91 95
91 98
92 7
92 8
92 9
92 14
92 15
92 19
92 24
92 25
92 26
92 28
92 29
92 33
92 34
92 35
92 37
92 38
92 44
92 45
92 47
92 48
92 49
92 54
92 55
92 56
92 65
92 67
92 69
92 74
92 75
92 77
92 78
92 83
92 84
92 88
92 89
92 93
92 96
92 97
92 99
93 8
93 9
93 66
93 67
93 69
94 5
94 7
94 16
94 17
94 25
94 27
94 28
94 29
94 35
94 36
94 37
94 38
94 39
94 45
94 47
94 48
94 49
94 55
94 58
94 59
94 65
94 67
94 69
94 76
94 77
94 78
94 86
94 87
94 88
94 89
94 95
94 96
95 6
95 7
95 9
95 16
95 17
95 18
95 19
95 26
95 27
95 29
95 36
95 37
95 38
95 46
95 47
95 49
95 56
95 57
95 58
95 59
95 66
95 76
95 77
95 79
95 87
95 88
95 89
95 96
95 97
95 98
95 99
96 8
96 9
96 17
96 18
96 19
96 27
96 28
96 29
96 37
96 38
96 39
96 47
96 48
96 49
96 57
96 58
96 67
96 69
96 77
96 78
96 79
96 87
96 88
96 89
96 97
96 98
96 99
97 8
97 9
97 18
97 19
97 28
97 29
97 38
97 39
97 48
97 58
97 59
97 68
97 69
97 78
97 79
97 89
97 98
98 9
98 19
98 29
98 39
98 49
98 59
98 69
98 79
98 89
