100
0 1000 3.2
1 1000 3.2
2 1000 2.9
3 1000 2.9
4 1000 3.7
5 1000 3.7
6 1000 3.8
7 1000 3.8
8 1000 3.4
9 1000 3.4
10 1000 3.8
11 1000 3.8
12 1000 3.9
13 1000 3.9
14 1000 3.6
15 1000 3.6
16 1000 3
17 1000 3
18 1000 3.5
19 1000 3.5
20 1000 3.5
21 1000 3.5
22 1000 2.9
23 1000 2.9
24 1000 3.8
25 1000 3.8
26 1000 3.4
27 1000 3.4
28 1000 3.1
29 1000 3.1
30 1000 3.6
31 1000 3.6
32 1000 3.7
33 1000 3.7
34 1000 3
35 1000 3
36 1000 2.8
37 1000 2.8
38 1000 2.9
39 1000 2.9
40 1000 3.8
41 1000 3.8
42 1000 3.7
43 1000 3.7
44 1000 3.3
45 1000 3.3
46 1000 2.8
47 1000 2.8
48 1000 3.8
49 1000 3.8
50 1000 3.6
51 1000 3.6
52 1000 3.2
53 1000 3.2
54 1000 3.7
55 1000 3.7
56 1000 2.9
57 1000 2.9
58 1000 3.2
59 1000 3.2
60 1000 3.1
61 1000 3.1
62 1000 3.7
63 1000 3.7
64 1000 2.9
65 1000 2.9
66 1000 3.5
67 1000 3.5
68 1000 3.4
69 1000 3.4
70 1000 3.6
71 1000 3.6
72 1000 3.2
73 1000 3.2
74 1000 3.3
75 1000 3.3
76 1000 2.9
77 1000 2.9
78 90 2.8
79 90 2.8
80 90 2.8
81 90 2.8
82 90 2.8
83 90 2.8
84 90 2.8
85 90 2.8
86 90 2.8
87 90 2.8
88 90 2.8
89 90 2.8
90 90 2.8
91 90 2.8
92 90 2.8
93 90 2.8
94 90 2.8
95 90 2.8
96 90 2.8
97 90 2.8
98 90 2.8
99 110 2.8
0 9
0 13
0 15
0 19
0 21
0 25
0 31
0 43
0 49
0 51
0 57
0 65
0 69
0 75
0 77
0 91
0 92
0 95
0 96
2 3
2 5
2 9
2 13
2 15
2 21
2 29
2 35
2 39
2 45
2 47
2 49
2 51
2 55
2 63
2 65
2 69
2 75
2 90
2 92
2 95
2 96
4 13
4 21
4 23
4 25
4 27
4 29
4 31
4 33
4 35
4 41
4 43
4 47
4 49
4 63
4 67
4 71
4 75
4 90
4 91
4 94
4 95
4 96
4 97
4 98
4 99
6 1
6 7
6 9
6 11
6 13
6 21
6 25
6 27
6 41
6 45
6 49
6 51
6 53
6 55
6 61
6 65
6 67
6 73
6 75
6 77
6 91
6 95
6 97
6 98
6 99
8 7
8 9
8 17
8 19
8 21
8 23
8 27
8 29
8 33
8 39
8 41
8 51
8 53
8 57
8 59
8 61
8 65
8 67
8 71
8 73
8 75
8 77
8 90
8 91
8 92
8 93
8 94
8 95
8 96
8 98
8 99
10 51
12 1
12 7
12 9
12 11
12 13
12 15
12 17
12 21
12 23
12 25
12 31
12 35
12 37
12 39
12 43
12 45
12 47
12 51
12 53
12 57
12 61
12 63
12 65
12 67
12 69
12 71
12 73
12 91
12 93
12 94
12 95
12 96
12 97
12 98
12 99
14 1
14 3
14 5
14 7
14 9
14 13
14 17
14 19
14 21
14 23
14 25
14 27
14 29
14 33
14 35
14 37
14 41
14 43
14 45
14 47
14 49
14 51
14 53
14 57
14 61
14 63
14 65
14 67
14 69
14 71
14 75
14 90
14 91
14 92
14 93
14 94
14 98
14 99
16 7
16 15
16 19
16 23
16 35
16 49
16 51
16 57
16 59
16 63
16 65
16 67
16 69
16 77
18 1
18 7
18 9
18 17
18 25
18 37
18 41
18 47
18 51
18 53
18 59
18 63
18 69
18 73
18 75
18 94
18 95
18 97
20 3
20 5
20 7
20 11
20 15
20 23
20 31
20 39
20 41
20 43
20 49
20 51
20 57
20 61
20 63
20 65
20 71
20 77
20 90
20 93
20 95
20 99
22 1
22 17
22 55
24 1
24 5
24 7
24 9
24 11
24 13
24 15
24 17
24 19
24 21
24 23
24 25
24 27
24 29
24 31
24 33
24 35
24 37
24 39
24 43
24 47
24 49
24 51
24 55
24 57
24 59
24 61
24 63
24 67
24 69
24 71
24 73
24 75
24 90
24 91
24 92
24 93
24 94
24 96
24 97
24 99
26 1
26 3
26 5
26 13
26 17
26 25
26 31
26 41
26 43
26 45
26 49
26 53
26 55
26 57
26 65
26 67
26 77
26 91
26 92
26 93
26 95
26 97
26 98
28 1
28 3
28 5
28 7
28 9
28 11
28 17
28 19
28 25
28 27
28 31
28 33
28 35
28 37
28 43
28 47
28 51
28 57
28 59
28 61
28 63
28 65
28 67
28 73
28 77
28 90
28 91
28 92
28 94
28 95
28 96
28 97
30 1
30 5
30 7
30 11
30 13
30 15
30 17
30 19
30 21
30 23
30 27
30 29
30 31
30 33
30 35
30 37
30 39
30 41
30 43
30 45
30 47
30 49
30 51
30 53
30 55
30 57
30 59
30 61
30 63
30 65
30 67
30 69
30 71
30 73
30 75
30 90
30 91
30 92
30 93
30 94
30 95
30 96
30 97
30 99
32 1
32 3
32 5
32 7
32 9
32 11
32 13
32 15
32 21
32 29
32 31
32 33
32 35
32 37
32 39
32 41
32 43
32 45
32 47
32 49
32 53
32 55
32 57
32 59
32 61
32 63
32 65
32 67
32 69
32 71
32 73
32 75
32 77
32 90
32 91
32 92
32 94
32 95
32 96
32 97
32 98
34 3
34 5
34 25
34 27
34 29
34 33
34 39
34 43
34 45
34 51
34 59
34 61
34 63
34 65
36 1
36 9
36 11
36 13
36 15
36 17
36 23
36 25
36 27
36 29
36 31
36 35
36 37
36 41
36 43
36 45
36 47
36 49
36 51
36 53
36 59
36 61
36 63
36 65
36 67
36 71
36 75
36 90
36 91
36 92
36 94
36 95
36 96
36 97
36 99
38 9
38 13
38 31
38 33
38 35
38 37
38 39
38 43
38 49
38 51
38 53
38 55
38 57
38 59
38 63
38 65
38 94
38 96
38 98
40 1
40 3
40 5
40 7
40 9
40 11
40 13
40 15
40 17
40 19
40 21
40 23
40 25
40 27
40 29
40 31
40 33
40 35
40 37
40 39
40 41
40 43
40 45
40 49
40 51
40 53
40 55
40 59
40 61
40 63
40 65
40 67
40 69
40 71
40 73
40 75
40 77
40 90
40 91
40 92
40 93
40 94
40 95
40 96
40 97
40 98
40 99
42 51
42 53
44 3
44 5
44 7
44 9
44 11
44 13
44 15
44 19
44 21
44 25
44 27
44 31
44 37
44 41
44 43
44 49
44 51
44 53
44 55
44 57
44 59
44 61
44 63
44 77
44 91
44 93
44 94
44 95
44 96
44 97
44 99
46 5
46 7
46 9
46 15
46 19
46 23
46 31
46 33
46 35
46 39
46 41
46 47
46 49
46 53
46 57
46 59
46 61
46 77
46 91
46 92
46 93
46 94
46 95
46 97
46 98
46 99
48 3
48 7
48 11
48 17
48 19
48 27
48 31
48 35
48 37
48 41
48 43
48 45
48 49
48 59
48 61
48 63
48 65
48 69
48 73
48 75
48 77
48 92
48 94
48 95
48 97
50 29
50 33
50 92
52 13
52 15
52 17
52 21
52 23
52 25
52 27
52 43
52 45
52 49
52 53
52 59
52 65
52 67
52 75
52 93
52 94
52 95
54 1
54 7
54 33
54 51
54 93
54 98
56 7
56 17
56 23
56 25
56 41
56 57
56 63
56 73
56 92
56 93
58 1
58 3
58 7
58 9
58 11
58 15
58 17
58 19
58 21
58 23
58 27
58 29
58 31
58 33
58 35
58 37
58 39
58 41
58 43
58 45
58 47
58 49
58 51
58 53
58 57
58 59
58 61
58 63
58 67
58 69
58 73
58 75
58 77
58 92
58 93
58 94
58 95
58 96
58 97
58 98
58 99
60 1
60 3
60 5
60 7
60 11
60 13
60 17
60 19
60 25
60 27
60 29
60 31
60 33
60 35
60 37
60 39
60 41
60 49
60 51
60 53
60 55
60 57
60 59
60 61
60 63
60 65
60 67
60 71
60 75
60 77
60 90
60 92
60 93
60 95
60 97
60 99
62 3
62 7
62 11
62 13
62 15
62 19
62 21
62 23
62 25
62 29
62 33
62 35
62 37
62 39
62 43
62 45
62 47
62 51
62 53
62 59
62 61
62 63
62 67
62 69
62 71
62 73
62 75
62 77
62 90
62 92
62 93
62 95
62 96
62 98
64 3
64 13
64 21
64 23
64 53
64 55
64 57
64 69
64 73
64 77
64 90
64 95
66 1
66 3
66 11
66 15
66 17
66 21
66 25
66 27
66 33
66 35
66 37
66 39
66 49
66 53
66 59
66 61
66 63
66 69
66 77
66 90
66 91
66 93
66 94
66 97
68 1
68 5
68 7
68 9
68 11
68 13
68 15
68 17
68 19
68 23
68 25
68 27
68 29
68 39
68 41
68 43
68 45
68 49
68 53
68 61
68 63
68 65
68 67
68 71
68 73
68 90
68 91
68 92
68 95
68 96
68 98
70 3
70 5
70 9
70 13
70 15
70 19
70 21
70 23
70 25
70 27
70 29
70 35
70 39
70 41
70 45
70 47
70 49
70 55
70 57
70 61
70 63
70 65
70 67
70 69
70 71
70 73
70 75
70 77
70 90
70 91
70 93
70 94
70 95
70 96
70 97
70 98
70 99
72 1
72 3
72 5
72 7
72 9
72 11
72 13
72 15
72 17
72 21
72 23
72 25
72 27
72 29
72 31
72 33
72 35
72 37
72 39
72 43
72 45
72 47
72 49
72 53
72 55
72 57
72 59
72 61
72 63
72 67
72 71
72 73
72 75
72 90
72 91
72 92
72 94
72 95
72 96
72 97
72 98
72 99
74 11
74 29
74 31
74 47
74 61
74 63
74 98
76 3
76 13
76 17
76 19
76 27
76 39
76 51
76 59
76 61
76 75
76 95
78 1
78 5
78 7
78 9
78 11
78 13
78 21
78 23
78 25
78 27
78 31
78 37
78 39
78 45
78 49
78 51
78 55
78 59
78 61
78 65
78 67
78 71
78 75
78 77
78 81
78 82
78 83
78 84
78 85
78 86
78 87
78 88
78 89
78 93
78 96
78 98
78 99
79 9
79 33
79 43
79 71
79 75
79 80
79 83
79 90
79 93
79 95
80 1
80 7
80 9
80 11
80 13
80 15
80 17
80 21
80 25
80 27
80 29
80 31
80 35
80 37
80 39
80 41
80 43
80 45
80 47
80 49
80 51
80 53
80 55
80 57
80 59
80 61
80 63
80 65
80 67
80 69
80 71
80 75
80 81
80 82
80 83
80 85
80 86
80 87
80 88
80 89
80 90
80 91
80 92
80 93
80 94
80 95
80 96
80 97
80 98
80 99
81 1
81 5
81 7
81 11
81 13
81 15
81 25
81 27
81 29
81 35
81 39
81 41
81 43
81 45
81 49
81 51
81 53
81 55
81 57
81 59
81 65
81 69
81 71
81 73
81 77
81 83
81 85
81 86
81 88
81 89
81 90
81 91
81 92
81 93
81 94
81 95
81 98
81 99
82 1
82 7
82 15
82 19
82 49
82 51
82 57
82 61
82 65
82 71
82 77
82 91
82 94
83 1
83 3
83 23
83 25
83 27
83 29
83 31
83 37
83 39
83 47
83 51
83 53
83 61
83 73
83 75
83 86
83 93
83 94
83 95
83 97
83 98
84 1
84 3
84 11
84 15
84 21
84 25
84 27
84 39
84 45
84 47
84 49
84 51
84 53
84 55
84 63
84 69
84 71
84 73
84 75
84 88
84 89
84 90
84 92
84 97
84 98
85 3
85 9
85 15
85 17
85 21
85 23
85 25
85 29
85 31
85 33
85 35
85 37
85 39
85 41
85 43
85 49
85 51
85 53
85 55
85 57
85 63
85 65
85 67
85 69
85 71
85 75
85 77
85 87
85 89
85 90
85 91
85 94
85 95
85 96
85 97
85 98
85 99
86 7
86 25
86 35
86 37
86 39
86 41
86 43
86 59
86 61
86 73
86 75
86 87
86 92
86 96
86 97
86 99
87 5
87 13
87 17
87 25
87 41
87 43
87 47
87 69
87 77
87 93
87 95
87 99
88 17
88 23
88 25
88 29
88 31
88 37
88 39
88 43
88 45
88 47
88 61
88 71
88 91
88 92
88 94
88 95
88 98
89 91
89 92
89 93
89 96
89 97
89 98
90 91
90 93
90 94
90 97
91 96
92 93
92 94
92 95
92 96
92 97
92 98
93 96
93 98
93 99
94 97
95 97
96 97
97 99
98 99
