100
0 60 3.8
1 60 3.8
2 60 3.8
3 60 3.8
4 60 3.8
5 60 3.8
6 60 3.8
7 60 3.8
8 60 3.8
9 60 3.8
10 60 3.8
11 60 3.8
12 60 3.8
13 60 3.8
14 60 3.8
15 60 3.8
16 60 3.8
17 60 3.8
18 60 3.8
19 60 3.8
20 60 3.8
21 60 3.8
22 60 3.8
23 60 3.8
24 60 3.8
25 60 3.8
26 60 3.8
27 60 3.8
28 60 3.8
29 60 3.8
30 60 3.8
31 60 3.8
32 80 3.8
33 60 3.6
34 60 3.6
35 60 3.6
36 60 3.6
37 60 3.6
38 60 3.6
39 60 3.6
40 60 3.6
41 60 3.6
42 60 3.6
43 60 3.6
44 60 3.6
45 60 3.6
46 60 3.6
47 60 3.6
48 60 3.6
49 60 3.6
50 60 3.6
51 60 3.6
52 60 3.6
53 60 3.6
54 60 3.6
55 60 3.6
56 60 3.6
57 60 3.6
58 60 3.6
59 60 3.6
60 60 3.6
61 60 3.6
62 60 3.6
63 60 3.6
64 60 3.6
65 80 3.6
66 58 2.8
67 58 2.8
68 58 2.8
69 58 2.8
70 58 2.8
71 58 2.8
72 58 2.8
73 58 2.8
74 58 2.8
75 58 2.8
76 58 2.8
77 58 2.8
78 58 2.8
79 58 2.8
80 58 2.8
81 58 2.8
82 58 2.8
83 58 2.8
84 58 2.8
85 58 2.8
86 58 2.8
87 58 2.8
88 58 2.8
89 58 2.8
90 58 2.8
91 58 2.8
92 58 2.8
93 58 2.8
94 58 2.8
95 58 2.8
96 58 2.8
97 58 2.8
98 58 2.8
99 86 2.8
0 11
0 12
0 13
0 20
0 21
0 24
0 35
0 43
0 44
0 45
0 46
0 53
0 61
0 68
0 69
0 70
0 75
0 77
0 79
0 82
0 84
0 85
0 86
0 88
0 89
0 90
0 98
0 99
1 2
1 5
1 7
1 9
1 10
1 11
1 12
1 13
1 15
1 16
1 17
1 18
1 19
1 20
1 21
1 22
1 24
1 26
1 28
1 32
1 35
1 36
1 37
1 39
1 41
1 42
1 43
1 45
1 46
1 48
1 49
1 53
1 55
1 59
1 62
1 65
1 74
1 75
1 78
1 80
1 82
1 85
1 86
1 87
1 90
1 91
1 92
1 96
1 99
2 11
2 15
2 16
2 17
2 21
2 31
2 39
2 54
2 60
2 64
2 72
2 78
2 86
2 88
3 6
3 9
3 12
3 14
3 15
3 17
3 19
3 20
3 22
3 25
3 26
3 40
3 42
3 48
3 54
3 56
3 60
3 62
3 63
3 83
3 86
3 88
4 5
4 6
4 8
4 9
4 12
4 13
4 15
4 19
4 20
4 22
4 23
4 24
4 25
4 26
4 27
4 28
4 30
4 31
4 32
4 40
4 41
4 42
4 43
4 44
4 45
4 46
4 47
4 48
4 49
4 51
4 52
4 55
4 60
4 61
4 62
4 63
4 64
4 72
4 73
4 74
4 76
4 77
4 78
4 81
4 82
4 83
4 85
4 86
4 87
4 89
4 90
4 91
4 93
4 94
4 95
4 97
4 99
5 6
5 8
5 9
5 10
5 11
5 12
5 13
5 14
5 15
5 16
5 17
5 18
5 20
5 21
5 22
5 23
5 24
5 25
5 26
5 27
5 28
5 29
5 30
5 31
5 32
5 39
5 40
5 41
5 42
5 43
5 44
5 45
5 46
5 47
5 48
5 49
5 50
5 51
5 52
5 54
5 55
5 56
5 57
5 58
5 59
5 60
5 61
5 62
5 63
5 64
5 65
5 73
5 74
5 75
5 76
5 77
5 78
5 79
5 80
5 81
5 82
5 83
5 84
5 85
5 86
5 87
5 88
5 89
5 90
5 91
5 92
5 93
5 94
5 95
5 96
5 98
5 99
6 8
6 9
6 10
6 11
6 13
6 14
6 15
6 16
6 17
6 18
6 19
6 20
6 22
6 23
6 24
6 25
6 26
6 29
6 30
6 31
6 32
6 40
6 41
6 42
6 43
6 45
6 46
6 47
6 48
6 49
6 50
6 51
6 52
6 53
6 54
6 55
6 56
6 57
6 58
6 59
6 60
6 61
6 63
6 64
6 65
6 74
6 76
6 77
6 78
6 80
6 81
6 82
6 84
6 85
6 86
6 87
6 88
6 89
6 91
6 93
6 94
6 96
6 97
6 98
6 99
7 9
7 10
7 11
7 12
7 13
7 14
7 15
7 17
7 18
7 20
7 23
7 24
7 26
7 27
7 28
7 29
7 30
7 31
7 32
7 45
7 46
7 47
7 48
7 49
7 50
7 51
7 52
7 54
7 55
7 56
7 58
7 59
7 62
7 63
7 64
7 65
7 75
7 77
7 78
7 81
7 84
7 87
7 89
7 91
7 94
7 95
7 98
7 99
8 9
8 12
8 13
8 15
8 16
8 17
8 19
8 20
8 21
8 23
8 27
8 28
8 29
8 31
8 43
8 44
8 45
8 47
8 51
8 52
8 53
8 57
8 60
8 62
8 64
8 65
8 77
8 78
8 79
8 80
8 82
8 83
8 86
8 89
8 91
8 93
8 96
8 97
8 98
8 99
9 10
9 11
9 13
9 14
9 15
9 16
9 19
9 20
9 22
9 25
9 28
9 29
9 30
9 31
9 32
9 43
9 45
9 46
9 49
9 50
9 51
9 53
9 56
9 59
9 61
9 62
9 65
9 77
9 78
9 79
9 82
9 83
9 84
9 85
9 87
9 88
9 89
9 90
9 91
9 95
9 98
9 99
10 11
10 12
10 13
10 14
10 15
10 17
10 18
10 19
10 22
10 23
10 24
10 27
10 28
10 29
10 30
10 44
10 46
10 47
10 50
10 51
10 52
10 53
10 54
10 56
10 57
10 60
10 61
10 62
10 63
10 64
10 78
10 79
10 80
10 81
10 82
10 85
10 86
10 87
10 89
10 90
10 91
10 92
10 93
10 94
10 95
10 96
10 97
10 98
10 99
11 12
11 17
11 21
11 26
11 27
11 51
11 54
11 58
11 83
11 92
11 95
11 99
12 13
12 14
12 16
12 17
12 18
12 19
12 20
12 21
12 22
12 23
12 24
12 25
12 26
12 27
12 29
12 32
12 47
12 48
12 49
12 50
12 51
12 52
12 53
12 55
12 56
12 57
12 58
12 59
12 61
12 62
12 63
12 64
12 65
12 80
12 82
12 83
12 85
12 86
12 87
12 88
12 89
12 90
12 92
12 93
12 95
12 96
12 97
12 98
12 99
13 14
13 15
13 16
13 17
13 18
13 19
13 21
13 22
13 23
13 24
13 25
13 26
13 27
13 28
13 29
13 30
13 31
13 32
13 47
13 48
13 49
13 50
13 51
13 52
13 53
13 54
13 55
13 56
13 57
13 58
13 59
13 60
13 61
13 62
13 63
13 65
13 81
13 82
13 83
13 84
13 86
13 87
13 89
13 90
13 91
13 93
13 94
13 95
13 96
13 97
13 98
13 99
14 16
14 23
15 16
15 17
15 20
15 23
15 27
15 28
15 30
15 52
15 54
15 56
15 58
15 59
15 61
15 83
15 98
15 99
16 21
16 22
16 28
16 51
16 54
16 57
16 60
16 61
16 63
16 85
16 86
16 92
16 96
16 98
16 99
17 22
17 23
17 28
17 31
17 51
17 53
17 54
17 55
17 62
17 85
17 89
17 92
17 93
17 95
17 96
17 99
18 19
18 25
18 26
18 30
18 53
18 59
18 63
18 92
18 94
18 95
18 97
19 20
19 21
19 22
19 23
19 24
19 25
19 26
19 27
19 28
19 29
19 30
19 31
19 32
19 53
19 54
19 55
19 56
19 57
19 58
19 59
19 60
19 61
19 62
19 63
19 64
19 65
19 88
19 89
19 90
19 91
19 92
19 93
19 94
19 95
19 96
19 97
19 98
19 99
20 22
20 23
20 28
20 29
20 30
20 54
20 58
20 59
20 88
20 91
20 96
21 23
21 25
21 26
21 28
21 30
21 32
21 55
21 60
21 63
21 64
21 89
21 90
21 93
21 95
21 96
21 97
21 98
21 99
22 23
22 24
22 25
22 26
22 27
22 29
22 31
22 32
22 57
22 65
22 90
22 92
22 94
22 95
22 97
22 98
22 99
23 25
23 58
23 63
23 65
23 93
23 96
23 99
24 25
24 27
24 29
24 30
24 31
24 32
24 59
24 64
24 92
24 97
24 99
25 26
25 27
25 28
25 30
25 31
25 59
25 61
25 62
25 63
25 64
25 65
25 93
25 94
25 95
25 96
25 97
25 98
26 27
26 60
26 61
26 65
26 94
26 96
26 98
27 29
27 32
27 64
27 95
27 96
27 97
27 98
27 99
28 29
28 30
28 32
28 63
28 64
28 98
29 64
30 31
30 32
30 64
30 99
31 32
33 5
33 10
33 12
33 24
33 34
33 38
33 39
33 51
33 52
33 54
33 60
33 61
33 68
33 74
33 85
33 89
33 91
33 93
33 94
34 26
34 47
34 87
34 99
35 3
35 4
35 5
35 6
35 7
35 8
35 9
35 10
35 11
35 12
35 14
35 15
35 16
35 17
35 18
35 19
35 20
35 21
35 22
35 23
35 24
35 25
35 26
35 27
35 28
35 29
35 30
35 31
35 32
35 36
35 37
35 38
35 39
35 40
35 41
35 42
35 43
35 44
35 45
35 46
35 47
35 48
35 49
35 50
35 51
35 52
35 54
35 55
35 56
35 57
35 58
35 59
35 60
35 61
35 62
35 65
35 70
35 71
35 72
35 73
35 74
35 75
35 76
35 77
35 78
35 79
35 81
35 82
35 83
35 84
35 85
35 87
35 88
35 89
35 90
35 91
35 92
35 93
35 94
35 95
35 96
35 97
35 99
36 6
36 25
36 39
36 44
36 50
36 72
37 88
38 16
38 46
38 61
38 75
38 83
38 88
39 12
39 27
39 45
39 77
39 86
39 92
40 8
40 9
40 11
40 12
40 13
40 14
40 15
40 16
40 17
40 18
40 21
40 22
40 24
40 25
40 26
40 27
40 29
40 30
40 31
40 32
40 42
40 43
40 45
40 46
40 47
40 48
40 49
40 50
40 52
40 53
40 54
40 55
40 57
40 59
40 60
40 61
40 62
40 63
40 64
40 65
40 75
40 76
40 77
40 78
40 79
40 80
40 81
40 82
40 83
40 84
40 86
40 87
40 88
40 90
40 91
40 92
40 94
40 96
40 97
40 98
40 99
41 9
41 10
41 11
41 12
41 13
41 15
41 16
41 18
41 19
41 20
41 22
41 24
41 27
41 28
41 31
41 42
41 46
41 47
41 48
41 51
41 52
41 53
41 54
41 55
41 56
41 59
41 60
41 61
41 65
41 76
41 77
41 78
41 80
41 83
41 86
41 87
41 88
41 90
41 92
41 94
41 95
41 96
41 98
42 12
42 13
42 21
42 44
42 47
42 49
42 52
42 54
42 57
42 59
42 60
42 61
42 65
42 78
42 83
42 85
42 89
42 91
42 92
42 95
42 96
43 16
43 29
43 82
43 90
44 15
44 17
44 19
44 32
44 55
44 56
44 60
44 79
44 82
44 94
44 99
45 16
45 19
45 22
45 25
45 28
45 30
45 55
45 82
45 83
45 86
45 87
45 92
45 94
46 15
46 17
46 21
46 26
46 27
46 28
46 31
46 32
46 47
46 48
46 49
46 52
46 53
46 54
46 56
46 58
46 59
46 62
46 65
46 81
46 83
46 85
46 86
46 87
46 88
46 89
46 92
46 93
46 94
46 95
46 97
46 98
46 99
47 54
47 92
48 16
48 17
48 18
48 19
48 20
48 21
48 22
48 23
48 24
48 26
48 27
48 28
48 29
48 30
48 31
48 32
48 50
48 51
48 52
48 53
48 54
48 55
48 56
48 57
48 59
48 60
48 61
48 62
48 63
48 64
48 65
48 83
48 84
48 85
48 86
48 87
48 88
48 89
48 90
48 91
48 92
48 94
48 95
48 96
48 97
48 98
48 99
49 18
49 19
49 26
49 27
49 28
49 53
49 54
49 57
49 63
49 88
49 93
49 99
50 18
50 22
50 26
50 28
50 52
50 53
50 60
50 63
50 85
50 89
50 91
50 93
51 21
51 24
51 26
51 28
51 30
51 32
51 64
51 87
51 96
51 99
52 23
52 26
52 27
52 53
52 54
52 63
52 87
52 91
52 94
52 97
53 21
53 22
53 23
53 24
53 25
53 26
53 27
53 28
53 29
53 30
53 31
53 32
53 55
53 56
53 57
53 58
53 59
53 60
53 61
53 62
53 63
53 64
53 88
53 89
53 90
53 91
53 92
53 93
53 94
53 95
53 96
53 97
53 98
53 99
54 90
55 24
55 25
55 26
55 27
55 28
55 29
55 31
55 32
55 56
55 57
55 58
55 59
55 60
55 62
55 63
55 65
55 90
55 91
55 92
55 93
55 95
55 96
55 97
55 98
55 99
56 24
56 25
56 26
56 27
56 28
56 29
56 30
56 31
56 32
56 57
56 58
56 59
56 60
56 61
56 62
56 63
56 65
56 91
56 92
56 94
56 95
56 96
56 97
56 98
56 99
57 25
57 26
57 27
57 28
57 29
57 30
57 31
57 32
57 59
57 61
57 97
58 27
58 29
58 32
58 61
58 62
58 63
58 64
58 94
58 95
58 99
59 28
59 29
59 30
59 32
59 61
59 62
59 63
59 65
59 94
59 95
59 96
59 97
59 98
59 99
60 29
60 31
60 62
60 64
60 65
60 99
61 63
61 97
61 98
61 99
62 65
63 31
64 65
66 1
66 2
66 3
66 4
66 5
66 6
66 7
66 8
66 9
66 10
66 11
66 12
66 13
66 14
66 15
66 16
66 17
66 18
66 19
66 20
66 21
66 22
66 23
66 24
66 25
66 26
66 27
66 28
66 29
66 30
66 31
66 32
66 34
66 35
66 36
66 37
66 38
66 39
66 40
66 41
66 42
66 43
66 44
66 45
66 46
66 47
66 48
66 49
66 50
66 51
66 53
66 54
66 55
66 56
66 57
66 58
66 60
66 61
66 62
66 64
66 65
66 67
66 68
66 69
66 70
66 71
66 72
66 73
66 74
66 75
66 76
66 77
66 78
66 79
66 80
66 81
66 82
66 83
66 84
66 85
66 86
66 87
66 88
66 89
66 90
66 91
66 92
66 93
66 95
66 96
66 97
66 98
66 99
67 3
67 4
67 5
67 6
67 7
67 8
67 9
67 10
67 11
67 12
67 13
67 14
67 16
67 17
67 19
67 20
67 21
67 22
67 23
67 24
67 25
67 27
67 28
67 29
67 30
67 31
67 32
67 35
67 36
67 37
67 38
67 40
67 41
67 42
67 44
67 45
67 46
67 48
67 49
67 51
67 52
67 53
67 54
67 55
67 57
67 59
67 61
67 62
67 64
67 68
67 69
67 70
67 71
67 74
67 75
67 76
67 77
67 78
67 79
67 80
67 81
67 83
67 84
67 85
67 87
67 88
67 89
67 90
67 91
67 94
67 95
67 96
67 97
67 99
68 20
68 30
68 38
68 39
68 41
68 43
68 44
68 52
68 55
68 56
68 58
68 64
68 72
68 75
68 84
68 88
68 94
69 9
69 14
69 19
69 21
69 27
69 52
69 53
69 54
69 61
69 70
69 71
69 74
69 88
70 5
70 6
70 7
70 8
70 9
70 10
70 11
70 12
70 13
70 14
70 15
70 16
70 17
70 18
70 19
70 20
70 21
70 24
70 25
70 26
70 27
70 28
70 29
70 30
70 31
70 32
70 38
70 39
70 40
70 41
70 42
70 43
70 44
70 45
70 46
70 48
70 50
70 51
70 52
70 53
70 54
70 55
70 56
70 57
70 58
70 59
70 60
70 61
70 62
70 63
70 64
70 65
70 71
70 72
70 73
70 74
70 75
70 76
70 77
70 78
70 79
70 80
70 81
70 83
70 85
70 86
70 87
70 88
70 90
70 91
70 92
70 94
70 95
70 96
70 97
70 98
70 99
71 6
71 7
71 9
71 12
71 13
71 16
71 17
71 18
71 19
71 20
71 21
71 22
71 23
71 24
71 26
71 27
71 40
71 41
71 44
71 45
71 49
71 50
71 51
71 52
71 56
71 57
71 58
71 60
71 61
71 62
71 63
71 64
71 65
71 73
71 75
71 76
71 77
71 80
71 81
71 82
71 83
71 84
71 85
71 88
71 89
71 90
71 91
71 92
71 94
71 95
71 97
71 98
71 99
72 7
72 8
72 11
72 12
72 13
72 14
72 15
72 16
72 17
72 19
72 20
72 21
72 22
72 23
72 24
72 25
72 26
72 27
72 28
72 29
72 31
72 32
72 40
72 41
72 42
72 43
72 44
72 45
72 46
72 47
72 48
72 49
72 50
72 52
72 53
72 54
72 55
72 56
72 58
72 60
72 61
72 62
72 63
72 64
72 65
72 74
72 75
72 76
72 77
72 78
72 79
72 81
72 82
72 83
72 85
72 86
72 87
72 88
72 89
72 90
72 91
72 92
72 93
72 94
72 95
72 96
72 97
72 98
73 9
73 10
73 11
73 14
73 15
73 16
73 17
73 19
73 21
73 22
73 23
73 25
73 26
73 27
73 28
73 31
73 32
73 41
73 43
73 46
73 48
73 51
73 52
73 54
73 56
73 57
73 58
73 59
73 61
73 62
73 63
73 74
73 76
73 77
73 78
73 80
73 81
73 82
73 84
73 85
73 88
73 89
73 92
73 93
73 94
73 95
73 96
73 97
73 98
73 99
74 9
74 11
74 12
74 13
74 14
74 15
74 16
74 18
74 21
74 22
74 23
74 24
74 25
74 26
74 27
74 28
74 30
74 31
74 42
74 45
74 46
74 47
74 48
74 49
74 50
74 52
74 53
74 54
74 55
74 56
74 59
74 60
74 61
74 62
74 64
74 65
74 75
74 76
74 77
74 78
74 80
74 81
74 82
74 83
74 84
74 85
74 86
74 87
74 88
74 89
74 90
74 91
74 92
74 93
74 94
74 95
74 96
74 97
75 10
75 11
75 12
75 13
75 14
75 16
75 18
75 19
75 20
75 21
75 22
75 23
75 24
75 25
75 27
75 28
75 29
75 30
75 31
75 32
75 43
75 44
75 45
75 46
75 47
75 48
75 49
75 50
75 51
75 52
75 53
75 54
75 55
75 56
75 57
75 60
75 61
75 62
75 63
75 64
75 65
75 76
75 77
75 78
75 79
75 80
75 81
75 82
75 83
75 84
75 85
75 86
75 87
75 88
75 89
75 90
75 91
75 92
75 93
75 94
75 95
75 96
75 98
75 99
76 17
76 19
76 25
76 31
76 44
76 45
76 46
76 47
76 50
76 52
76 53
76 56
76 58
76 59
76 60
76 62
76 64
76 82
76 83
76 87
76 89
76 91
76 96
76 97
77 14
77 15
77 18
77 19
77 20
77 21
77 22
77 23
77 24
77 25
77 26
77 27
77 28
77 45
77 46
77 56
77 58
77 61
77 63
77 64
77 78
77 80
77 81
77 82
77 83
77 85
77 88
77 89
77 90
77 91
77 92
77 93
77 95
77 96
77 97
78 23
78 26
78 27
78 46
78 48
78 50
78 56
78 61
78 63
78 81
78 82
78 83
78 84
78 86
78 88
78 89
78 90
78 91
78 94
78 97
78 98
78 99
79 14
79 16
79 17
79 18
79 21
79 22
79 23
79 24
79 25
79 26
79 27
79 28
79 30
79 48
79 50
79 51
79 53
79 54
79 55
79 57
79 58
79 61
79 63
79 85
79 86
79 89
79 90
79 91
79 93
80 15
80 17
80 21
80 23
80 25
80 26
80 28
80 31
80 51
80 54
80 55
80 56
80 63
80 65
80 81
80 84
80 85
80 86
80 89
80 90
80 92
80 95
81 16
81 17
81 20
81 29
81 93
82 21
82 24
82 27
82 31
82 84
82 88
82 90
82 94
82 99
83 19
83 23
83 27
83 30
83 31
83 32
83 54
83 57
83 60
83 62
83 84
83 93
83 95
83 97
84 20
84 21
84 22
84 24
84 25
84 26
84 27
84 28
84 29
84 30
84 31
84 32
84 53
84 54
84 55
84 56
84 57
84 59
84 60
84 61
84 62
84 63
84 64
84 65
84 85
84 86
84 87
84 88
84 90
84 91
84 92
84 93
84 94
84 95
84 96
84 98
84 99
85 20
85 21
85 22
85 23
85 24
85 25
85 26
85 29
85 31
85 53
85 54
85 55
85 56
85 57
85 60
85 62
85 63
85 65
85 89
85 91
85 92
85 93
85 94
85 96
85 98
86 22
86 23
86 59
86 63
86 89
86 90
86 91
86 92
86 94
86 95
86 96
87 22
87 23
87 24
87 26
87 27
87 28
87 29
87 31
87 32
87 55
87 57
87 58
87 59
87 60
87 61
87 62
87 63
87 65
87 88
87 89
87 90
87 91
87 92
87 93
87 94
87 95
87 96
87 97
87 98
87 99
88 29
88 57
88 93
88 96
89 24
89 26
89 27
89 29
89 30
89 32
89 57
89 58
89 59
89 60
89 62
89 64
89 92
89 93
89 95
89 98
90 25
90 26
90 64
90 94
90 99
91 26
91 27
91 29
91 31
91 61
91 62
91 63
91 64
91 65
91 92
91 95
91 97
91 99
92 29
92 60
92 61
92 93
93 30
93 95
93 97
93 99
94 29
94 30
94 31
94 32
94 62
94 63
94 64
94 95
94 96
94 97
94 99
95 29
95 31
95 32
95 62
95 63
95 96
95 98
96 30
96 31
96 65
96 97
96 98
97 32
97 64
98 65
98 99
