100
0 400 2.8
1 400 2.8
2 400 2.8
3 400 2.8
4 400 2.8
5 400 2.8
6 400 2.8
7 400 2.8
8 400 2.8
9 400 2.8
10 400 2.6
11 400 2.6
12 400 2.6
13 400 2.6
14 400 2.6
15 400 2.8
16 400 2.8
17 400 2.8
18 400 2.8
19 400 2.8
20 400 2.8
21 400 2.8
22 400 2.8
23 400 2.8
24 400 2.8
25 400 2.7
26 400 2.7
27 400 2.7
28 400 2.7
29 400 2.7
30 400 2.6
31 400 2.6
32 400 2.6
33 400 2.6
34 400 2.6
35 400 2.8
36 400 2.8
37 400 2.8
38 400 2.8
39 400 2.8
40 400 2.6
41 400 2.6
42 400 2.6
43 400 2.6
44 400 2.6
45 400 2.7
46 400 2.7
47 400 2.7
48 400 2.7
49 400 2.7
50 400 2.8
51 400 2.8
52 400 2.8
53 400 2.8
54 400 2.8
55 400 2.6
56 400 2.6
57 400 2.6
58 400 2.6
59 400 2.6
60 400 2.7
61 400 2.7
62 400 2.7
63 400 2.7
64 400 2.7
65 400 2.8
66 400 2.8
67 400 2.8
68 400 2.8
69 400 2.8
70 400 2.7
71 400 2.7
72 400 2.7
73 400 2.7
74 400 2.7
75 400 2.8
76 400 2.8
77 400 2.8
78 400 2.8
79 400 2.8
80 400 2.7
81 400 2.7
82 400 2.7
83 400 2.7
84 400 2.7
85 400 2.7
86 400 2.7
87 400 2.7
88 400 2.7
89 400 2.7
90 400 2.8
91 400 2.8
92 400 2.8
93 400 2.8
94 400 2.8
95 400 2.7
96 400 2.7
97 400 2.7
98 400 2.7
99 400 2.7
0 1
0 3
0 4
0 6
0 8
0 9
0 14
0 16
0 17
0 18
0 19
0 21
0 24
0 28
0 32
0 33
0 37
0 41
0 44
0 48
0 49
0 51
0 57
0 59
0 62
0 63
0 68
0 69
0 72
0 74
0 76
0 77
0 79
0 86
0 88
0 93
0 96
0 99
1 3
1 7
1 9
1 14
1 18
1 19
1 23
1 24
1 27
1 28
1 32
1 33
1 37
1 38
1 39
1 43
1 44
1 48
1 52
1 53
1 54
1 57
1 63
1 64
1 67
1 69
1 72
1 74
1 78
1 83
1 88
1 89
1 93
1 98
2 3
2 9
2 18
2 23
2 24
2 34
2 39
2 53
2 54
2 59
2 63
2 93
2 98
3 9
3 29
3 39
3 54
3 64
3 74
3 84
3 99
5 1
5 2
5 3
5 6
5 17
5 22
5 26
5 33
5 34
5 39
5 43
5 46
5 48
5 52
5 53
5 58
5 59
5 62
5 64
5 67
5 68
5 72
5 74
5 78
5 81
5 82
5 83
5 84
5 89
5 91
5 92
5 93
5 94
5 96
5 99
6 2
6 3
6 4
6 8
6 9
6 12
6 13
6 14
6 17
6 18
6 22
6 23
6 24
6 28
6 32
6 33
6 34
6 37
6 38
6 39
6 42
6 43
6 47
6 48
6 49
6 52
6 59
6 62
6 63
6 64
6 67
6 69
6 72
6 73
6 74
6 77
6 78
6 79
6 82
6 83
6 89
6 92
6 93
6 97
6 98
7 3
7 4
7 9
7 13
7 14
7 18
7 19
7 23
7 28
7 38
7 39
7 44
7 48
7 49
7 53
7 59
7 69
7 74
7 78
7 79
7 84
7 88
7 93
7 94
8 4
8 9
8 14
8 19
8 24
8 29
8 34
8 39
8 44
8 49
8 54
8 59
8 64
8 69
8 74
8 79
8 89
8 94
8 99
10 1
10 2
10 3
10 4
10 6
10 7
10 9
10 11
10 12
10 14
10 17
10 18
10 21
10 22
10 23
10 28
10 32
10 36
10 38
10 39
10 41
10 43
10 44
10 47
10 48
10 49
10 51
10 52
10 53
10 54
10 56
10 57
10 58
10 59
10 61
10 63
10 64
10 68
10 74
10 76
10 77
10 78
10 79
10 81
10 82
10 84
10 86
10 87
10 88
10 89
10 92
10 96
10 97
10 98
10 99
11 3
11 7
11 8
11 17
11 28
11 32
11 39
11 44
11 53
11 54
11 57
11 59
11 73
11 84
11 87
11 88
11 89
12 3
12 4
12 8
12 9
12 13
12 14
12 18
12 19
12 23
12 24
12 28
12 29
12 33
12 34
12 38
12 39
12 43
12 44
12 48
12 49
12 53
12 54
12 58
12 59
12 63
12 64
12 69
12 73
12 74
12 78
12 79
12 84
12 88
12 89
12 93
12 94
12 98
12 99
13 9
13 14
13 24
13 29
13 34
13 39
13 44
13 49
13 59
13 64
13 74
13 84
13 89
13 94
13 99
15 2
15 3
15 4
15 7
15 8
15 11
15 12
15 17
15 18
15 19
15 21
15 22
15 24
15 27
15 28
15 32
15 36
15 39
15 41
15 43
15 44
15 46
15 48
15 49
15 51
15 53
15 54
15 56
15 58
15 59
15 64
15 66
15 69
15 72
15 77
15 78
15 79
15 81
15 82
15 87
15 91
15 92
15 93
15 96
15 97
16 19
16 72
16 77
16 79
17 3
17 4
17 9
17 14
17 18
17 19
17 23
17 24
17 28
17 33
17 34
17 38
17 39
17 44
17 48
17 49
17 53
17 54
17 59
17 63
17 64
17 68
17 69
17 73
17 74
17 83
17 84
17 88
17 89
17 94
17 98
17 99
18 14
18 24
18 29
18 34
18 39
18 49
18 54
18 64
18 69
18 74
18 79
18 84
18 89
18 94
18 99
20 4
20 6
20 11
20 13
20 16
20 17
20 18
20 24
20 28
20 43
20 46
20 49
20 53
20 69
20 71
20 89
20 96
20 99
21 18
21 29
21 44
21 53
21 57
21 93
22 9
22 18
22 19
22 23
22 29
22 33
22 34
22 38
22 39
22 43
22 44
22 48
22 49
22 53
22 68
22 69
22 73
22 78
22 79
22 83
22 89
23 4
23 9
23 14
23 19
23 24
23 29
23 34
23 39
23 44
23 54
23 59
23 64
23 69
23 74
23 79
23 84
23 89
23 94
23 99
25 1
25 2
25 11
25 17
25 19
25 22
25 24
25 29
25 34
25 36
25 43
25 47
25 48
25 49
25 51
25 54
25 59
25 62
25 64
25 73
25 74
25 76
25 86
25 88
25 92
25 93
25 94
25 98
25 99
26 2
26 3
26 4
26 8
26 9
26 12
26 13
26 17
26 18
26 22
26 24
26 27
26 28
26 32
26 33
26 34
26 37
26 39
26 43
26 44
26 48
26 49
26 53
26 54
26 57
26 58
26 67
26 68
26 72
26 73
26 74
26 77
26 78
26 79
26 82
26 83
26 88
26 89
26 93
26 94
26 97
26 98
26 99
27 9
27 24
27 29
27 39
27 53
27 89
28 9
28 19
28 34
28 44
30 1
30 3
30 7
30 13
30 14
30 17
30 22
30 27
30 31
30 43
30 46
30 62
30 67
30 72
30 73
30 79
30 81
30 82
30 83
30 84
30 86
30 87
30 91
30 96
30 99
31 2
31 3
31 4
31 7
31 8
31 12
31 17
31 19
31 22
31 28
31 29
31 32
31 33
31 37
31 38
31 39
31 42
31 48
31 49
31 53
31 54
31 59
31 62
31 63
31 67
31 69
31 72
31 73
31 83
31 84
31 87
31 88
31 92
31 94
31 99
32 3
32 4
32 8
32 9
32 14
32 18
32 19
32 23
32 24
32 28
32 29
32 33
32 34
32 38
32 39
32 43
32 44
32 48
32 49
32 53
32 54
32 59
32 63
32 64
32 68
32 69
32 73
32 74
32 78
32 79
32 83
32 84
32 89
32 93
32 94
32 98
32 99
33 9
33 19
33 34
33 59
33 79
33 84
33 89
33 94
35 8
35 21
35 36
35 53
36 2
36 3
36 8
36 17
36 18
36 19
36 22
36 24
36 27
36 28
36 29
36 32
36 33
36 38
36 39
36 43
36 44
36 47
36 48
36 52
36 53
36 54
36 57
36 59
36 67
36 73
36 79
36 82
36 83
36 84
36 87
36 88
36 89
36 92
36 97
37 4
37 14
37 24
37 34
37 38
37 44
37 59
37 64
37 69
37 78
37 84
37 88
37 98
38 29
38 39
38 89
38 94
40 3
40 4
40 21
40 22
40 53
40 56
40 61
40 63
40 64
40 66
40 81
41 3
41 12
41 14
41 17
41 18
41 28
41 32
41 42
41 52
41 53
41 62
41 63
41 64
41 68
41 73
41 78
41 83
41 84
41 87
42 38
42 54
42 63
42 78
42 83
42 98
42 99
43 89
43 99
45 8
45 9
45 14
45 36
45 37
45 53
45 76
45 83
45 84
45 92
45 99
46 29
46 87
47 3
47 4
47 9
47 14
47 19
47 23
47 28
47 29
47 34
47 38
47 39
47 43
47 44
47 49
47 53
47 54
47 58
47 59
47 68
47 69
47 74
47 79
47 89
47 93
47 99
48 14
48 24
48 34
48 39
48 49
48 54
48 59
48 64
48 69
48 74
48 84
48 89
48 94
48 99
50 13
51 2
51 4
51 29
51 33
51 37
51 42
51 49
51 52
51 54
51 62
51 73
51 79
51 89
51 98
51 99
52 13
52 14
52 19
52 28
52 34
52 39
52 44
52 48
52 53
52 54
52 58
52 64
52 68
52 79
52 83
52 89
52 93
52 94
52 98
53 9
53 29
53 34
53 39
53 44
53 54
53 69
53 74
53 79
53 84
55 1
55 2
55 3
55 6
55 8
55 9
55 13
55 14
55 17
55 18
55 19
55 21
55 22
55 23
55 24
55 26
55 27
55 28
55 29
55 31
55 33
55 34
55 36
55 37
55 38
55 39
55 42
55 43
55 44
55 46
55 47
55 48
55 51
55 52
55 53
55 54
55 56
55 57
55 58
55 59
55 61
55 63
55 64
55 67
55 68
55 69
55 71
55 72
55 73
55 74
55 76
55 77
55 78
55 79
55 81
55 82
55 83
55 84
55 86
55 87
55 88
55 89
55 91
55 92
55 93
55 94
55 96
55 97
55 98
56 2
56 3
56 4
56 7
56 9
56 12
56 13
56 14
56 17
56 18
56 22
56 27
56 29
56 32
56 37
56 38
56 39
56 42
56 43
56 47
56 49
56 52
56 53
56 54
56 58
56 64
56 67
56 69
56 77
56 78
56 79
56 82
56 83
56 84
56 87
56 88
56 89
56 92
56 93
56 94
56 97
56 99
57 3
57 4
57 8
57 9
57 13
57 18
57 19
57 23
57 24
57 28
57 33
57 34
57 38
57 39
57 43
57 44
57 49
57 53
57 54
57 58
57 63
57 64
57 68
57 69
57 73
57 78
57 79
57 84
57 88
57 94
57 99
58 4
58 9
58 19
58 24
58 29
58 39
58 49
58 54
58 59
58 74
58 79
58 84
58 89
58 94
58 99
60 1
60 2
60 3
60 4
60 6
60 7
60 8
60 9
60 12
60 13
60 14
60 16
60 17
60 18
60 19
60 21
60 22
60 24
60 26
60 27
60 28
60 29
60 31
60 32
60 33
60 34
60 37
60 38
60 39
60 41
60 42
60 43
60 44
60 46
60 47
60 48
60 49
60 51
60 52
60 53
60 54
60 56
60 57
60 58
60 59
60 61
60 62
60 63
60 64
60 66
60 67
60 68
60 69
60 71
60 72
60 73
60 74
60 76
60 77
60 78
60 79
60 81
60 82
60 83
60 84
60 86
60 87
60 88
60 89
60 91
60 92
60 93
60 94
60 96
60 97
60 98
60 99
61 2
61 3
61 7
61 9
61 13
61 14
61 17
61 18
61 19
61 22
61 24
61 28
61 29
61 32
61 33
61 37
61 43
61 44
61 54
61 57
61 58
61 62
61 63
61 67
61 69
61 73
61 74
61 77
61 79
61 82
61 83
61 84
61 87
61 93
61 97
62 3
62 4
62 8
62 9
62 13
62 14
62 19
62 23
62 24
62 28
62 29
62 33
62 34
62 38
62 39
62 43
62 44
62 48
62 53
62 54
62 58
62 59
62 63
62 64
62 68
62 69
62 73
62 74
62 78
62 79
62 83
62 84
62 88
62 89
62 93
62 94
62 98
62 99
63 14
63 34
63 69
63 74
65 1
65 4
65 8
65 11
65 17
65 22
65 26
65 34
65 39
65 41
65 49
65 53
65 57
65 58
65 64
65 66
65 67
65 73
65 79
65 82
65 83
65 84
65 88
65 89
65 92
66 3
66 7
66 8
66 9
66 12
66 24
66 37
66 38
66 42
66 44
66 57
66 74
66 77
66 79
66 89
66 93
66 98
66 99
67 4
67 8
67 13
67 14
67 19
67 23
67 29
67 33
67 34
67 43
67 44
67 48
67 49
67 53
67 54
67 58
67 59
67 63
67 64
67 68
67 69
67 73
67 74
67 78
67 83
67 84
67 88
67 89
67 93
67 94
67 99
68 9
68 14
68 19
68 24
68 54
68 64
68 69
68 74
70 1
70 2
70 4
70 7
70 8
70 9
70 11
70 12
70 13
70 14
70 16
70 17
70 18
70 19
70 21
70 23
70 24
70 26
70 27
70 29
70 31
70 32
70 34
70 36
70 37
70 39
70 41
70 42
70 43
70 44
70 46
70 47
70 48
70 49
70 52
70 53
70 54
70 56
70 57
70 58
70 59
70 61
70 63
70 64
70 67
70 68
70 69
70 71
70 72
70 73
70 74
70 77
70 81
70 83
70 84
70 86
70 87
70 88
70 89
70 91
70 92
70 93
70 94
70 96
70 97
70 99
71 2
71 3
71 4
71 7
71 8
71 12
71 13
71 14
71 18
71 23
71 27
71 28
71 29
71 32
71 33
71 37
71 38
71 39
71 43
71 44
71 47
71 49
71 52
71 53
71 54
71 57
71 58
71 59
71 62
71 63
71 64
71 67
71 68
71 69
71 72
71 74
71 77
71 78
71 79
71 82
71 83
71 88
71 89
71 92
71 93
71 99
72 3
72 9
72 19
72 23
72 24
72 28
72 29
72 33
72 38
72 39
72 44
72 49
72 58
72 59
72 63
72 64
72 68
72 69
72 73
72 79
72 84
72 88
72 89
72 93
72 99
73 9
73 19
73 29
73 34
73 54
73 74
73 84
73 89
75 3
75 4
75 6
75 8
75 24
75 28
75 31
75 67
75 68
75 76
75 82
75 89
75 96
76 24
76 39
76 47
76 79
76 83
76 92
77 3
77 8
77 9
77 18
77 23
77 28
77 29
77 33
77 34
77 38
77 39
77 43
77 44
77 48
77 53
77 54
77 58
77 63
77 64
77 69
77 78
77 79
77 84
77 88
77 89
77 94
77 99
78 9
78 14
78 24
78 94
78 99
80 17
80 29
80 57
80 62
80 66
81 13
81 37
81 42
81 64
82 3
82 9
82 13
82 14
82 18
82 24
82 33
82 38
82 39
82 49
82 54
82 58
82 59
82 64
82 68
82 73
82 74
82 78
82 84
82 98
83 9
83 14
83 19
83 24
83 29
83 34
83 39
83 44
83 49
83 54
83 59
83 64
83 69
83 74
83 79
83 84
83 89
83 94
83 99
85 14
85 18
85 21
85 33
85 39
85 48
85 52
85 74
85 78
85 79
85 96
85 99
86 3
86 4
86 7
86 8
86 9
86 12
86 14
86 18
86 19
86 23
86 33
86 43
86 44
86 53
86 58
86 63
86 69
86 72
86 73
86 79
86 82
86 84
86 87
86 98
86 99
87 3
87 4
87 9
87 13
87 14
87 18
87 19
87 23
87 24
87 28
87 29
87 33
87 34
87 38
87 39
87 43
87 44
87 48
87 49
87 53
87 58
87 59
87 64
87 68
87 69
87 73
87 74
87 78
87 79
87 83
87 84
87 88
87 89
87 94
87 98
87 99
88 9
88 14
88 29
88 44
88 59
88 64
90 2
90 3
90 4
90 9
90 11
90 12
90 13
90 14
90 16
90 18
90 19
90 21
90 22
90 23
90 24
90 26
90 27
90 28
90 29
90 31
90 32
90 33
90 34
90 36
90 38
90 39
90 41
90 43
90 46
90 47
90 48
90 49
90 51
90 53
90 54
90 56
90 57
90 58
90 59
90 61
90 62
90 63
90 64
90 66
90 67
90 68
90 69
90 71
90 73
90 74
90 76
90 77
90 78
90 79
90 81
90 82
90 83
90 84
90 86
90 87
90 88
90 89
90 91
90 92
90 93
90 94
90 96
90 97
90 98
91 3
91 7
91 14
91 17
91 22
91 28
91 38
91 39
91 42
91 58
91 64
91 67
91 68
91 69
91 77
91 78
91 83
91 84
91 92
91 93
91 97
92 3
92 8
92 14
92 19
92 23
92 28
92 33
92 38
92 43
92 59
92 63
92 68
92 69
92 74
92 78
92 79
92 99
93 4
93 9
93 14
93 19
93 24
93 29
93 39
93 44
93 49
93 54
93 59
93 64
93 69
93 74
93 84
93 89
93 94
95 11
95 13
95 38
95 42
95 43
95 48
95 61
95 64
95 66
95 71
95 72
95 79
95 88
95 99
96 3
96 4
96 7
96 8
96 9
96 12
96 13
96 14
96 17
96 18
96 19
96 22
96 23
96 24
96 27
96 29
96 32
96 34
96 37
96 38
96 39
96 42
96 43
96 44
96 47
96 48
96 52
96 53
96 54
96 57
96 58
96 59
96 62
96 64
96 67
96 69
96 72
96 73
96 74
96 77
96 78
96 79
96 82
96 83
96 84
96 88
96 89
96 93
96 94
96 97
96 98
97 14
97 49
97 94
98 29
98 64
98 74
98 89
98 94
