100
0 80 2.5
1 80 2.5
2 80 2.5
3 80 2.5
4 80 2.5
5 80 2.5
6 80 2.5
7 80 2.5
8 80 2.5
9 80 2.5
10 80 2.5
11 80 2.5
12 80 2.5
13 80 2.5
14 80 2.5
15 80 2.5
16 80 2.5
17 80 2.5
18 80 2.5
19 80 2.5
20 80 2.5
21 80 2.5
22 80 2.5
23 80 2.5
24 80 2.5
25 80 2.5
26 80 2.5
27 80 2.5
28 80 2.5
29 80 2.5
30 80 2.5
31 80 2.5
32 80 2.5
33 80 2.5
34 80 2.5
35 80 2.5
36 80 2.5
37 80 2.5
38 80 2.5
39 80 2.5
40 80 2.5
41 80 2.5
42 80 2.5
43 80 2.5
44 80 2.5
45 80 2.5
46 80 2.5
47 80 2.5
48 80 2.5
49 80 2.5
50 80 2.7
51 80 2.7
52 80 2.7
53 80 2.7
54 80 2.7
55 80 2.7
56 80 2.7
57 80 2.7
58 80 2.7
59 80 2.7
60 80 2.7
61 80 2.7
62 80 2.7
63 80 2.7
64 80 2.7
65 80 2.7
66 80 2.7
67 80 2.7
68 80 2.7
69 80 2.7
70 80 2.7
71 80 2.7
72 80 2.7
73 80 2.7
74 80 2.7
75 80 2.6
76 80 2.6
77 80 2.6
78 80 2.6
79 80 2.6
80 80 2.6
81 80 2.6
82 80 2.6
83 80 2.6
84 80 2.6
85 80 2.6
86 80 2.6
87 80 2.6
88 80 2.6
89 80 2.6
90 80 2.6
91 80 2.6
92 80 2.6
93 80 2.6
94 80 2.6
95 80 2.6
96 80 2.6
97 80 2.6
98 80 2.6
99 80 2.6
0 1
0 2
0 3
0 4
0 5
0 6
0 8
0 9
0 10
0 11
0 12
0 13
0 14
0 15
0 16
0 17
0 18
0 19
0 20
0 21
0 22
0 23
0 24
0 26
0 27
0 28
0 31
0 32
0 33
0 34
0 35
0 36
0 37
0 38
0 39
0 40
0 41
0 42
0 44
0 45
0 46
0 47
0 48
0 49
0 51
0 52
0 54
0 55
0 56
0 57
0 58
0 59
0 60
0 61
0 62
0 63
0 64
0 65
0 66
0 67
0 68
0 72
0 73
0 74
0 76
0 77
0 78
0 79
0 80
0 81
0 82
0 84
0 85
0 87
0 88
0 89
0 90
0 91
0 92
0 93
0 94
0 95
0 96
0 97
0 98
0 99
1 9
1 27
1 37
1 41
1 59
1 65
1 66
1 74
1 77
1 86
1 88
1 89
1 97
1 98
2 8
2 12
2 14
2 15
2 31
2 35
2 44
2 46
2 49
2 53
2 55
2 59
2 63
2 67
2 85
2 86
2 88
2 97
3 5
3 7
3 12
3 13
3 15
3 17
3 22
3 30
3 33
3 37
3 40
3 41
3 42
3 46
3 55
3 57
3 60
3 62
3 64
3 67
3 70
3 71
3 72
3 74
3 79
3 81
3 82
3 85
3 89
3 90
3 91
3 93
3 94
3 95
3 96
3 97
3 98
4 5
4 6
4 7
4 10
4 11
4 13
4 14
4 16
4 20
4 23
4 32
4 35
4 36
4 39
4 40
4 47
4 48
4 49
4 56
4 58
4 60
4 61
4 66
4 68
4 84
4 85
4 86
4 88
4 94
4 96
5 23
5 43
5 58
5 70
6 7
6 8
6 12
6 13
6 14
6 16
6 17
6 18
6 20
6 32
6 33
6 34
6 35
6 40
6 41
6 42
6 45
6 46
6 47
6 49
6 57
6 58
6 60
6 61
6 64
6 65
6 66
6 67
6 68
6 72
6 73
6 74
6 83
6 84
6 89
6 93
6 96
6 98
6 99
7 40
7 94
8 12
8 14
8 15
8 16
8 17
8 23
8 24
8 36
8 37
8 40
8 41
8 44
8 45
8 47
8 49
8 59
8 64
8 67
8 84
8 85
8 86
8 88
8 96
8 97
8 98
9 13
9 16
9 38
9 46
9 61
9 64
9 71
9 74
9 86
9 88
9 96
9 99
10 13
10 16
10 20
10 44
10 62
10 65
10 66
10 74
10 86
10 87
10 89
10 96
11 14
11 37
11 39
11 49
11 70
11 89
11 90
11 96
11 97
11 99
12 13
12 14
12 15
12 16
12 17
12 18
12 19
12 20
12 21
12 22
12 23
12 24
12 38
12 39
12 40
12 41
12 43
12 44
12 45
12 46
12 47
12 48
12 49
12 63
12 64
12 65
12 66
12 67
12 68
12 69
12 70
12 71
12 72
12 73
12 74
12 88
12 89
12 90
12 91
12 92
12 93
12 94
12 95
12 97
12 99
13 18
13 42
13 44
13 66
13 69
13 74
13 90
13 95
13 96
14 17
14 22
14 23
14 42
14 67
14 70
14 72
14 74
14 90
15 16
15 17
15 19
15 22
15 41
15 42
15 45
15 46
15 67
15 69
15 70
15 71
15 73
15 92
15 96
15 99
16 17
16 18
16 19
16 20
16 21
16 22
16 23
16 42
16 43
16 44
16 45
16 46
16 47
16 48
16 49
16 67
16 68
16 69
16 70
16 71
16 72
16 73
16 74
16 92
16 93
16 94
16 95
16 96
16 97
16 98
16 99
17 46
17 94
18 19
18 24
18 45
18 46
18 47
18 48
18 69
18 72
18 73
18 74
18 94
18 95
18 96
18 97
18 99
19 70
19 71
19 96
19 97
19 99
20 24
21 23
21 24
21 47
21 48
21 49
21 74
21 97
21 98
21 99
22 23
22 48
22 49
22 73
22 98
23 24
25 22
25 47
25 49
25 59
25 61
25 77
25 85
25 86
26 2
26 3
26 4
26 5
26 6
26 7
26 9
26 10
26 11
26 12
26 13
26 14
26 15
26 16
26 17
26 18
26 19
26 20
26 21
26 22
26 24
26 27
26 28
26 29
26 30
26 31
26 32
26 33
26 34
26 35
26 36
26 37
26 38
26 39
26 40
26 41
26 42
26 43
26 44
26 45
26 46
26 47
26 48
26 49
26 52
26 53
26 54
26 56
26 57
26 58
26 59
26 60
26 61
26 62
26 63
26 65
26 66
26 67
26 68
26 69
26 70
26 71
26 72
26 73
26 74
26 77
26 78
26 79
26 80
26 81
26 82
26 83
26 84
26 85
26 86
26 87
26 88
26 89
26 90
26 91
26 92
26 93
26 94
26 95
26 97
26 98
26 99
27 4
27 5
27 7
27 8
27 9
27 10
27 12
27 13
27 14
27 16
27 18
27 20
27 21
27 22
27 23
27 29
27 31
27 32
27 33
27 35
27 36
27 38
27 40
27 43
27 45
27 46
27 48
27 49
27 56
27 59
27 60
27 61
27 62
27 63
27 64
27 65
27 66
27 68
27 71
27 72
27 73
27 78
27 82
27 83
27 84
27 85
27 87
27 88
27 89
27 90
27 91
27 92
27 93
27 95
27 98
27 99
28 6
28 9
28 36
28 39
28 45
28 99
29 5
29 6
29 7
29 8
29 12
29 13
29 14
29 15
29 16
29 17
29 18
29 19
29 20
29 21
29 23
29 24
29 32
29 33
29 34
29 37
29 38
29 39
29 40
29 45
29 46
29 47
29 48
29 55
29 56
29 57
29 58
29 59
29 60
29 62
29 63
29 67
29 68
29 70
29 72
29 73
29 80
29 82
29 83
29 84
29 85
29 86
29 87
29 88
29 89
29 90
29 91
29 93
29 95
29 97
29 98
30 6
30 7
30 8
30 9
30 10
30 11
30 12
30 13
30 14
30 16
30 17
30 18
30 19
30 20
30 21
30 22
30 32
30 33
30 34
30 36
30 37
30 38
30 41
30 42
30 43
30 44
30 45
30 47
30 49
30 56
30 58
30 59
30 60
30 61
30 62
30 64
30 65
30 66
30 67
30 68
30 69
30 70
30 71
30 72
30 73
30 81
30 83
30 85
30 86
30 88
30 90
30 91
30 92
30 93
30 96
30 99
31 7
31 8
31 10
31 13
31 14
31 15
31 22
31 32
31 34
31 37
31 38
31 39
31 40
31 43
31 46
31 47
31 48
31 49
31 57
31 65
31 72
31 85
31 90
31 91
31 98
32 8
32 10
32 11
32 12
32 14
32 15
32 17
32 20
32 22
32 23
32 24
32 33
32 34
32 36
32 37
32 40
32 41
32 44
32 46
32 47
32 48
32 49
32 59
32 62
32 65
32 67
32 69
32 70
32 71
32 83
32 84
32 86
32 87
32 89
32 90
32 92
32 94
32 95
32 97
32 98
32 99
33 11
33 40
33 41
33 42
33 43
33 45
33 48
33 49
33 60
33 61
33 62
33 63
33 67
33 68
33 71
33 74
33 86
33 90
33 92
33 94
33 97
34 10
34 11
34 12
34 13
34 14
34 15
34 16
34 17
34 18
34 19
34 20
34 21
34 22
34 23
34 24
34 35
34 36
34 37
34 38
34 39
34 40
34 41
34 42
34 43
34 44
34 45
34 46
34 47
34 48
34 49
34 60
34 61
34 62
34 63
34 64
34 65
34 66
34 67
34 68
34 69
34 70
34 71
34 72
34 73
34 74
34 85
34 86
34 87
34 88
34 89
34 91
34 92
34 93
34 94
34 95
34 96
34 97
34 98
34 99
35 11
35 12
35 13
35 14
35 16
35 17
35 19
35 21
35 23
35 37
35 39
35 41
35 43
35 44
35 46
35 47
35 48
35 49
35 61
35 62
35 63
35 65
35 66
35 67
35 68
35 70
35 71
35 72
35 73
35 74
35 86
35 88
35 89
35 90
35 91
35 93
35 94
35 96
35 98
35 99
36 14
36 20
36 39
36 45
36 46
36 47
36 49
36 62
36 65
36 66
36 69
36 70
36 72
36 87
36 88
36 92
36 93
37 21
37 45
38 15
38 16
38 17
38 18
38 19
38 20
38 21
38 22
38 23
38 39
38 40
38 41
38 42
38 43
38 46
38 47
38 48
38 49
38 64
38 65
38 66
38 67
38 68
38 69
38 70
38 71
38 72
38 74
38 89
38 91
38 92
38 95
38 96
38 97
38 98
38 99
39 15
39 17
39 18
39 19
39 21
39 22
39 40
39 41
39 42
39 43
39 45
39 46
39 47
39 48
39 66
39 67
39 70
39 71
39 72
39 73
39 90
39 91
39 92
39 93
39 97
39 98
39 99
40 18
40 21
40 22
40 23
40 24
40 42
40 43
40 44
40 45
40 46
40 47
40 48
40 49
40 66
40 67
40 68
40 70
40 71
40 72
40 73
40 74
40 91
40 92
40 94
40 95
40 96
40 97
40 98
40 99
41 17
41 18
41 19
41 22
41 23
41 24
41 42
41 43
41 44
41 47
41 48
41 49
41 67
41 68
41 69
41 70
41 71
41 73
41 74
41 93
41 94
41 95
41 97
41 98
42 18
42 20
42 21
42 23
42 24
42 44
42 45
42 49
42 70
42 71
42 72
42 73
42 93
42 94
42 96
42 99
43 70
44 21
44 23
44 47
44 48
44 49
44 71
44 73
44 74
44 95
44 97
44 98
44 99
45 24
45 46
45 71
45 72
45 73
45 96
45 97
45 99
46 47
46 49
46 72
46 73
46 97
46 98
47 23
48 24
50 2
50 3
50 6
50 9
50 10
50 11
50 12
50 13
50 16
50 17
50 18
50 19
50 22
50 23
50 24
50 26
50 27
50 28
50 29
50 30
50 31
50 32
50 33
50 34
50 38
50 40
50 41
50 43
50 45
50 46
50 47
50 48
50 49
50 51
50 52
50 53
50 54
50 56
50 59
50 60
50 61
50 63
50 65
50 66
50 67
50 68
50 70
50 71
50 72
50 74
50 77
50 78
50 80
50 81
50 82
50 85
50 87
50 88
50 89
50 90
50 91
50 92
50 93
50 94
50 95
50 97
50 99
51 14
51 32
51 36
51 39
51 57
51 80
51 84
51 85
52 5
52 46
52 73
52 94
53 6
53 7
53 16
53 19
53 22
53 29
53 33
53 34
53 36
53 37
53 40
53 41
53 42
53 43
53 44
53 48
53 49
53 54
53 55
53 57
53 58
53 59
53 63
53 64
53 66
53 68
53 72
53 73
53 74
53 79
53 80
53 81
53 84
53 87
53 88
53 89
53 91
53 92
53 93
53 94
53 97
53 98
53 99
54 5
54 6
54 7
54 9
54 10
54 11
54 12
54 13
54 14
54 15
54 16
54 17
54 21
54 22
54 23
54 30
54 31
54 32
54 33
54 34
54 35
54 37
54 38
54 39
54 40
54 41
54 43
54 45
54 47
54 48
54 49
54 55
54 56
54 58
54 59
54 60
54 61
54 63
54 64
54 65
54 67
54 68
54 69
54 71
54 72
54 73
54 74
54 80
54 81
54 82
54 83
54 84
54 86
54 87
54 88
54 89
54 90
54 91
54 92
54 93
54 94
54 95
54 98
54 99
55 6
55 9
55 17
55 19
55 21
55 23
55 31
55 32
55 33
55 35
55 37
55 39
55 44
55 49
55 56
55 58
55 59
55 60
55 61
55 65
55 66
55 68
55 70
55 72
55 73
55 74
55 83
55 84
55 88
55 90
55 97
55 98
56 7
56 10
56 12
56 14
56 16
56 17
56 18
56 19
56 20
56 21
56 22
56 23
56 24
56 32
56 33
56 34
56 36
56 37
56 41
56 42
56 44
56 45
56 46
56 47
56 48
56 49
56 57
56 58
56 60
56 62
56 63
56 64
56 66
56 67
56 70
56 71
56 72
56 73
56 74
56 83
56 85
56 86
56 87
56 88
56 89
56 91
56 92
56 93
56 95
56 98
56 99
57 9
57 10
57 15
57 16
57 17
57 22
57 23
57 24
57 34
57 36
57 37
57 40
57 41
57 42
57 45
57 46
57 47
57 48
57 59
57 60
57 61
57 62
57 63
57 66
57 67
57 68
57 69
57 70
57 84
57 87
57 88
57 89
57 90
57 96
57 98
58 11
58 12
58 14
58 15
58 17
58 18
58 20
58 21
58 24
58 34
58 38
58 39
58 42
58 45
58 46
58 47
58 48
58 62
58 63
58 64
58 65
58 67
58 69
58 70
58 71
58 84
58 85
58 88
58 91
58 93
58 94
58 95
58 97
58 98
58 99
59 10
59 11
59 12
59 13
59 14
59 15
59 16
59 17
59 18
59 21
59 22
59 23
59 24
59 35
59 36
59 37
59 39
59 40
59 41
59 43
59 44
59 45
59 46
59 47
59 48
59 60
59 63
59 64
59 65
59 67
59 68
59 71
59 72
59 73
59 74
59 85
59 86
59 87
59 88
59 89
59 90
59 91
59 92
59 93
59 94
59 95
59 96
59 97
59 99
60 11
60 17
60 20
60 21
60 23
60 37
60 41
60 47
60 48
60 61
60 67
60 87
60 91
60 93
61 12
61 13
61 14
61 15
61 16
61 17
61 18
61 19
61 20
61 22
61 23
61 24
61 37
61 38
61 39
61 40
61 41
61 42
61 43
61 44
61 45
61 47
61 49
61 62
61 63
61 64
61 65
61 66
61 67
61 68
61 69
61 70
61 71
61 72
61 73
61 74
61 88
61 89
61 90
61 91
61 92
61 93
61 94
61 95
61 96
61 97
61 98
61 99
62 18
62 22
62 40
62 41
62 43
62 44
62 63
62 64
62 65
62 97
63 14
63 17
63 21
63 22
63 40
63 41
63 43
63 46
63 47
63 65
63 66
63 68
63 69
63 70
63 73
63 89
63 90
63 91
63 92
63 93
63 96
63 98
63 99
64 15
64 16
64 17
64 18
64 19
64 20
64 21
64 22
64 23
64 24
64 40
64 42
64 44
64 45
64 46
64 47
64 48
64 49
64 66
64 67
64 71
64 72
64 73
64 74
64 90
64 91
64 92
64 93
64 96
64 97
64 98
65 17
65 22
65 23
65 46
65 67
65 68
65 74
65 96
66 21
66 47
66 69
66 70
67 18
67 19
67 20
67 44
67 45
67 47
67 48
67 69
67 71
67 72
67 73
67 74
67 94
67 96
67 97
67 98
68 46
69 22
69 23
69 46
69 48
69 49
69 70
69 72
69 73
69 74
69 95
69 98
70 22
70 97
71 22
71 73
71 74
71 98
71 99
72 23
72 48
72 49
72 73
72 98
72 99
73 49
73 74
73 99
75 2
75 10
75 12
75 14
75 18
75 22
75 29
75 31
75 35
75 36
75 37
75 38
75 39
75 40
75 41
75 46
75 47
75 54
75 58
75 62
75 63
75 66
75 68
75 70
75 76
75 84
75 89
75 90
75 92
75 94
75 98
76 2
76 3
76 4
76 5
76 6
76 7
76 8
76 9
76 10
76 11
76 12
76 13
76 14
76 15
76 16
76 17
76 18
76 19
76 20
76 21
76 22
76 23
76 24
76 27
76 29
76 30
76 31
76 33
76 34
76 35
76 36
76 37
76 38
76 40
76 41
76 42
76 43
76 44
76 45
76 47
76 48
76 49
76 53
76 56
76 57
76 58
76 59
76 60
76 61
76 62
76 63
76 64
76 65
76 66
76 67
76 68
76 69
76 70
76 71
76 72
76 73
76 74
76 77
76 78
76 80
76 81
76 82
76 83
76 84
76 85
76 86
76 87
76 88
76 89
76 90
76 91
76 92
76 93
76 94
76 95
76 96
76 97
76 98
76 99
77 6
77 11
77 14
77 17
77 24
77 33
77 40
77 47
77 49
77 54
77 67
77 72
77 80
77 81
77 84
77 89
77 93
78 4
78 6
78 8
78 10
78 11
78 12
78 13
78 14
78 15
78 17
78 21
78 29
78 30
78 31
78 34
78 35
78 36
78 37
78 40
78 41
78 43
78 44
78 47
78 48
78 49
78 54
78 55
78 56
78 57
78 63
78 64
78 65
78 67
78 68
78 80
78 81
78 83
78 85
78 87
78 88
78 89
78 90
78 91
78 92
78 95
78 96
78 97
78 99
79 5
79 6
79 7
79 8
79 9
79 10
79 12
79 13
79 14
79 15
79 17
79 18
79 19
79 21
79 23
79 24
79 30
79 31
79 32
79 33
79 34
79 35
79 36
79 37
79 38
79 39
79 40
79 41
79 42
79 43
79 44
79 45
79 46
79 47
79 48
79 49
79 55
79 56
79 57
79 58
79 59
79 60
79 61
79 62
79 63
79 64
79 65
79 66
79 67
79 69
79 70
79 71
79 72
79 73
79 74
79 80
79 81
79 82
79 83
79 84
79 85
79 86
79 87
79 88
79 89
79 90
79 91
79 92
79 93
79 94
79 95
79 96
79 97
79 98
79 99
80 6
80 7
80 8
80 13
80 14
80 15
80 16
80 17
80 18
80 19
80 20
80 21
80 22
80 32
80 35
80 36
80 38
80 39
80 40
80 41
80 43
80 44
80 45
80 46
80 47
80 48
80 49
80 56
80 57
80 58
80 59
80 61
80 62
80 63
80 64
80 66
80 70
80 72
80 74
80 81
80 82
80 83
80 84
80 85
80 87
80 88
80 89
80 90
80 92
80 93
80 96
80 97
80 99
81 8
81 10
81 18
81 22
81 32
81 34
81 42
81 43
81 45
81 57
81 61
81 73
81 83
81 85
81 86
81 88
81 89
81 96
82 9
82 12
82 13
82 15
82 17
82 19
82 22
82 33
82 37
82 41
82 42
82 43
82 46
82 47
82 49
82 59
82 61
82 66
82 68
82 70
82 72
82 74
82 83
82 84
82 87
82 88
82 91
82 96
82 99
83 16
83 18
83 21
83 46
83 59
83 65
83 66
83 67
83 70
83 71
83 88
83 93
83 94
83 95
83 97
83 99
84 10
84 11
84 12
84 14
84 15
84 16
84 17
84 18
84 19
84 20
84 22
84 23
84 24
84 35
84 38
84 39
84 40
84 41
84 42
84 43
84 44
84 45
84 46
84 48
84 60
84 61
84 63
84 64
84 68
84 69
84 70
84 71
84 74
84 85
84 87
84 88
84 89
84 90
84 93
84 95
84 96
84 97
85 12
85 13
85 16
85 22
85 24
85 39
85 42
85 43
85 47
85 48
85 61
85 62
85 66
85 88
85 92
85 95
85 98
86 12
86 15
86 18
86 20
86 22
86 23
86 37
86 38
86 46
86 66
86 67
86 72
86 73
86 88
86 91
86 94
86 95
87 14
87 15
87 16
87 17
87 21
87 22
87 23
87 24
87 38
87 40
87 42
87 44
87 45
87 47
87 49
87 63
87 67
87 68
87 70
87 72
87 73
87 74
87 88
87 91
87 92
87 94
87 96
87 97
87 99
88 18
88 20
88 22
88 24
88 40
88 41
88 48
88 64
88 67
88 69
88 70
88 92
88 94
88 95
88 97
88 98
88 99
89 15
89 16
89 17
89 20
89 22
89 24
89 40
89 43
89 44
89 45
89 46
89 65
89 68
89 69
89 70
89 71
89 72
89 73
89 74
89 90
89 91
89 92
89 93
89 94
89 95
89 96
89 97
89 99
90 23
91 17
91 19
91 20
91 22
91 24
91 45
91 49
91 68
91 69
91 70
91 72
91 73
91 74
91 92
91 94
91 95
91 99
92 19
92 20
92 22
92 24
92 46
92 48
92 49
92 69
92 71
92 73
92 93
92 94
92 95
92 96
92 97
92 98
93 22
93 24
93 45
93 46
93 71
93 74
93 96
94 23
94 47
94 49
94 71
94 72
94 73
94 74
94 95
95 22
95 23
95 24
95 49
95 71
95 73
95 96
95 99
96 22
96 49
96 72
97 23
97 48
97 49
97 73
97 74
97 98
97 99
98 49
