100
0 40 3
1 40 3
2 40 3
3 40 3
4 40 3
5 40 3
6 40 3
7 40 3
8 40 3
9 40 3
10 40 3
11 40 3
12 40 3
13 40 3
14 40 3
15 40 3
16 40 3
17 40 3
18 40 3
19 40 3
20 40 3
21 40 3
22 40 3
23 40 3
24 40 3
25 40 3
26 40 3
27 40 3
28 40 3
29 40 3
30 40 3
31 40 3
32 40 3
33 40 3
34 40 3
35 40 3
36 40 3
37 40 3
38 40 3
39 40 3
40 40 3
41 40 3
42 40 3
43 40 3
44 40 3
45 40 3
46 40 3
47 40 3
48 40 3
49 40 3
50 40 3.4
51 40 3.4
52 40 3.4
53 40 3.4
54 40 3.4
55 40 3.4
56 40 3.4
57 40 3.4
58 40 3.4
59 40 3.4
60 40 3.4
61 40 3.4
62 40 3.4
63 40 3.4
64 40 3.4
65 40 3.4
66 40 3.4
67 40 3.4
68 40 3.4
69 40 3.4
70 40 3.4
71 40 3.4
72 40 3.4
73 40 3.4
74 40 3.4
75 40 3.4
76 40 3.4
77 40 3.4
78 40 3.4
79 40 3.4
80 40 3.4
81 40 3.4
82 40 3.4
83 40 3.4
84 40 3.4
85 40 3.4
86 40 3.4
87 40 3.4
88 40 3.4
89 40 3.4
90 40 3.4
91 40 3.4
92 40 3.4
93 40 3.4
94 40 3.4
95 40 3.4
96 40 3.4
97 40 3.4
98 40 3.4
99 40 3.4
0 1
0 2
0 3
0 4
0 5
0 6
0 8
0 10
0 11
0 13
0 14
0 15
0 16
0 17
0 18
0 19
0 20
0 22
0 25
0 27
0 28
0 29
0 30
0 31
0 32
0 33
0 35
0 36
0 37
0 38
0 39
0 40
0 41
0 42
0 43
0 44
0 45
0 46
0 47
0 48
0 49
0 51
0 52
0 53
0 54
0 55
0 57
0 58
0 60
0 61
0 65
0 68
0 69
0 70
0 72
0 73
0 74
0 75
0 76
0 77
0 79
0 80
0 82
0 83
0 84
0 85
0 87
0 89
0 90
0 91
0 92
0 93
0 94
0 96
0 97
0 98
0 99
1 2
1 5
1 7
1 9
1 11
1 15
1 18
1 19
1 20
1 22
1 23
1 24
1 31
1 34
1 36
1 39
1 42
1 45
1 53
1 54
1 55
1 57
1 59
1 60
1 68
1 74
1 77
1 84
1 94
2 3
2 5
2 7
2 10
2 13
2 16
2 18
2 21
2 23
2 28
2 31
2 32
2 33
2 34
2 36
2 40
2 41
2 42
2 44
2 48
2 49
2 53
2 54
2 55
2 56
2 58
2 59
2 60
2 61
2 62
2 64
2 66
2 70
2 71
2 77
2 78
2 81
2 82
2 85
2 87
2 90
2 95
2 96
2 97
2 99
3 4
3 5
3 6
3 7
3 9
3 10
3 11
3 13
3 14
3 15
3 16
3 17
3 18
3 20
3 21
3 23
3 24
3 25
3 26
3 27
3 28
3 29
3 30
3 32
3 33
3 34
3 35
3 36
3 37
3 38
3 39
3 40
3 41
3 42
3 44
3 45
3 46
3 48
3 49
3 54
3 55
3 57
3 58
3 59
3 60
3 61
3 62
3 63
3 64
3 65
3 66
3 67
3 68
3 69
3 70
3 71
3 72
3 73
3 74
3 75
3 76
3 78
3 79
3 80
3 81
3 82
3 83
3 84
3 85
3 86
3 87
3 88
3 90
3 92
3 93
3 94
3 95
3 97
3 98
3 99
4 5
4 6
4 7
4 8
4 10
4 11
4 12
4 15
4 16
4 17
4 18
4 19
4 20
4 21
4 22
4 23
4 25
4 26
4 27
4 28
4 29
4 30
4 31
4 33
4 34
4 36
4 37
4 38
4 39
4 40
4 41
4 43
4 44
4 45
4 46
4 48
4 49
4 58
4 59
4 62
4 64
4 66
4 69
4 70
4 71
4 72
4 74
4 75
4 76
4 77
4 79
4 80
4 81
4 84
4 85
4 86
4 87
4 88
4 89
4 90
4 91
4 92
4 94
4 95
4 97
4 98
4 99
5 6
5 12
5 18
5 19
5 24
5 25
5 26
5 27
5 30
5 31
5 32
5 33
5 38
5 40
5 42
5 47
5 48
5 49
5 57
5 60
5 61
5 67
5 70
5 77
5 78
5 79
5 82
5 86
5 87
5 88
5 89
5 90
5 91
5 96
5 97
5 98
5 99
6 16
6 26
6 27
6 28
6 29
6 49
6 60
6 61
6 75
6 85
7 8
7 10
7 11
7 12
7 13
7 14
7 15
7 16
7 18
7 19
7 20
7 21
7 23
7 24
7 25
7 26
7 27
7 28
7 29
7 30
7 31
7 32
7 33
7 34
7 35
7 37
7 38
7 39
7 40
7 41
7 42
7 43
7 44
7 45
7 46
7 47
7 48
7 49
7 59
7 60
7 61
7 62
7 63
7 64
7 65
7 66
7 67
7 68
7 69
7 70
7 72
7 73
7 74
7 75
7 76
7 77
7 78
7 79
7 81
7 83
7 84
7 85
7 86
7 87
7 88
7 89
7 90
7 91
7 92
7 94
7 95
7 97
7 98
7 99
8 14
8 25
8 30
8 36
8 37
8 38
8 46
8 49
8 64
8 65
8 66
8 68
8 71
8 72
8 75
8 84
8 86
8 89
8 92
9 15
9 19
9 20
9 22
9 23
9 29
9 30
9 33
9 35
9 37
9 40
9 42
9 63
9 65
9 72
9 76
9 79
9 80
9 93
9 96
10 12
10 14
10 15
10 16
10 17
10 18
10 19
10 20
10 21
10 22
10 24
10 25
10 26
10 27
10 28
10 29
10 30
10 32
10 33
10 34
10 35
10 36
10 39
10 41
10 43
10 44
10 45
10 46
10 47
10 48
10 49
10 62
10 63
10 64
10 66
10 67
10 70
10 71
10 72
10 73
10 76
10 77
10 78
10 80
10 82
10 84
10 85
10 86
10 87
10 88
10 90
10 92
10 93
10 94
10 95
10 96
10 98
10 99
11 30
12 13
12 14
12 15
12 16
12 17
12 18
12 19
12 20
12 21
12 22
12 23
12 24
12 25
12 26
12 27
12 28
12 29
12 30
12 32
12 33
12 34
12 35
12 36
12 37
12 38
12 39
12 40
12 41
12 42
12 43
12 44
12 45
12 46
12 47
12 48
12 49
12 63
12 64
12 65
12 66
12 67
12 68
12 69
12 70
12 71
12 72
12 73
12 74
12 75
12 76
12 77
12 78
12 79
12 81
12 82
12 83
12 85
12 87
12 88
12 89
12 90
12 91
12 92
12 93
12 94
12 95
12 96
12 97
12 98
12 99
13 23
13 28
13 43
13 46
13 49
13 78
13 79
13 81
13 86
13 89
13 97
14 15
14 16
14 17
14 18
14 19
14 20
14 21
14 22
14 23
14 24
14 25
14 26
14 27
14 29
14 30
14 31
14 32
14 33
14 34
14 35
14 36
14 37
14 38
14 39
14 40
14 41
14 42
14 43
14 44
14 45
14 46
14 48
14 49
14 65
14 66
14 67
14 68
14 69
14 70
14 71
14 72
14 73
14 74
14 75
14 76
14 77
14 78
14 79
14 80
14 81
14 82
14 83
14 84
14 85
14 86
14 88
14 89
14 90
14 91
14 92
14 93
14 94
14 95
14 97
14 99
15 16
15 17
15 18
15 19
15 20
15 21
15 22
15 23
15 24
15 25
15 26
15 27
15 28
15 29
15 30
15 31
15 32
15 33
15 34
15 35
15 36
15 37
15 38
15 39
15 40
15 41
15 42
15 43
15 44
15 45
15 46
15 47
15 48
15 49
15 66
15 67
15 68
15 69
15 70
15 71
15 72
15 73
15 74
15 75
15 76
15 77
15 78
15 79
15 80
15 81
15 82
15 83
15 84
15 85
15 86
15 87
15 88
15 89
15 90
15 92
15 93
15 94
15 95
15 96
15 97
15 98
15 99
16 18
16 27
16 28
16 30
16 33
16 34
16 38
16 39
16 40
16 41
16 49
16 69
16 70
16 71
16 75
16 76
16 77
16 78
16 89
16 90
16 93
16 95
16 96
16 97
16 98
16 99
17 19
17 29
17 39
17 81
17 90
18 31
18 32
18 41
18 72
18 80
19 20
19 21
19 22
19 24
19 26
19 29
19 30
19 31
19 32
19 33
19 35
19 36
19 37
19 38
19 39
19 41
19 48
19 49
19 72
19 73
19 74
19 75
19 76
19 77
19 79
19 80
19 81
19 82
19 83
19 84
19 86
19 87
19 88
19 91
19 92
19 93
19 94
19 95
19 96
19 97
19 98
20 72
20 76
20 86
20 88
20 91
20 96
21 23
21 24
21 27
21 28
21 29
21 31
21 32
21 33
21 37
21 41
21 42
21 44
21 45
21 46
21 47
21 48
21 73
21 74
21 75
21 76
21 78
21 79
21 80
21 81
21 82
21 84
21 88
21 89
21 90
21 91
21 96
22 23
22 24
22 25
22 29
22 32
22 34
22 35
22 38
22 45
22 46
22 48
22 49
22 74
22 76
22 77
22 80
22 82
22 83
22 85
22 86
22 88
22 90
22 92
22 94
22 95
22 97
23 24
23 25
23 27
23 28
23 29
23 30
23 31
23 33
23 34
23 35
23 36
23 37
23 38
23 40
23 41
23 42
23 43
23 44
23 45
23 46
23 47
23 48
23 49
23 74
23 75
23 76
23 77
23 79
23 80
23 81
23 82
23 83
23 84
23 85
23 86
23 87
23 88
23 89
23 90
23 91
23 92
23 93
23 94
23 95
23 96
23 97
23 98
23 99
24 26
24 27
24 31
24 32
24 36
24 42
24 45
24 46
24 47
24 48
24 78
24 80
24 81
24 85
24 87
24 92
24 95
24 97
24 98
24 99
25 26
25 30
25 36
25 40
25 41
25 43
25 76
25 77
25 78
25 90
25 91
25 96
26 27
26 28
26 31
26 33
26 36
26 39
26 40
26 41
26 43
26 44
26 47
26 49
26 78
26 79
26 80
26 84
26 85
26 86
26 87
26 88
26 91
26 92
26 95
26 96
26 98
26 99
27 28
27 29
27 30
27 31
27 32
27 33
27 34
27 35
27 36
27 37
27 40
27 41
27 44
27 45
27 47
27 48
27 49
27 78
27 79
27 81
27 82
27 83
27 84
27 85
27 86
27 87
27 88
27 90
27 91
27 92
27 93
27 95
27 96
27 97
27 98
27 99
28 46
29 38
29 45
29 47
29 88
30 31
30 32
30 33
30 34
30 35
30 36
30 37
30 39
30 40
30 41
30 42
30 43
30 44
30 46
30 47
30 48
30 49
30 81
30 82
30 83
30 84
30 85
30 87
30 88
30 89
30 91
30 92
30 93
30 94
30 95
30 96
30 97
30 99
31 33
31 38
31 44
31 82
31 84
31 87
31 91
31 94
32 38
32 91
32 95
33 34
33 35
33 36
33 37
33 38
33 40
33 41
33 42
33 43
33 44
33 45
33 46
33 47
33 48
33 49
33 84
33 85
33 86
33 87
33 88
33 89
33 90
33 91
33 92
33 93
33 94
33 95
33 96
33 97
33 98
33 99
34 41
34 44
34 93
34 99
35 36
35 37
35 38
35 39
35 42
35 43
35 44
35 45
35 46
35 47
35 48
35 49
35 86
35 87
35 88
35 90
35 91
35 92
35 93
35 94
35 95
35 96
35 98
36 38
36 39
36 40
36 41
36 42
36 43
36 44
36 45
36 46
36 47
36 48
36 87
36 89
36 90
36 91
36 93
36 94
36 95
36 96
36 97
36 98
36 99
37 38
37 40
37 41
37 42
37 43
37 44
37 45
37 46
37 49
37 91
37 92
37 93
37 94
37 96
37 97
37 98
38 41
38 89
38 90
38 91
38 94
39 40
39 43
39 45
39 49
39 92
39 93
40 44
40 91
40 93
40 97
41 42
42 95
43 45
43 47
43 48
43 49
43 94
43 95
43 96
43 97
43 98
43 99
44 47
44 97
45 47
46 47
46 48
46 97
46 98
46 99
47 99
48 99
50 1
50 2
50 3
50 4
50 5
50 7
50 8
50 9
50 10
50 11
50 13
50 14
50 16
50 17
50 18
50 20
50 21
50 22
50 23
50 24
50 27
50 28
50 29
50 30
50 31
50 34
50 35
50 37
50 38
50 40
50 41
50 42
50 45
50 48
50 49
50 52
50 53
50 55
50 58
50 59
50 61
50 62
50 64
50 65
50 67
50 68
50 69
50 71
50 72
50 75
50 76
50 77
50 78
50 79
50 80
50 81
50 82
50 83
50 84
50 85
50 86
50 88
50 90
50 91
50 92
50 93
50 95
50 96
50 97
50 98
50 99
51 6
51 11
51 23
51 33
51 36
51 38
51 42
51 47
51 58
51 60
51 61
51 69
51 75
51 82
52 4
52 6
52 25
52 26
52 28
52 33
52 42
52 44
52 49
52 64
52 65
52 66
52 72
52 77
52 79
52 86
52 90
52 94
52 95
53 4
53 5
53 7
53 8
53 11
53 15
53 18
53 19
53 20
53 21
53 22
53 23
53 24
53 25
53 27
53 31
53 32
53 36
53 38
53 39
53 45
53 46
53 49
53 55
53 57
53 58
53 62
53 63
53 65
53 66
53 68
53 69
53 73
53 75
53 77
53 78
53 79
53 84
53 85
53 86
53 89
53 90
53 92
53 93
53 94
53 99
54 5
54 6
54 7
54 8
54 9
54 10
54 11
54 12
54 15
54 16
54 17
54 18
54 19
54 20
54 22
54 24
54 25
54 26
54 27
54 28
54 31
54 32
54 33
54 34
54 36
54 38
54 39
54 40
54 41
54 42
54 43
54 45
54 46
54 48
54 49
54 55
54 56
54 57
54 59
54 61
54 62
54 63
54 64
54 65
54 66
54 67
54 68
54 70
54 71
54 72
54 73
54 74
54 75
54 76
54 77
54 78
54 79
54 80
54 81
54 82
54 83
54 84
54 85
54 86
54 87
54 88
54 89
54 90
54 91
54 92
54 93
54 94
54 96
54 97
54 98
55 7
55 8
55 12
55 13
55 19
55 21
55 23
55 25
55 26
55 27
55 30
55 32
55 33
55 35
55 37
55 38
55 39
55 40
55 42
55 43
55 46
55 47
55 49
55 56
55 58
55 62
55 66
55 68
55 69
55 70
55 71
55 72
55 77
55 78
55 81
55 85
55 86
55 90
55 99
56 7
56 12
56 16
56 24
56 26
56 27
56 28
56 30
56 31
56 33
56 36
56 42
56 44
56 48
56 57
56 59
56 63
56 69
56 71
56 72
56 73
56 74
56 77
56 80
56 87
56 88
56 92
56 95
56 96
57 9
57 10
57 11
57 12
57 13
57 14
57 15
57 16
57 17
57 18
57 20
57 21
57 22
57 24
57 25
57 26
57 27
57 28
57 29
57 30
57 31
57 32
57 34
57 38
57 39
57 40
57 41
57 42
57 43
57 44
57 45
57 46
57 47
57 48
57 49
57 58
57 59
57 60
57 61
57 62
57 63
57 64
57 65
57 66
57 69
57 70
57 71
57 76
57 77
57 78
57 79
57 80
57 81
57 82
57 83
57 84
57 85
57 86
57 87
57 88
57 89
57 90
57 92
57 93
57 94
57 95
57 96
57 97
57 98
57 99
58 10
58 11
58 15
58 16
58 17
58 18
58 19
58 20
58 21
58 29
58 30
58 32
58 34
58 35
58 37
58 38
58 40
58 42
58 44
58 45
58 46
58 47
58 48
58 49
58 60
58 61
58 62
58 63
58 66
58 68
58 70
58 72
58 73
58 74
58 75
58 76
58 79
58 80
58 81
58 83
58 85
58 88
58 90
58 91
58 95
58 96
58 98
59 11
59 19
59 23
59 24
59 25
59 27
59 29
59 30
59 31
59 33
59 34
59 41
59 42
59 45
59 46
59 49
59 60
59 61
59 62
59 63
59 68
59 76
59 78
59 79
59 83
59 85
59 89
59 92
59 94
59 96
60 11
60 12
60 13
60 14
60 15
60 16
60 17
60 18
60 19
60 20
60 21
60 22
60 23
60 25
60 26
60 27
60 28
60 29
60 30
60 31
60 32
60 33
60 34
60 35
60 36
60 37
60 38
60 39
60 40
60 41
60 42
60 43
60 44
60 45
60 46
60 47
60 48
60 49
60 61
60 62
60 63
60 64
60 65
60 66
60 67
60 69
60 70
60 71
60 72
60 73
60 74
60 75
60 76
60 77
60 78
60 79
60 80
60 81
60 82
60 83
60 84
60 85
60 86
60 87
60 88
60 89
60 90
60 91
60 92
60 93
60 94
60 95
60 96
60 97
60 98
61 12
61 13
61 14
61 15
61 16
61 17
61 18
61 19
61 20
61 21
61 22
61 23
61 24
61 25
61 26
61 27
61 28
61 29
61 30
61 31
61 33
61 34
61 35
61 37
61 38
61 39
61 40
61 41
61 42
61 43
61 44
61 45
61 46
61 47
61 48
61 49
61 62
61 63
61 64
61 65
61 66
61 67
61 68
61 69
61 70
61 71
61 72
61 73
61 75
61 76
61 77
61 78
61 79
61 80
61 81
61 82
61 83
61 84
61 85
61 87
61 88
61 89
61 90
61 91
61 92
61 93
61 94
61 95
61 96
61 97
61 98
61 99
62 13
62 14
62 15
62 16
62 18
62 19
62 20
62 21
62 22
62 23
62 24
62 25
62 26
62 27
62 28
62 29
62 30
62 31
62 32
62 33
62 34
62 35
62 36
62 37
62 38
62 39
62 40
62 41
62 44
62 45
62 46
62 47
62 48
62 63
62 64
62 65
62 66
62 67
62 68
62 69
62 70
62 72
62 73
62 74
62 75
62 76
62 77
62 78
62 79
62 80
62 81
62 82
62 83
62 84
62 85
62 86
62 87
62 88
62 89
62 90
62 91
62 92
62 93
62 94
62 95
62 96
62 97
62 98
62 99
63 14
63 15
63 17
63 19
63 21
63 22
63 23
63 24
63 25
63 26
63 27
63 28
63 31
63 32
63 34
63 35
63 37
63 39
63 40
63 41
63 42
63 43
63 44
63 45
63 46
63 47
63 48
63 64
63 65
63 66
63 68
63 69
63 70
63 72
63 73
63 74
63 75
63 76
63 77
63 78
63 79
63 82
63 83
63 85
63 86
63 87
63 90
63 91
63 92
63 94
63 95
63 96
63 97
63 98
64 17
64 29
64 33
64 40
64 66
64 76
64 86
64 91
64 99
65 16
65 17
65 18
65 19
65 20
65 21
65 22
65 23
65 24
65 26
65 27
65 29
65 31
65 32
65 34
65 35
65 36
65 38
65 39
65 40
65 42
65 43
65 44
65 47
65 48
65 66
65 68
65 70
65 71
65 72
65 75
65 76
65 78
65 80
65 81
65 83
65 86
65 87
65 88
65 89
65 90
65 91
65 93
65 94
65 95
65 96
65 97
65 99
66 20
66 21
66 22
66 24
66 25
66 27
66 31
66 32
66 34
66 36
66 37
66 39
66 40
66 41
66 42
66 43
66 44
66 45
66 46
66 47
66 48
66 68
66 69
66 71
66 72
66 73
66 75
66 76
66 77
66 79
66 80
66 81
66 82
66 83
66 84
66 85
66 86
66 87
66 89
66 90
66 92
66 93
66 94
66 95
66 96
66 98
66 99
67 21
67 28
67 38
67 39
67 41
67 45
67 46
67 48
67 73
67 74
67 76
67 78
67 91
67 95
67 99
68 89
69 23
69 32
69 35
69 81
69 89
69 95
70 23
70 27
70 32
70 34
70 35
70 37
70 42
70 43
70 45
70 47
70 71
70 75
70 76
70 80
70 87
70 88
70 91
70 92
70 95
70 96
70 97
70 99
71 25
71 27
71 35
71 42
71 45
71 76
71 78
71 80
71 86
71 87
71 89
71 92
71 99
72 24
72 25
72 26
72 29
72 31
72 32
72 36
72 38
72 40
72 41
72 42
72 43
72 73
72 74
72 75
72 78
72 79
72 80
72 81
72 84
72 86
72 87
72 88
72 89
72 90
72 91
72 92
72 93
72 95
72 96
72 99
73 26
73 31
73 32
73 33
73 34
73 42
73 43
73 75
73 76
73 79
73 80
73 82
73 84
73 87
73 88
73 90
73 92
73 93
73 95
73 98
74 46
74 86
74 87
74 95
74 96
74 99
75 29
75 30
75 32
75 34
75 36
75 39
75 48
75 79
75 81
75 82
75 85
75 87
75 89
75 90
75 93
75 95
75 96
75 98
75 99
76 45
76 85
76 90
77 30
77 32
77 33
77 35
77 36
77 37
77 38
77 40
77 41
77 46
77 47
77 48
77 49
77 78
77 81
77 82
77 84
77 85
77 86
77 90
77 93
77 95
77 96
77 97
78 79
79 31
79 32
79 33
79 34
79 35
79 36
79 37
79 38
79 39
79 40
79 41
79 42
79 43
79 44
79 45
79 46
79 47
79 48
79 49
79 80
79 81
79 82
79 83
79 84
79 85
79 86
79 87
79 88
79 89
79 90
79 91
79 92
79 93
79 94
79 95
79 97
79 98
79 99
80 35
80 44
80 86
80 93
80 97
81 32
81 39
81 41
81 43
81 49
81 84
81 85
81 93
81 94
81 98
81 99
82 33
82 37
82 38
82 39
82 40
82 43
82 46
82 47
82 85
82 89
82 94
82 97
83 34
83 35
83 37
83 41
83 43
83 44
83 46
83 47
83 49
83 86
83 88
83 90
83 94
83 97
83 98
83 99
84 35
84 36
84 37
84 38
84 40
84 41
84 42
84 43
84 44
84 45
84 46
84 47
84 48
84 49
84 85
84 86
84 87
84 89
84 90
84 91
84 92
84 93
84 94
84 95
84 96
84 98
84 99
85 37
85 39
85 41
85 42
85 43
85 44
85 46
85 47
85 48
85 86
85 87
85 88
85 89
85 90
85 91
85 92
85 94
85 95
85 96
85 97
85 99
86 39
86 48
86 96
86 98
87 41
87 45
87 48
87 90
87 91
87 93
87 97
88 39
88 40
88 41
88 42
88 43
88 44
88 45
88 48
88 89
88 91
88 92
88 93
88 94
88 95
88 97
88 98
88 99
89 40
89 41
89 42
89 43
89 45
89 46
89 47
89 48
89 49
89 91
89 92
89 93
89 94
89 95
89 96
89 97
89 98
89 99
90 41
90 42
90 43
90 44
90 45
90 46
90 47
90 49
90 91
90 92
90 95
90 96
90 97
91 46
91 47
91 48
91 49
91 92
91 94
91 96
91 97
92 45
92 93
93 44
93 45
93 46
93 47
93 48
93 49
93 94
93 96
93 97
93 98
93 99
94 45
94 46
94 48
94 49
94 95
94 97
94 98
94 99
95 46
95 48
95 49
95 96
95 97
95 98
95 99
96 98
97 99
98 99
