200
0 40 2.7
1 40 2.7
2 40 2.7
3 40 2.7
4 40 2.7
5 40 2.7
6 40 2.7
7 40 2.7
8 40 2.7
9 40 2.7
10 40 2.7
11 40 2.7
12 40 2.7
13 40 2.7
14 40 2.7
15 40 2.7
16 40 2.7
17 40 2.7
18 40 2.7
19 40 2.7
20 40 2.7
21 40 2.7
22 40 2.7
23 40 2.7
24 40 2.7
25 40 2.7
26 40 2.7
27 40 2.7
28 40 2.7
29 40 2.7
30 40 2.7
31 40 2.7
32 40 2.7
33 40 2.7
34 40 2.7
35 40 2.7
36 40 2.7
37 40 2.7
38 40 2.7
39 40 2.7
40 40 2.7
41 40 2.7
42 40 2.7
43 40 2.7
44 40 2.7
45 40 2.7
46 40 2.7
47 40 2.7
48 40 2.7
49 40 2.7
50 40 2.7
51 40 2.7
52 40 2.7
53 40 2.7
54 40 2.7
55 40 2.7
56 40 2.7
57 40 2.7
58 40 2.7
59 40 2.7
60 40 2.7
61 40 2.7
62 40 2.7
63 40 2.7
64 40 2.7
65 40 2.7
66 40 2.7
67 40 2.7
68 40 2.7
69 40 2.7
70 40 2.7
71 40 2.7
72 40 2.7
73 40 2.7
74 40 2.7
75 40 2.7
76 40 2.7
77 40 2.7
78 40 2.7
79 40 2.7
80 40 2.7
81 40 2.7
82 40 2.7
83 40 2.7
84 40 2.7
85 40 2.7
86 40 2.7
87 40 2.7
88 40 2.7
89 40 2.7
90 40 2.7
91 40 2.7
92 40 2.7
93 40 2.7
94 40 2.7
95 40 2.7
96 40 2.7
97 40 2.7
98 40 2.7
99 40 2.7
100 40 2.7
101 40 2.7
102 40 2.7
103 40 2.7
104 40 2.7
105 40 2.7
106 40 2.7
107 40 2.7
108 40 2.7
109 40 2.7
110 40 2.7
111 40 2.7
112 40 2.7
113 40 2.7
114 40 2.7
115 40 2.7
116 40 2.7
117 40 2.7
118 40 2.7
119 40 2.7
120 40 2.7
121 40 2.7
122 40 2.7
123 40 2.7
124 40 2.7
125 40 2.7
126 40 2.7
127 40 2.7
128 40 2.7
129 40 2.7
130 40 2.7
131 40 2.7
132 40 2.7
133 40 2.7
134 40 2.7
135 40 2.7
136 40 2.7
137 40 2.7
138 40 2.7
139 40 2.7
140 40 2.7
141 40 2.7
142 40 2.7
143 40 2.7
144 40 2.7
145 40 2.7
146 40 2.7
147 40 2.7
148 40 2.7
149 40 2.7
150 40 2.7
151 40 2.7
152 40 2.7
153 40 2.7
154 40 2.7
155 40 2.7
156 40 2.7
157 40 2.7
158 40 2.7
159 40 2.7
160 40 2.7
161 40 2.7
162 40 2.7
163 40 2.7
164 40 2.7
165 40 2.7
166 40 2.7
167 40 2.7
168 40 2.7
169 40 2.7
170 40 2.7
171 40 2.7
172 40 2.7
173 40 2.7
174 40 2.7
175 40 2.7
176 40 2.7
177 40 2.7
178 40 2.7
179 40 2.7
180 40 2.7
181 40 2.7
182 40 2.7
183 40 2.7
184 40 2.7
185 40 2.7
186 40 2.7
187 40 2.7
188 40 2.7
189 40 2.7
190 40 2.7
191 40 2.7
192 40 2.7
193 40 2.7
194 40 2.7
195 40 2.7
196 40 2.7
197 40 2.7
198 40 2.7
199 40 2.7
0 1
0 3
0 5
0 7
0 8
0 9
0 10
0 11
0 14
0 16
0 19
0 20
0 22
0 24
0 25
0 26
0 28
0 29
0 30
0 31
0 32
0 36
0 37
0 38
0 39
0 41
0 42
0 44
0 46
0 47
0 48
0 50
0 51
0 54
0 57
0 58
0 59
0 60
0 65
0 66
0 67
0 70
0 72
0 73
0 75
0 76
0 77
0 78
0 81
0 82
0 83
0 85
0 86
0 87
0 88
0 90
0 91
0 93
0 94
0 95
0 96
0 97
0 98
0 102
0 103
0 104
0 105
0 107
0 111
0 112
0 113
0 115
0 117
0 118
0 119
0 120
0 121
0 122
0 123
0 126
0 128
0 129
0 131
0 135
0 136
0 142
0 144
0 147
0 149
0 151
0 153
0 155
0 156
0 157
0 158
0 160
0 161
0 162
0 163
0 164
0 167
0 168
0 172
0 173
0 175
0 177
0 178
0 180
0 184
0 185
0 186
0 188
0 189
0 194
0 197
0 198
1 3
1 4
1 22
1 23
1 26
1 29
1 31
1 36
1 38
1 41
1 46
1 48
1 49
1 53
1 57
1 70
1 71
1 73
1 78
1 86
1 87
1 93
1 95
1 96
1 97
1 98
1 105
1 107
1 114
1 116
1 118
1 122
1 123
1 124
1 131
1 132
1 137
1 139
1 140
1 147
1 151
1 154
1 155
1 156
1 158
1 161
1 162
1 166
1 167
1 172
1 173
1 175
1 183
1 188
1 189
1 192
1 195
1 196
1 197
2 3
2 5
2 6
2 7
2 9
2 10
2 11
2 12
2 16
2 18
2 19
2 21
2 22
2 23
2 26
2 27
2 28
2 29
2 30
2 32
2 33
2 35
2 36
2 38
2 39
2 40
2 41
2 42
2 43
2 44
2 45
2 46
2 48
2 50
2 55
2 56
2 57
2 58
2 59
2 61
2 63
2 65
2 66
2 67
2 68
2 69
2 73
2 74
2 75
2 76
2 78
2 79
2 80
2 81
2 84
2 85
2 86
2 87
2 88
2 89
2 90
2 91
2 92
2 93
2 97
2 98
2 105
2 106
2 107
2 108
2 109
2 110
2 111
2 112
2 113
2 114
2 115
2 116
2 117
2 118
2 119
2 120
2 121
2 122
2 123
2 124
2 125
2 126
2 127
2 128
2 129
2 130
2 131
2 132
2 133
2 135
2 136
2 137
2 138
2 140
2 141
2 142
2 144
2 145
2 147
2 148
2 150
2 152
2 153
2 154
2 155
2 157
2 159
2 160
2 161
2 163
2 164
2 165
2 166
2 167
2 168
2 169
2 170
2 171
2 172
2 176
2 177
2 178
2 179
2 180
2 181
2 182
2 184
2 187
2 188
2 189
2 190
2 191
2 192
2 195
2 196
2 198
3 4
3 5
3 7
3 8
3 9
3 10
3 11
3 12
3 13
3 16
3 17
3 18
3 19
3 20
3 21
3 22
3 23
3 24
3 25
3 26
3 27
3 28
3 29
3 30
3 31
3 32
3 33
3 34
3 35
3 36
3 37
3 38
3 39
3 41
3 42
3 43
3 44
3 45
3 48
3 50
3 51
3 52
3 53
3 54
3 55
3 56
3 57
3 58
3 60
3 61
3 62
3 63
3 64
3 65
3 66
3 67
3 69
3 70
3 71
3 72
3 73
3 74
3 75
3 77
3 78
3 79
3 80
3 81
3 82
3 83
3 85
3 86
3 87
3 88
3 89
3 90
3 91
3 92
3 94
3 95
3 96
3 98
3 99
3 104
3 105
3 106
3 107
3 108
3 109
3 110
3 111
3 112
3 113
3 114
3 115
3 116
3 117
3 118
3 119
3 121
3 122
3 123
3 124
3 125
3 126
3 127
3 128
3 129
3 130
3 131
3 133
3 134
3 135
3 136
3 138
3 139
3 140
3 141
3 142
3 143
3 144
3 145
3 146
3 147
3 148
3 149
3 150
3 151
3 152
3 153
3 154
3 155
3 156
3 157
3 158
3 159
3 160
3 162
3 163
3 164
3 165
3 166
3 167
3 168
3 169
3 172
3 173
3 175
3 176
3 177
3 178
3 179
3 181
3 182
3 183
3 184
3 185
3 186
3 188
3 189
3 190
3 191
3 192
3 194
3 195
3 196
3 198
3 199
4 8
4 19
4 25
4 37
4 41
4 55
4 71
4 114
4 132
4 142
4 150
4 152
4 154
4 158
4 162
4 168
4 169
4 171
4 179
5 7
5 9
5 11
5 17
5 19
5 24
5 26
5 31
5 32
5 33
5 41
5 42
5 43
5 46
5 63
5 72
5 76
5 79
5 82
5 83
5 86
5 88
5 91
5 93
5 95
5 96
5 98
5 99
5 108
5 109
5 111
5 115
5 128
5 130
5 132
5 138
5 146
5 148
5 150
5 154
5 157
5 159
5 166
5 168
5 170
5 175
5 180
5 182
5 185
5 193
5 194
5 197
6 7
6 10
6 12
6 13
6 14
6 17
6 19
6 20
6 22
6 23
6 24
6 26
6 31
6 32
6 33
6 35
6 36
6 37
6 38
6 39
6 40
6 41
6 43
6 44
6 46
6 52
6 53
6 54
6 57
6 58
6 59
6 61
6 64
6 66
6 67
6 68
6 69
6 70
6 71
6 72
6 73
6 74
6 76
6 80
6 82
6 83
6 85
6 89
6 91
6 93
6 95
6 99
6 108
6 110
6 111
6 112
6 113
6 115
6 121
6 124
6 125
6 126
6 127
6 129
6 131
6 135
6 136
6 138
6 139
6 141
6 143
6 144
6 146
6 147
6 150
6 151
6 152
6 153
6 156
6 158
6 160
6 162
6 164
6 168
6 173
6 174
6 175
6 176
6 177
6 179
6 182
6 183
6 184
6 185
6 186
6 188
6 191
6 192
6 194
6 195
6 196
6 198
6 199
7 75
7 128
7 155
7 185
8 9
8 11
8 12
8 13
8 14
8 15
8 17
8 20
8 22
8 23
8 24
8 26
8 27
8 29
8 30
8 31
8 32
8 33
8 39
8 40
8 41
8 43
8 44
8 46
8 48
8 49
8 50
8 52
8 53
8 54
8 55
8 56
8 57
8 58
8 60
8 61
8 63
8 64
8 66
8 67
8 68
8 69
8 71
8 72
8 73
8 74
8 75
8 76
8 77
8 79
8 80
8 81
8 82
8 83
8 84
8 86
8 87
8 88
8 89
8 90
8 93
8 94
8 95
8 96
8 97
8 99
8 109
8 110
8 111
8 112
8 113
8 114
8 115
8 117
8 118
8 119
8 120
8 121
8 123
8 125
8 126
8 127
8 128
8 130
8 131
8 132
8 133
8 135
8 136
8 137
8 138
8 140
8 141
8 142
8 146
8 147
8 149
8 150
8 151
8 153
8 158
8 159
8 160
8 161
8 162
8 163
8 164
8 165
8 166
8 169
8 170
8 171
8 172
8 173
8 174
8 175
8 176
8 177
8 178
8 181
8 182
8 183
8 184
8 186
8 189
8 192
8 193
8 194
8 195
8 196
8 199
9 10
9 12
9 15
9 18
9 19
9 20
9 21
9 22
9 28
9 29
9 30
9 31
9 33
9 35
9 37
9 38
9 44
9 46
9 48
9 49
9 50
9 51
9 59
9 62
9 63
9 67
9 68
9 69
9 70
9 71
9 73
9 75
9 79
9 81
9 85
9 94
9 96
9 97
9 110
9 111
9 114
9 118
9 122
9 124
9 125
9 126
9 127
9 129
9 132
9 134
9 136
9 137
9 138
9 140
9 141
9 142
9 143
9 146
9 147
9 148
9 149
9 150
9 151
9 152
9 155
9 159
9 161
9 162
9 164
9 165
9 166
9 167
9 169
9 171
9 172
9 173
9 177
9 181
9 183
9 184
9 185
9 186
9 187
9 188
9 189
9 193
9 194
9 196
10 13
10 17
10 23
10 24
10 28
10 29
10 32
10 38
10 41
10 42
10 62
10 63
10 64
10 82
10 83
10 92
10 93
10 120
10 121
10 123
10 129
10 132
10 134
10 135
10 137
10 140
10 148
10 155
10 172
10 176
10 179
10 187
10 188
10 196
10 197
11 21
11 22
11 24
11 32
11 35
11 40
11 55
11 57
11 63
11 64
11 70
11 76
11 88
11 91
11 94
11 116
11 120
11 121
11 124
11 129
11 133
11 138
11 145
11 147
11 157
11 172
11 177
11 179
11 181
11 182
11 189
11 190
12 25
12 29
12 30
12 31
12 35
12 41
12 43
12 44
12 45
12 48
12 52
12 53
12 54
12 57
12 60
12 61
12 63
12 67
12 69
12 75
12 80
12 81
12 84
12 85
12 87
12 88
12 89
12 91
12 93
12 95
12 98
12 114
12 115
12 118
12 120
12 123
12 125
12 129
12 130
12 134
12 137
12 139
12 140
12 145
12 146
12 147
12 148
12 150
12 151
12 154
12 157
12 158
12 161
12 164
12 167
12 171
12 174
12 176
12 179
12 184
12 188
12 193
12 194
12 196
12 197
12 198
12 199
13 14
13 15
13 16
13 17
13 20
13 22
13 24
13 32
13 33
13 43
13 46
13 55
13 57
13 61
13 62
13 65
13 68
13 72
13 74
13 79
13 80
13 91
13 92
13 116
13 122
13 124
13 127
13 133
13 138
13 141
13 143
13 150
13 151
13 154
13 155
13 159
13 161
13 166
13 167
13 170
13 175
13 179
13 180
13 182
13 189
13 191
13 192
13 197
14 15
14 16
14 17
14 18
14 19
14 20
14 21
14 22
14 23
14 25
14 26
14 27
14 28
14 29
14 30
14 31
14 32
14 33
14 34
14 35
14 36
14 37
14 38
14 39
14 40
14 41
14 42
14 43
14 44
14 45
14 46
14 47
14 48
14 49
14 50
14 51
14 52
14 53
14 54
14 55
14 56
14 57
14 58
14 59
14 60
14 61
14 62
14 63
14 64
14 66
14 67
14 68
14 69
14 70
14 71
14 72
14 73
14 74
14 75
14 76
14 77
14 78
14 79
14 80
14 81
14 82
14 83
14 85
14 86
14 88
14 89
14 90
14 91
14 93
14 94
14 95
14 96
14 98
14 99
14 116
14 117
14 118
14 119
14 120
14 122
14 123
14 124
14 125
14 126
14 127
14 129
14 130
14 131
14 132
14 133
14 134
14 136
14 137
14 138
14 139
14 140
14 141
14 142
14 143
14 144
14 145
14 146
14 147
14 148
14 149
14 150
14 151
14 152
14 153
14 154
14 156
14 157
14 158
14 159
14 161
14 162
14 163
14 164
14 166
14 167
14 168
14 169
14 170
14 171
14 172
14 173
14 174
14 175
14 176
14 177
14 178
14 179
14 180
14 181
14 182
14 183
14 184
14 185
14 186
14 187
14 188
14 189
14 190
14 191
14 192
14 193
14 197
14 198
14 199
15 22
15 42
15 67
15 77
15 133
15 176
16 19
16 20
16 22
16 23
16 24
16 25
16 26
16 28
16 29
16 30
16 31
16 32
16 33
16 34
16 35
16 37
16 39
16 41
16 42
16 43
16 44
16 48
16 49
16 50
16 51
16 52
16 54
16 55
16 56
16 57
16 58
16 59
16 60
16 61
16 65
16 66
16 67
16 69
16 71
16 73
16 74
16 76
16 78
16 79
16 81
16 83
16 85
16 86
16 87
16 88
16 89
16 90
16 93
16 94
16 95
16 97
16 99
16 117
16 118
16 122
16 123
16 126
16 127
16 128
16 129
16 130
16 132
16 133
16 134
16 135
16 136
16 137
16 138
16 139
16 141
16 142
16 143
16 144
16 146
16 147
16 148
16 150
16 151
16 152
16 153
16 155
16 156
16 157
16 159
16 160
16 162
16 163
16 164
16 165
16 166
16 167
16 168
16 169
16 170
16 172
16 173
16 174
16 175
16 176
16 178
16 179
16 180
16 181
16 182
16 183
16 184
16 185
16 186
16 187
16 189
16 191
16 192
16 193
16 195
16 196
16 197
16 198
16 199
17 29
17 33
17 36
17 82
17 177
17 187
18 19
18 20
18 21
18 22
18 23
18 24
18 25
18 27
18 29
18 30
18 31
18 32
18 33
18 34
18 35
18 36
18 37
18 38
18 40
18 41
18 42
18 43
18 44
18 45
18 46
18 47
18 48
18 49
18 50
18 51
18 52
18 53
18 55
18 58
18 60
18 61
18 62
18 65
18 67
18 68
18 69
18 70
18 71
18 72
18 73
18 74
18 75
18 76
18 77
18 78
18 79
18 80
18 81
18 82
18 84
18 85
18 86
18 87
18 88
18 89
18 90
18 91
18 92
18 94
18 95
18 96
18 97
18 98
18 99
18 119
18 120
18 121
18 122
18 123
18 124
18 125
18 127
18 128
18 129
18 131
18 132
18 133
18 134
18 135
18 136
18 137
18 138
18 139
18 140
18 141
18 142
18 143
18 144
18 145
18 146
18 147
18 148
18 149
18 150
18 151
18 152
18 153
18 154
18 155
18 157
18 158
18 159
18 160
18 162
18 163
18 164
18 165
18 166
18 168
18 170
18 171
18 172
18 173
18 174
18 175
18 176
18 177
18 178
18 179
18 180
18 181
18 182
18 183
18 184
18 185
18 186
18 187
18 188
18 189
18 190
18 191
18 192
18 193
18 194
18 195
18 196
18 197
18 198
18 199
19 42
19 63
19 73
19 94
19 136
19 155
19 166
19 171
19 174
19 176
19 178
19 183
19 199
20 21
20 22
20 23
20 24
20 25
20 26
20 27
20 28
20 29
20 30
20 31
20 32
20 33
20 35
20 36
20 37
20 38
20 39
20 40
20 41
20 42
20 43
20 44
20 45
20 46
20 47
20 48
20 50
20 51
20 52
20 54
20 55
20 56
20 57
20 58
20 59
20 60
20 61
20 62
20 63
20 64
20 65
20 66
20 67
20 68
20 69
20 70
20 71
20 72
20 74
20 75
20 76
20 77
20 78
20 79
20 80
20 81
20 82
20 83
20 84
20 85
20 86
20 87
20 88
20 89
20 90
20 91
20 92
20 93
20 94
20 96
20 97
20 98
20 99
20 121
20 122
20 123
20 124
20 125
20 126
20 127
20 128
20 129
20 130
20 131
20 132
20 133
20 134
20 135
20 136
20 137
20 138
20 139
20 140
20 141
20 142
20 143
20 144
20 145
20 146
20 147
20 148
20 149
20 150
20 151
20 152
20 153
20 154
20 155
20 156
20 157
20 158
20 160
20 161
20 162
20 163
20 164
20 165
20 167
20 168
20 170
20 171
20 172
20 173
20 174
20 175
20 176
20 177
20 178
20 179
20 180
20 182
20 183
20 184
20 186
20 187
20 188
20 189
20 190
20 191
20 192
20 193
20 194
20 195
20 196
20 197
20 198
21 40
21 63
21 67
21 137
21 158
21 168
21 169
21 173
21 179
21 198
22 24
22 25
22 26
22 27
22 28
22 29
22 30
22 31
22 32
22 33
22 34
22 35
22 36
22 37
22 38
22 40
22 41
22 42
22 43
22 44
22 45
22 46
22 47
22 48
22 49
22 50
22 51
22 52
22 53
22 54
22 55
22 56
22 57
22 58
22 59
22 60
22 62
22 64
22 65
22 66
22 67
22 68
22 69
22 70
22 71
22 72
22 73
22 74
22 75
22 76
22 77
22 78
22 79
22 80
22 81
22 82
22 83
22 84
22 85
22 87
22 88
22 89
22 90
22 91
22 92
22 93
22 94
22 95
22 96
22 97
22 98
22 99
22 123
22 124
22 125
22 126
22 127
22 128
22 129
22 130
22 131
22 132
22 133
22 134
22 135
22 136
22 137
22 138
22 140
22 141
22 142
22 143
22 144
22 145
22 146
22 147
22 148
22 149
22 150
22 151
22 152
22 153
22 154
22 155
22 156
22 157
22 158
22 160
22 161
22 162
22 163
22 164
22 165
22 166
22 167
22 168
22 169
22 170
22 171
22 172
22 173
22 174
22 175
22 176
22 177
22 178
22 179
22 180
22 181
22 182
22 183
22 184
22 185
22 186
22 187
22 189
22 190
22 191
22 192
22 193
22 194
22 196
22 197
22 198
22 199
23 28
23 29
23 34
23 38
23 44
23 48
23 50
23 51
23 53
23 55
23 58
23 60
23 61
23 67
23 68
23 71
23 73
23 74
23 75
23 76
23 77
23 80
23 81
23 82
23 83
23 86
23 89
23 90
23 91
23 92
23 96
23 97
23 99
23 124
23 126
23 128
23 129
23 131
23 132
23 133
23 137
23 139
23 143
23 146
23 147
23 151
23 152
23 155
23 156
23 157
23 158
23 160
23 162
23 163
23 164
23 167
23 168
23 169
23 170
23 173
23 174
23 176
23 178
23 180
23 181
23 182
23 184
23 185
23 186
23 187
23 188
23 189
23 192
23 194
23 197
24 25
24 26
24 27
24 28
24 29
24 31
24 32
24 33
24 34
24 35
24 36
24 38
24 40
24 42
24 45
24 47
24 48
24 50
24 51
24 52
24 54
24 57
24 60
24 62
24 64
24 65
24 66
24 67
24 68
24 69
24 70
24 71
24 72
24 73
24 75
24 76
24 78
24 79
24 81
24 82
24 83
24 84
24 87
24 88
24 89
24 91
24 92
24 94
24 95
24 96
24 97
24 98
24 99
24 125
24 127
24 128
24 129
24 131
24 134
24 135
24 137
24 139
24 148
24 149
24 150
24 151
24 152
24 153
24 154
24 155
24 157
24 158
24 159
24 160
24 161
24 163
24 164
24 165
24 166
24 167
24 168
24 169
24 170
24 171
24 172
24 174
24 176
24 177
24 178
24 179
24 180
24 181
24 183
24 186
24 187
24 188
24 189
24 191
24 193
24 195
24 196
24 197
24 198
25 28
25 35
25 37
25 39
25 40
25 49
25 51
25 54
25 55
25 57
25 61
25 63
25 66
25 68
25 69
25 74
25 81
25 83
25 84
25 88
25 92
25 97
25 127
25 135
25 139
25 140
25 142
25 153
25 154
25 160
25 165
25 166
25 167
25 172
25 173
25 176
25 180
25 181
25 182
25 184
25 185
25 190
25 193
25 194
25 197
26 33
26 36
26 38
26 39
26 42
26 43
26 44
26 45
26 46
26 48
26 50
26 52
26 53
26 56
26 57
26 58
26 59
26 60
26 63
26 64
26 65
26 69
26 70
26 72
26 73
26 74
26 82
26 88
26 89
26 93
26 99
26 131
26 138
26 140
26 141
26 143
26 145
26 150
26 152
26 154
26 155
26 156
26 158
26 160
26 161
26 163
26 164
26 165
26 167
26 168
26 170
26 171
26 172
26 173
26 174
26 175
26 176
26 177
26 178
26 181
26 184
26 185
26 186
26 188
26 190
26 192
26 197
26 199
27 30
27 31
27 33
27 34
27 35
27 37
27 38
27 39
27 40
27 41
27 42
27 44
27 45
27 47
27 52
27 53
27 54
27 55
27 58
27 59
27 60
27 61
27 62
27 63
27 64
27 65
27 66
27 67
27 68
27 70
27 71
27 72
27 73
27 74
27 75
27 76
27 77
27 79
27 80
27 81
27 82
27 83
27 85
27 86
27 87
27 88
27 89
27 90
27 91
27 92
27 93
27 94
27 98
27 99
27 128
27 129
27 130
27 132
27 133
27 134
27 137
27 139
27 140
27 141
27 142
27 143
27 145
27 146
27 147
27 150
27 152
27 153
27 154
27 155
27 156
27 157
27 158
27 160
27 161
27 162
27 163
27 165
27 166
27 167
27 170
27 171
27 172
27 173
27 175
27 176
27 180
27 182
27 183
27 184
27 185
27 186
27 187
27 188
27 189
27 190
27 192
27 193
27 194
27 196
27 197
27 198
27 199
28 30
28 31
28 32
28 33
28 36
28 39
28 40
28 43
28 45
28 46
28 47
28 48
28 50
28 51
28 52
28 53
28 54
28 55
28 56
28 57
28 58
28 59
28 60
28 61
28 62
28 64
28 66
28 67
28 68
28 69
28 70
28 73
28 75
28 76
28 78
28 81
28 83
28 84
28 85
28 86
28 88
28 91
28 93
28 94
28 95
28 97
28 129
28 130
28 131
28 132
28 133
28 134
28 135
28 136
28 137
28 139
28 140
28 141
28 142
28 143
28 144
28 145
28 147
28 148
28 149
28 151
28 153
28 154
28 159
28 160
28 162
28 163
28 164
28 165
28 168
28 169
28 171
28 172
28 174
28 175
28 176
28 177
28 178
28 179
28 182
28 183
28 184
28 187
28 188
28 189
28 191
28 192
28 193
28 194
28 195
29 31
29 39
29 45
29 53
29 60
29 71
29 84
29 87
29 134
29 140
29 149
29 163
29 169
29 175
29 182
29 186
29 199
30 31
30 33
30 34
30 35
30 36
30 39
30 40
30 43
30 47
30 49
30 50
30 52
30 58
30 59
30 61
30 62
30 65
30 66
30 67
30 68
30 69
30 70
30 71
30 72
30 74
30 75
30 76
30 77
30 78
30 79
30 82
30 83
30 84
30 87
30 89
30 90
30 91
30 92
30 93
30 94
30 95
30 96
30 98
30 99
30 131
30 132
30 133
30 134
30 137
30 138
30 140
30 147
30 149
30 151
30 154
30 155
30 156
30 157
30 158
30 159
30 165
30 166
30 167
30 168
30 169
30 171
30 172
30 173
30 174
30 175
30 181
30 182
30 184
30 187
30 188
30 191
30 192
30 193
30 194
30 195
30 196
30 197
31 34
31 35
31 36
31 37
31 39
31 40
31 44
31 47
31 50
31 52
31 54
31 56
31 58
31 60
31 61
31 62
31 63
31 64
31 66
31 68
31 72
31 75
31 76
31 77
31 78
31 79
31 80
31 81
31 82
31 85
31 86
31 87
31 88
31 89
31 92
31 93
31 94
31 95
31 97
31 99
31 132
31 139
31 140
31 141
31 142
31 148
31 150
31 151
31 152
31 154
31 155
31 156
31 158
31 159
31 163
31 164
31 165
31 166
31 167
31 168
31 170
31 171
31 176
31 177
31 180
31 181
31 182
31 183
31 185
31 186
31 187
31 188
31 189
31 190
31 191
31 192
31 194
31 195
31 197
31 198
32 33
32 34
32 35
32 36
32 38
32 41
32 44
32 46
32 47
32 52
32 54
32 56
32 57
32 58
32 59
32 60
32 62
32 65
32 66
32 67
32 68
32 69
32 72
32 76
32 77
32 81
32 82
32 83
32 84
32 85
32 90
32 94
32 98
32 99
32 133
32 134
32 135
32 136
32 137
32 140
32 141
32 148
32 149
32 150
32 154
32 157
32 161
32 162
32 165
32 166
32 167
32 168
32 170
32 171
32 174
32 175
32 180
32 181
32 184
32 185
32 187
32 192
32 193
32 194
32 197
32 199
33 35
33 36
33 40
33 42
33 43
33 44
33 45
33 46
33 47
33 49
33 52
33 53
33 55
33 56
33 63
33 68
33 69
33 70
33 73
33 74
33 77
33 78
33 81
33 82
33 83
33 84
33 85
33 86
33 88
33 89
33 91
33 94
33 95
33 96
33 97
33 99
33 134
33 135
33 137
33 138
33 140
33 143
33 144
33 147
33 148
33 149
33 152
33 153
33 155
33 156
33 157
33 160
33 161
33 162
33 170
33 171
33 172
33 174
33 177
33 178
33 179
33 181
33 182
33 183
33 184
33 185
33 186
33 187
33 188
33 189
33 190
33 192
33 194
33 198
34 35
34 36
34 37
34 38
34 39
34 40
34 41
34 42
34 43
34 44
34 45
34 46
34 47
34 48
34 49
34 50
34 51
34 54
34 55
34 56
34 59
34 60
34 61
34 62
34 63
34 64
34 65
34 66
34 67
34 68
34 69
34 70
34 71
34 73
34 75
34 77
34 78
34 79
34 80
34 81
34 83
34 84
34 85
34 86
34 87
34 88
34 90
34 91
34 93
34 94
34 96
34 97
34 98
34 99
34 135
34 136
34 139
34 140
34 141
34 142
34 143
34 144
34 146
34 147
34 148
34 149
34 150
34 152
34 154
34 155
34 156
34 157
34 158
34 159
34 160
34 161
34 162
34 163
34 164
34 165
34 166
34 167
34 168
34 169
34 170
34 172
34 175
34 177
34 178
34 179
34 180
34 182
34 183
34 184
34 185
34 186
34 187
34 188
34 189
34 190
34 191
34 192
34 194
34 195
34 196
34 197
34 199
35 36
35 37
35 38
35 39
35 41
35 42
35 43
35 44
35 45
35 47
35 49
35 50
35 51
35 52
35 53
35 54
35 55
35 57
35 58
35 59
35 61
35 62
35 63
35 64
35 65
35 66
35 67
35 68
35 69
35 70
35 71
35 72
35 73
35 74
35 75
35 76
35 77
35 78
35 79
35 80
35 81
35 82
35 83
35 84
35 85
35 86
35 88
35 89
35 90
35 91
35 92
35 93
35 94
35 95
35 97
35 98
35 99
35 136
35 137
35 138
35 139
35 141
35 142
35 143
35 144
35 145
35 146
35 148
35 149
35 150
35 151
35 152
35 153
35 154
35 155
35 156
35 158
35 159
35 160
35 162
35 163
35 164
35 165
35 166
35 167
35 168
35 169
35 170
35 171
35 173
35 174
35 175
35 176
35 177
35 178
35 179
35 180
35 181
35 183
35 184
35 185
35 186
35 187
35 188
35 189
35 190
35 191
35 192
35 194
35 195
35 196
35 198
35 199
36 78
36 88
36 91
36 141
36 153
36 155
36 156
36 171
36 177
36 179
37 38
37 42
37 43
37 45
37 46
37 53
37 55
37 56
37 59
37 62
37 63
37 65
37 66
37 68
37 69
37 73
37 75
37 80
37 82
37 83
37 84
37 90
37 92
37 93
37 95
37 97
37 98
37 139
37 144
37 148
37 149
37 150
37 156
37 157
37 164
37 165
37 166
37 167
37 169
37 175
37 180
37 181
37 183
37 186
37 187
37 189
37 190
37 191
37 192
37 193
37 194
37 195
37 199
38 39
38 42
38 43
38 56
38 59
38 61
38 63
38 64
38 67
38 68
38 72
38 73
38 80
38 83
38 86
38 87
38 89
38 96
38 141
38 147
38 150
38 151
38 153
38 155
38 158
38 159
38 161
38 165
38 169
38 174
38 179
38 184
38 198
39 54
39 58
39 70
39 72
39 75
39 78
39 83
39 84
39 92
39 94
39 95
39 98
39 99
39 141
39 156
39 162
39 165
39 183
39 189
39 191
40 41
40 42
40 43
40 44
40 45
40 46
40 47
40 48
40 49
40 50
40 51
40 52
40 53
40 54
40 55
40 57
40 58
40 59
40 60
40 61
40 62
40 63
40 64
40 66
40 67
40 68
40 69
40 70
40 71
40 72
40 73
40 74
40 75
40 76
40 77
40 78
40 79
40 80
40 81
40 82
40 83
40 84
40 85
40 86
40 88
40 90
40 91
40 92
40 93
40 94
40 95
40 96
40 97
40 98
40 99
40 141
40 142
40 143
40 144
40 145
40 146
40 147
40 148
40 149
40 150
40 151
40 152
40 153
40 154
40 155
40 156
40 157
40 158
40 159
40 161
40 162
40 163
40 164
40 165
40 166
40 167
40 168
40 169
40 170
40 171
40 172
40 173
40 174
40 175
40 176
40 177
40 178
40 179
40 180
40 181
40 182
40 183
40 184
40 185
40 186
40 187
40 188
40 189
40 190
40 191
40 192
40 193
40 194
40 195
40 196
40 197
40 198
40 199
41 43
41 45
41 46
41 48
41 49
41 50
41 51
41 52
41 53
41 56
41 57
41 61
41 66
41 71
41 74
41 78
41 79
41 81
41 82
41 86
41 88
41 92
41 95
41 150
41 157
41 158
41 168
41 169
41 170
41 173
41 174
41 180
41 181
41 187
41 191
41 194
41 196
42 43
42 44
42 46
42 48
42 49
42 50
42 51
42 53
42 54
42 55
42 56
42 57
42 58
42 60
42 61
42 62
42 63
42 64
42 65
42 66
42 67
42 68
42 69
42 70
42 71
42 72
42 73
42 74
42 75
42 76
42 78
42 79
42 80
42 81
42 82
42 83
42 84
42 88
42 89
42 90
42 91
42 93
42 94
42 95
42 96
42 97
42 98
42 99
42 144
42 145
42 147
42 148
42 149
42 150
42 151
42 153
42 154
42 156
42 157
42 158
42 159
42 160
42 161
42 162
42 163
42 165
42 166
42 167
42 169
42 170
42 171
42 172
42 175
42 178
42 179
42 182
42 183
42 184
42 186
42 188
42 192
42 193
42 194
42 195
42 196
42 198
42 199
43 50
43 67
43 76
43 85
43 87
43 90
43 91
43 98
43 144
43 150
43 171
43 172
43 175
43 185
43 186
43 197
44 57
44 65
44 68
44 70
44 74
44 81
44 87
44 96
44 145
44 152
44 153
44 156
44 164
44 166
44 167
44 172
44 187
44 192
45 46
45 47
45 49
45 50
45 51
45 52
45 53
45 54
45 55
45 56
45 57
45 58
45 59
45 60
45 61
45 63
45 64
45 66
45 67
45 68
45 69
45 70
45 71
45 72
45 73
45 74
45 75
45 76
45 78
45 79
45 80
45 81
45 82
45 84
45 85
45 87
45 88
45 90
45 91
45 92
45 93
45 96
45 97
45 98
45 99
45 146
45 147
45 149
45 151
45 153
45 155
45 156
45 157
45 158
45 159
45 160
45 162
45 163
45 164
45 165
45 166
45 169
45 170
45 171
45 172
45 173
45 175
45 177
45 178
45 180
45 182
45 183
45 184
45 186
45 187
45 189
45 192
45 193
45 194
45 195
45 197
45 198
45 199
46 72
46 82
46 88
46 97
46 99
46 160
46 161
46 164
46 191
46 199
47 50
47 56
47 60
47 64
47 67
47 74
47 78
47 87
47 89
47 96
47 97
47 99
47 148
47 151
47 156
47 163
47 170
47 171
47 172
47 175
47 177
47 178
47 180
47 184
47 185
47 195
47 197
47 199
48 49
48 50
48 51
48 53
48 54
48 55
48 56
48 57
48 58
48 59
48 60
48 61
48 64
48 65
48 66
48 67
48 68
48 69
48 70
48 71
48 72
48 73
48 74
48 77
48 78
48 79
48 80
48 82
48 83
48 84
48 85
48 86
48 88
48 90
48 91
48 92
48 93
48 94
48 97
48 98
48 149
48 151
48 152
48 154
48 156
48 157
48 160
48 161
48 162
48 163
48 164
48 166
48 167
48 168
48 169
48 170
48 171
48 172
48 175
48 177
48 178
48 179
48 180
48 182
48 183
48 184
48 186
48 187
48 188
48 189
48 190
48 191
48 192
48 193
48 194
48 196
48 197
48 198
48 199
49 68
50 51
50 52
50 54
50 58
50 60
50 67
50 68
50 71
50 75
50 76
50 80
50 96
50 153
50 155
50 157
50 159
50 160
50 163
50 168
50 182
50 183
50 185
50 190
50 192
50 193
50 194
51 68
51 83
51 92
51 93
51 97
51 98
51 157
51 164
51 166
51 167
51 183
52 54
52 55
52 56
52 57
52 59
52 60
52 61
52 62
52 63
52 64
52 65
52 66
52 67
52 68
52 69
52 70
52 71
52 72
52 73
52 74
52 75
52 76
52 77
52 78
52 79
52 80
52 81
52 82
52 83
52 84
52 85
52 86
52 87
52 88
52 89
52 90
52 91
52 92
52 93
52 94
52 95
52 96
52 97
52 98
52 153
52 154
52 155
52 156
52 157
52 159
52 160
52 161
52 162
52 163
52 164
52 165
52 166
52 167
52 168
52 169
52 170
52 171
52 172
52 173
52 174
52 175
52 176
52 177
52 178
52 179
52 180
52 181
52 182
52 183
52 184
52 185
52 186
52 187
52 188
52 189
52 190
52 191
52 193
52 194
52 195
52 196
52 197
52 198
52 199
53 54
53 55
53 56
53 57
53 60
53 61
53 62
53 63
53 64
53 65
53 66
53 67
53 68
53 69
53 70
53 71
53 72
53 74
53 76
53 77
53 78
53 79
53 80
53 82
53 83
53 84
53 85
53 86
53 87
53 88
53 89
53 90
53 91
53 93
53 94
53 95
53 96
53 97
53 99
53 155
53 156
53 157
53 158
53 159
53 160
53 161
53 163
53 164
53 165
53 166
53 167
53 169
53 170
53 172
53 175
53 176
53 177
53 178
53 179
53 180
53 181
53 182
53 183
53 184
53 187
53 188
53 189
53 190
53 191
53 193
53 194
53 195
53 196
54 62
54 64
54 65
54 69
54 73
54 77
54 78
54 79
54 80
54 81
54 85
54 87
54 91
54 94
54 95
54 157
54 160
54 163
54 166
54 167
54 172
54 174
54 180
54 183
55 56
55 57
55 58
55 59
55 63
55 64
55 65
55 66
55 67
55 68
55 69
55 71
55 72
55 74
55 76
55 77
55 78
55 79
55 80
55 81
55 82
55 83
55 84
55 87
55 88
55 89
55 92
55 93
55 95
55 96
55 97
55 99
55 156
55 157
55 158
55 159
55 160
55 162
55 163
55 164
55 165
55 167
55 168
55 169
55 171
55 172
55 173
55 174
55 175
55 176
55 177
55 178
55 179
55 180
55 181
55 183
55 184
55 185
55 186
55 187
55 188
55 189
55 190
55 192
55 193
55 194
55 195
55 196
55 197
55 198
56 57
56 59
56 60
56 61
56 62
56 63
56 64
56 65
56 66
56 67
56 68
56 69
56 74
56 75
56 76
56 77
56 78
56 79
56 82
56 85
56 86
56 87
56 88
56 96
56 98
56 99
56 160
56 161
56 163
56 165
56 166
56 167
56 168
56 169
56 170
56 172
56 173
56 176
56 177
56 178
56 179
56 182
56 185
56 187
56 188
56 189
56 190
56 192
56 193
56 194
56 195
56 197
57 67
57 68
57 70
57 82
57 88
57 97
57 99
57 158
57 164
57 170
57 174
57 177
57 178
57 181
57 190
57 196
57 199
58 60
58 61
58 63
58 78
58 86
58 95
58 159
58 160
58 161
58 178
58 183
58 184
59 60
59 61
59 66
59 68
59 69
59 79
59 81
59 83
59 88
59 90
59 91
59 92
59 95
59 160
59 166
59 169
59 173
59 174
59 177
59 184
59 188
59 191
59 195
59 197
59 199
60 66
60 67
60 73
60 74
60 75
60 76
60 79
60 95
60 96
60 97
60 166
60 179
60 184
60 186
60 187
60 188
60 193
60 196
60 198
61 64
61 66
61 70
61 72
61 75
61 79
61 81
61 85
61 86
61 87
61 88
61 92
61 93
61 94
61 95
61 96
61 97
61 98
61 162
61 164
61 165
61 166
61 167
61 168
61 170
61 171
61 172
61 174
61 175
61 176
61 178
61 181
61 186
61 189
61 190
61 196
61 197
61 198
62 63
62 64
62 65
62 67
62 68
62 74
62 75
62 76
62 78
62 80
62 82
62 89
62 90
62 91
62 92
62 93
62 96
62 99
62 166
62 168
62 169
62 172
62 173
62 175
62 176
62 182
62 183
62 184
62 187
62 188
62 189
62 191
62 197
62 198
62 199
63 64
63 65
63 67
63 68
63 72
63 73
63 78
63 79
63 81
63 82
63 83
63 85
63 87
63 88
63 89
63 91
63 92
63 93
63 94
63 96
63 97
63 99
63 165
63 167
63 168
63 170
63 171
63 173
63 174
63 175
63 177
63 179
63 180
63 182
63 185
63 186
63 187
63 188
63 190
63 194
63 195
63 196
63 197
63 198
63 199
64 65
64 66
64 67
64 69
64 71
64 74
64 75
64 76
64 78
64 79
64 80
64 81
64 82
64 84
64 85
64 88
64 89
64 90
64 91
64 92
64 94
64 97
64 98
64 99
64 165
64 167
64 168
64 169
64 170
64 171
64 172
64 173
64 176
64 177
64 178
64 179
64 181
64 183
64 184
64 185
64 186
64 187
64 188
64 189
64 190
64 192
64 193
64 197
64 198
64 199
65 67
65 69
65 70
65 79
65 84
65 90
65 166
65 167
65 170
65 174
65 177
65 179
65 191
65 192
65 194
66 76
66 97
66 98
66 175
66 191
66 193
67 69
67 71
67 72
67 73
67 75
67 77
67 78
67 81
67 83
67 86
67 88
67 89
67 91
67 93
67 97
67 98
67 171
67 174
67 175
67 176
67 177
67 179
67 185
67 192
67 195
67 197
67 199
68 176
69 73
69 75
69 76
69 79
69 80
69 82
69 84
69 91
69 92
69 97
69 98
69 170
69 172
69 173
69 183
69 184
69 188
69 191
69 194
69 196
69 197
69 199
70 71
70 72
70 73
70 76
70 79
70 80
70 81
70 82
70 83
70 84
70 85
70 86
70 89
70 90
70 91
70 92
70 93
70 95
70 96
70 98
70 99
70 171
70 172
70 173
70 175
70 176
70 177
70 178
70 179
70 180
70 181
70 183
70 184
70 185
70 186
70 187
70 188
70 189
70 190
70 193
70 194
70 195
70 196
70 198
70 199
71 96
71 173
72 77
72 78
72 79
72 83
72 84
72 88
72 89
72 97
72 99
72 173
72 174
72 179
72 180
72 184
72 185
72 186
72 191
72 199
73 87
73 176
73 181
73 194
73 195
74 75
74 76
74 78
74 79
74 80
74 81
74 82
74 83
74 84
74 86
74 87
74 89
74 92
74 94
74 95
74 96
74 97
74 99
74 175
74 176
74 177
74 178
74 179
74 180
74 181
74 182
74 184
74 185
74 186
74 187
74 188
74 190
74 192
74 194
74 195
74 196
74 198
74 199
75 77
75 78
75 79
75 84
75 86
75 88
75 89
75 90
75 93
75 96
75 97
75 176
75 177
75 178
75 180
75 182
75 183
75 184
75 189
75 191
75 192
75 193
75 194
75 195
75 196
75 198
76 77
76 78
76 79
76 80
76 82
76 83
76 85
76 89
76 93
76 94
76 95
76 97
76 98
76 177
76 184
76 189
76 190
76 196
76 197
76 198
77 98
77 99
77 183
77 185
77 195
78 79
78 83
78 89
78 99
78 181
78 183
78 185
78 188
78 189
78 190
78 191
78 197
79 80
79 81
79 82
79 83
79 85
79 86
79 90
79 91
79 92
79 93
79 94
79 96
79 97
79 98
79 99
79 181
79 182
79 183
79 185
79 186
79 187
79 188
79 190
79 191
79 193
79 194
79 195
79 196
79 197
79 198
80 81
80 85
80 86
80 87
80 88
80 89
80 90
80 91
80 92
80 94
80 95
80 96
80 98
80 99
80 181
80 182
80 183
80 185
80 191
80 194
80 195
80 196
80 197
80 198
80 199
81 82
81 84
81 85
81 86
81 87
81 88
81 89
81 90
81 91
81 92
81 93
81 94
81 95
81 96
81 97
81 99
81 183
81 186
81 187
81 188
81 190
81 191
81 193
81 194
81 195
81 197
81 198
81 199
82 83
82 84
82 87
82 89
82 90
82 91
82 92
82 93
82 94
82 95
82 96
82 97
82 98
82 99
82 183
82 184
82 185
82 186
82 187
82 188
82 190
82 191
82 192
82 193
82 194
82 196
82 197
82 198
82 199
83 84
83 85
83 87
83 88
83 89
83 90
83 92
83 94
83 97
83 188
83 192
83 194
83 197
83 198
83 199
84 88
84 90
84 91
84 92
84 93
84 98
84 189
84 192
84 193
84 197
84 198
84 199
85 86
85 87
85 89
85 90
85 92
85 93
85 94
85 97
85 99
85 186
85 188
85 189
85 191
85 192
85 193
85 194
85 195
85 196
85 197
86 99
86 191
86 192
86 194
86 197
87 88
87 89
87 90
87 91
87 92
87 93
87 94
87 95
87 96
87 97
87 98
87 99
87 189
87 190
87 191
87 193
87 194
87 195
87 196
87 198
87 199
88 95
88 96
88 99
88 191
88 192
88 194
88 195
88 196
88 197
88 198
88 199
89 90
89 92
90 91
90 92
90 93
90 94
90 95
90 96
90 97
90 98
90 99
90 191
90 192
90 193
90 194
90 195
90 196
90 197
90 199
91 92
91 94
91 95
91 96
91 192
91 193
91 196
91 197
91 198
91 199
92 94
92 95
92 97
92 98
92 193
92 195
92 197
93 94
93 96
93 97
93 98
93 99
93 194
93 195
93 196
93 197
93 198
93 199
94 97
94 98
94 99
94 196
94 197
94 198
95 97
95 98
95 99
95 196
95 198
95 199
96 98
97 199
98 199
100 1
100 2
100 6
100 7
100 8
100 10
100 11
100 13
100 14
100 16
100 17
100 19
100 20
100 21
100 22
100 23
100 24
100 25
100 26
100 28
100 29
100 30
100 31
100 32
100 35
100 36
100 37
100 40
100 42
100 43
100 45
100 46
100 47
100 48
100 51
100 52
100 53
100 55
100 56
100 58
100 60
100 62
100 63
100 66
100 67
100 68
100 71
100 72
100 73
100 74
100 75
100 76
100 77
100 78
100 79
100 80
100 81
100 82
100 83
100 85
100 86
100 87
100 88
100 89
100 90
100 91
100 92
100 93
100 94
100 96
100 97
100 99
100 101
100 102
100 103
100 104
100 105
100 106
100 107
100 108
100 110
100 111
100 114
100 116
100 117
100 118
100 120
100 121
100 122
100 123
100 124
100 125
100 126
100 128
100 130
100 131
100 132
100 133
100 134
100 135
100 137
100 138
100 139
100 143
100 144
100 145
100 146
100 147
100 148
100 151
100 152
100 153
100 155
100 156
100 157
100 159
100 160
100 161
100 164
100 165
100 166
100 168
100 169
100 170
100 171
100 172
100 173
100 174
100 175
100 178
100 179
100 180
100 181
100 182
100 183
100 184
100 185
100 186
100 187
100 188
100 190
100 191
100 192
100 194
100 196
100 198
100 199
101 7
101 8
101 10
101 13
101 16
101 21
101 22
101 24
101 27
101 30
101 31
101 32
101 33
101 34
101 36
101 39
101 42
101 49
101 51
101 55
101 57
101 60
101 61
101 62
101 65
101 66
101 67
101 77
101 79
101 80
101 82
101 83
101 84
101 89
101 92
101 96
101 99
101 103
101 105
101 111
101 115
101 117
101 118
101 119
101 120
101 124
101 125
101 127
101 128
101 130
101 135
101 145
101 147
101 150
101 152
101 153
101 155
101 156
101 160
101 162
101 165
101 167
101 172
101 173
101 177
101 178
101 179
101 180
101 184
101 186
101 188
101 191
101 194
101 195
101 198
101 199
102 3
102 4
102 5
102 6
102 7
102 8
102 9
102 10
102 11
102 12
102 13
102 14
102 15
102 16
102 17
102 19
102 20
102 21
102 22
102 24
102 25
102 26
102 27
102 28
102 29
102 30
102 31
102 32
102 33
102 34
102 35
102 36
102 37
102 38
102 39
102 41
102 42
102 43
102 44
102 46
102 47
102 48
102 49
102 50
102 51
102 52
102 54
102 55
102 56
102 57
102 58
102 59
102 60
102 61
102 62
102 64
102 65
102 66
102 67
102 68
102 69
102 70
102 71
102 72
102 73
102 74
102 75
102 76
102 77
102 78
102 79
102 80
102 81
102 82
102 83
102 84
102 85
102 86
102 87
102 88
102 89
102 91
102 92
102 93
102 94
102 95
102 97
102 98
102 99
102 103
102 104
102 105
102 106
102 107
102 108
102 109
102 110
102 111
102 112
102 113
102 114
102 115
102 116
102 117
102 118
102 119
102 120
102 121
102 123
102 124
102 126
102 127
102 128
102 130
102 131
102 134
102 135
102 136
102 137
102 138
102 140
102 141
102 142
102 143
102 144
102 145
102 146
102 147
102 149
102 150
102 151
102 152
102 153
102 154
102 155
102 158
102 159
102 160
102 161
102 162
102 163
102 164
102 165
102 166
102 169
102 170
102 171
102 172
102 173
102 174
102 175
102 176
102 178
102 179
102 181
102 182
102 183
102 184
102 185
102 186
102 187
102 188
102 189
102 190
102 191
102 193
102 194
102 195
102 196
102 197
102 198
103 4
103 5
103 7
103 8
103 9
103 10
103 11
103 13
103 14
103 15
103 17
103 18
103 20
103 21
103 22
103 23
103 25
103 26
103 27
103 28
103 30
103 31
103 33
103 34
103 36
103 37
103 38
103 39
103 40
103 41
103 42
103 43
103 44
103 46
103 47
103 48
103 49
103 50
103 51
103 52
103 53
103 54
103 55
103 56
103 57
103 58
103 60
103 61
103 62
103 63
103 64
103 65
103 66
103 67
103 68
103 69
103 70
103 71
103 72
103 73
103 75
103 76
103 77
103 78
103 80
103 81
103 82
103 83
103 85
103 86
103 87
103 88
103 89
103 90
103 91
103 92
103 93
103 94
103 95
103 97
103 98
103 99
103 104
103 105
103 106
103 107
103 108
103 109
103 110
103 111
103 112
103 113
103 114
103 115
103 116
103 117
103 118
103 119
103 120
103 122
103 123
103 125
103 126
103 127
103 130
103 131
103 132
103 133
103 134
103 135
103 136
103 137
103 138
103 139
103 140
103 142
103 143
103 144
103 146
103 147
103 148
103 149
103 150
103 151
103 152
103 153
103 154
103 155
103 157
103 158
103 159
103 160
103 162
103 163
103 164
103 165
103 167
103 169
103 170
103 171
103 172
103 173
103 174
103 175
103 176
103 177
103 178
103 179
103 180
103 181
103 183
103 185
103 186
103 187
103 188
103 189
103 190
103 191
103 194
103 195
103 196
103 197
103 198
103 199
104 5
104 8
104 10
104 11
104 13
104 15
104 16
104 17
104 19
104 20
104 21
104 23
104 26
104 29
104 30
104 32
104 33
104 34
104 35
104 36
104 38
104 39
104 41
104 44
104 45
104 47
104 48
104 52
104 53
104 54
104 57
104 58
104 59
104 62
104 63
104 64
104 67
104 68
104 70
104 71
104 72
104 73
104 74
104 75
104 76
104 77
104 78
104 80
104 81
104 84
104 86
104 87
104 88
104 91
104 95
104 96
104 98
104 99
104 105
104 106
104 107
104 109
104 111
104 112
104 113
104 114
104 115
104 116
104 117
104 118
104 120
104 121
104 122
104 124
104 126
104 128
104 129
104 130
104 132
104 133
104 134
104 136
104 137
104 138
104 140
104 144
104 145
104 146
104 148
104 151
104 152
104 153
104 154
104 155
104 156
104 158
104 159
104 160
104 162
104 163
104 164
104 166
104 168
104 169
104 170
104 171
104 172
104 173
104 174
104 175
104 176
104 177
104 179
104 180
104 181
104 182
104 183
104 184
104 185
104 186
104 188
104 189
104 192
104 193
104 194
104 195
104 196
104 197
104 198
104 199
105 6
105 7
105 9
105 10
105 11
105 12
105 13
105 14
105 15
105 16
105 17
105 19
105 20
105 21
105 22
105 23
105 24
105 25
105 26
105 27
105 28
105 29
105 30
105 31
105 32
105 33
105 34
105 35
105 36
105 37
105 38
105 39
105 41
105 42
105 44
105 45
105 46
105 47
105 48
105 49
105 50
105 51
105 52
105 53
105 54
105 55
105 56
105 57
105 58
105 59
105 60
105 61
105 62
105 63
105 64
105 65
105 66
105 67
105 68
105 70
105 71
105 72
105 73
105 74
105 75
105 76
105 77
105 78
105 79
105 80
105 81
105 82
105 83
105 84
105 85
105 86
105 87
105 88
105 89
105 90
105 91
105 92
105 93
105 94
105 95
105 96
105 97
105 98
105 99
105 106
105 107
105 108
105 109
105 110
105 111
105 112
105 113
105 114
105 115
105 116
105 117
105 118
105 119
105 120
105 121
105 122
105 123
105 124
105 125
105 126
105 127
105 128
105 129
105 130
105 131
105 132
105 133
105 134
105 135
105 136
105 137
105 138
105 139
105 140
105 141
105 142
105 143
105 144
105 145
105 146
105 147
105 148
105 149
105 150
105 151
105 152
105 153
105 154
105 155
105 156
105 157
105 158
105 159
105 160
105 161
105 162
105 163
105 164
105 165
105 166
105 167
105 168
105 169
105 170
105 171
105 172
105 173
105 174
105 176
105 177
105 178
105 179
105 180
105 181
105 182
105 183
105 184
105 185
105 186
105 187
105 188
105 189
105 190
105 191
105 192
105 193
105 194
105 195
105 196
105 197
105 198
105 199
106 8
106 22
106 40
106 41
106 50
106 51
106 54
106 61
106 64
106 65
106 67
106 70
106 75
106 76
106 80
106 86
106 92
106 96
106 108
106 110
106 115
106 117
106 118
106 125
106 132
106 136
106 140
106 141
106 153
106 165
106 177
106 178
106 189
106 196
107 8
107 10
107 11
107 12
107 13
107 14
107 15
107 16
107 18
107 20
107 21
107 22
107 23
107 24
107 25
107 29
107 30
107 31
107 32
107 36
107 39
107 41
107 42
107 43
107 46
107 48
107 49
107 51
107 52
107 53
107 60
107 62
107 63
107 65
107 66
107 67
107 68
107 69
107 70
107 72
107 73
107 75
107 76
107 79
107 81
107 82
107 83
107 84
107 85
107 86
107 87
107 91
107 92
107 93
107 96
107 97
107 98
107 99
107 111
107 112
107 113
107 117
107 118
107 119
107 121
107 123
107 124
107 126
107 129
107 130
107 131
107 132
107 134
107 135
107 137
107 141
107 142
107 146
107 147
107 148
107 149
107 151
107 152
107 153
107 156
107 157
107 158
107 160
107 162
107 164
107 165
107 166
107 167
107 169
107 170
107 174
107 175
107 176
107 178
107 180
107 182
107 183
107 184
107 185
107 188
107 190
107 191
107 196
107 198
107 199
108 13
108 19
108 33
108 40
108 42
108 43
108 51
108 54
108 55
108 56
108 60
108 62
108 65
108 68
108 72
108 85
108 89
108 99
108 109
108 110
108 111
108 121
108 142
108 154
108 157
108 158
108 160
108 161
108 165
108 172
108 174
108 175
108 177
108 178
108 180
108 181
108 187
108 196
109 10
109 12
109 13
109 15
109 16
109 17
109 18
109 19
109 20
109 21
109 22
109 23
109 25
109 26
109 27
109 28
109 29
109 30
109 31
109 32
109 33
109 34
109 35
109 36
109 38
109 39
109 40
109 41
109 42
109 43
109 44
109 45
109 46
109 48
109 49
109 50
109 51
109 52
109 53
109 54
109 55
109 56
109 58
109 59
109 60
109 61
109 62
109 63
109 64
109 65
109 66
109 67
109 68
109 69
109 70
109 71
109 72
109 73
109 74
109 75
109 76
109 77
109 78
109 79
109 81
109 82
109 83
109 84
109 85
109 86
109 87
109 88
109 89
109 90
109 91
109 92
109 93
109 94
109 95
109 96
109 97
109 98
109 111
109 112
109 113
109 114
109 115
109 116
109 117
109 118
109 119
109 120
109 121
109 122
109 123
109 124
109 125
109 126
109 127
109 130
109 131
109 132
109 134
109 135
109 136
109 137
109 139
109 140
109 141
109 142
109 143
109 144
109 145
109 146
109 147
109 148
109 150
109 151
109 152
109 153
109 154
109 155
109 157
109 158
109 159
109 160
109 161
109 162
109 163
109 164
109 165
109 166
109 167
109 168
109 169
109 170
109 171
109 172
109 173
109 174
109 175
109 176
109 177
109 178
109 179
109 180
109 181
109 182
109 183
109 184
109 185
109 186
109 187
109 188
109 189
109 190
109 192
109 193
109 194
109 195
109 196
109 197
109 199
110 14
110 15
110 16
110 17
110 19
110 22
110 25
110 27
110 28
110 32
110 33
110 36
110 38
110 40
110 44
110 50
110 51
110 52
110 54
110 55
110 56
110 63
110 65
110 67
110 68
110 69
110 74
110 75
110 76
110 77
110 79
110 80
110 84
110 86
110 88
110 96
110 97
110 98
110 112
110 113
110 114
110 117
110 120
110 124
110 126
110 128
110 130
110 131
110 132
110 133
110 136
110 137
110 139
110 140
110 141
110 142
110 143
110 144
110 145
110 146
110 148
110 151
110 152
110 156
110 161
110 163
110 164
110 167
110 169
110 171
110 173
110 176
110 179
110 180
110 181
110 182
110 187
110 189
110 191
110 192
110 194
110 195
110 198
110 199
111 12
111 13
111 14
111 15
111 16
111 17
111 19
111 20
111 21
111 22
111 23
111 24
111 25
111 26
111 27
111 28
111 29
111 30
111 31
111 32
111 33
111 34
111 35
111 36
111 37
111 38
111 39
111 40
111 41
111 42
111 43
111 44
111 46
111 47
111 48
111 49
111 50
111 51
111 52
111 53
111 54
111 55
111 56
111 57
111 58
111 59
111 60
111 61
111 62
111 63
111 64
111 65
111 66
111 67
111 68
111 69
111 70
111 71
111 72
111 73
111 74
111 75
111 76
111 77
111 78
111 80
111 81
111 82
111 83
111 84
111 85
111 86
111 87
111 88
111 89
111 90
111 92
111 93
111 94
111 96
111 97
111 98
111 99
111 113
111 114
111 115
111 116
111 117
111 118
111 119
111 120
111 121
111 122
111 123
111 124
111 125
111 126
111 127
111 128
111 129
111 130
111 131
111 132
111 133
111 134
111 135
111 136
111 137
111 139
111 140
111 141
111 142
111 143
111 144
111 145
111 146
111 147
111 148
111 149
111 150
111 151
111 153
111 154
111 155
111 156
111 157
111 158
111 159
111 160
111 161
111 162
111 163
111 165
111 166
111 167
111 168
111 169
111 170
111 171
111 172
111 173
111 174
111 175
111 176
111 177
111 179
111 181
111 182
111 183
111 184
111 185
111 186
111 187
111 188
111 189
111 190
111 191
111 192
111 193
111 194
111 195
111 196
111 198
111 199
112 28
112 29
112 43
112 49
112 50
112 51
112 54
112 55
112 56
112 58
112 59
112 70
112 71
112 72
112 73
112 75
112 81
112 83
112 92
112 94
112 95
112 96
112 98
112 99
112 114
112 118
112 120
112 121
112 124
112 126
112 127
112 133
112 135
112 137
112 138
112 146
112 150
112 153
112 156
112 160
112 166
112 167
112 169
112 175
112 180
112 181
112 185
112 187
112 188
112 194
113 14
113 15
113 17
113 19
113 21
113 22
113 23
113 26
113 27
113 30
113 41
113 48
113 49
113 51
113 57
113 62
113 69
113 73
113 74
113 75
113 76
113 78
113 84
113 85
113 90
113 93
113 94
113 115
113 116
113 119
113 120
113 122
113 124
113 125
113 126
113 128
113 129
113 131
113 132
113 136
113 140
113 144
113 146
113 154
113 155
113 157
113 159
113 162
113 167
113 170
113 172
113 173
113 174
113 176
113 181
113 186
113 193
113 194
113 196
113 197
113 198
114 18
114 22
114 24
114 25
114 26
114 27
114 30
114 31
114 32
114 33
114 34
114 35
114 36
114 42
114 43
114 44
114 47
114 49
114 51
114 54
114 55
114 59
114 60
114 63
114 64
114 65
114 66
114 67
114 68
114 69
114 70
114 72
114 73
114 74
114 78
114 79
114 80
114 82
114 84
114 85
114 88
114 89
114 94
114 95
114 96
114 97
114 98
114 115
114 117
114 118
114 121
114 122
114 124
114 127
114 129
114 131
114 132
114 133
114 136
114 137
114 138
114 139
114 140
114 142
114 145
114 146
114 150
114 151
114 154
114 155
114 156
114 159
114 160
114 161
114 163
114 164
114 165
114 166
114 167
114 169
114 173
114 175
114 177
114 179
114 180
114 181
114 183
114 186
114 189
114 190
114 192
114 193
114 195
114 198
114 199
115 16
115 17
115 18
115 19
115 22
115 23
115 24
115 25
115 26
115 29
115 32
115 33
115 34
115 37
115 38
115 40
115 43
115 46
115 47
115 49
115 50
115 53
115 54
115 55
115 57
115 59
115 60
115 61
115 64
115 65
115 66
115 67
115 68
115 69
115 70
115 71
115 73
115 75
115 76
115 78
115 80
115 82
115 84
115 86
115 87
115 90
115 92
115 93
115 94
115 95
115 96
115 98
115 99
115 116
115 118
115 120
115 121
115 122
115 123
115 125
115 126
115 127
115 128
115 130
115 131
115 133
115 134
115 135
115 136
115 137
115 138
115 139
115 140
115 141
115 142
115 143
115 146
115 148
115 149
115 156
115 157
115 158
115 162
115 163
115 164
115 167
115 168
115 172
115 175
115 177
115 178
115 180
115 182
115 183
115 184
115 185
115 188
115 189
115 191
115 192
115 196
115 198
116 17
116 18
116 19
116 20
116 21
116 23
116 24
116 27
116 28
116 29
116 32
116 33
116 34
116 35
116 36
116 39
116 40
116 42
116 43
116 44
116 45
116 47
116 50
116 51
116 53
116 54
116 55
116 57
116 59
116 60
116 64
116 65
116 67
116 69
116 71
116 72
116 74
116 75
116 78
116 79
116 80
116 81
116 83
116 84
116 85
116 87
116 88
116 92
116 93
116 95
116 96
116 97
116 98
116 99
116 117
116 118
116 119
116 120
116 121
116 122
116 123
116 124
116 125
116 126
116 127
116 128
116 129
116 131
116 132
116 133
116 134
116 136
116 137
116 138
116 139
116 140
116 142
116 144
116 145
116 146
116 147
116 148
116 149
116 150
116 151
116 152
116 153
116 155
116 156
116 157
116 158
116 161
116 163
116 164
116 165
116 166
116 168
116 169
116 170
116 171
116 172
116 174
116 175
116 178
116 179
116 180
116 181
116 184
116 185
116 186
116 187
116 188
116 189
116 190
116 191
116 193
116 194
116 196
116 197
116 198
116 199
117 19
117 21
117 23
117 24
117 30
117 32
117 36
117 40
117 42
117 44
117 46
117 50
117 51
117 58
117 60
117 61
117 64
117 66
117 67
117 68
117 70
117 72
117 73
117 74
117 75
117 77
117 82
117 84
117 87
117 90
117 94
117 95
117 96
117 118
117 119
117 120
117 126
117 129
117 131
117 134
117 139
117 140
117 141
117 143
117 145
117 147
117 148
117 149
117 151
117 153
117 156
117 159
117 161
117 167
117 168
117 171
117 175
117 176
117 178
117 181
117 182
117 184
117 186
117 187
117 194
117 195
117 196
117 197
117 199
118 25
118 27
118 29
118 30
118 35
118 43
118 47
118 54
118 55
118 60
118 61
118 64
118 68
118 84
118 89
118 95
118 119
118 122
118 124
118 125
118 127
118 129
118 132
118 133
118 137
118 140
118 141
118 148
118 150
118 155
118 159
118 160
118 166
118 170
118 171
118 172
118 179
118 187
118 195
118 199
119 20
119 21
119 22
119 23
119 24
119 25
119 26
119 27
119 28
119 29
119 30
119 31
119 32
119 33
119 34
119 35
119 36
119 37
119 38
119 39
119 40
119 41
119 42
119 43
119 45
119 46
119 47
119 48
119 49
119 50
119 52
119 53
119 55
119 56
119 57
119 58
119 59
119 60
119 61
119 62
119 63
119 64
119 65
119 66
119 67
119 68
119 69
119 70
119 71
119 72
119 73
119 74
119 75
119 76
119 77
119 78
119 79
119 80
119 81
119 82
119 83
119 84
119 85
119 86
119 87
119 88
119 89
119 90
119 91
119 92
119 93
119 94
119 95
119 96
119 97
119 98
119 99
119 120
119 121
119 122
119 123
119 124
119 125
119 126
119 127
119 128
119 129
119 130
119 131
119 132
119 134
119 135
119 136
119 137
119 138
119 140
119 141
119 142
119 143
119 144
119 145
119 146
119 148
119 149
119 150
119 151
119 152
119 154
119 155
119 156
119 157
119 158
119 159
119 160
119 161
119 163
119 164
119 165
119 166
119 167
119 168
119 169
119 170
119 172
119 173
119 174
119 175
119 176
119 177
119 178
119 179
119 180
119 181
119 184
119 185
119 186
119 188
119 189
119 190
119 192
119 193
119 194
119 195
119 196
119 197
119 198
119 199
120 24
120 26
120 28
120 30
120 31
120 33
120 34
120 37
120 38
120 42
120 44
120 45
120 46
120 47
120 49
120 58
120 62
120 67
120 68
120 70
120 71
120 72
120 73
120 75
120 76
120 77
120 78
120 79
120 83
120 86
120 87
120 88
120 89
120 92
120 93
120 94
120 95
120 97
120 98
120 121
120 123
120 125
120 127
120 130
120 131
120 132
120 133
120 134
120 137
120 138
120 139
120 141
120 146
120 148
120 150
120 153
120 154
120 156
120 157
120 160
120 161
120 162
120 163
120 165
120 166
120 167
120 169
120 170
120 172
120 173
120 174
120 175
120 177
120 178
120 179
120 180
120 181
120 182
120 183
120 184
120 186
120 187
120 189
120 190
120 193
120 194
120 195
120 196
120 197
120 198
120 199
121 43
121 61
121 63
121 66
121 88
121 158
121 159
121 167
121 188
121 196
122 24
122 25
122 26
122 27
122 28
122 32
122 33
122 34
122 36
122 37
122 38
122 42
122 43
122 44
122 45
122 46
122 47
122 49
122 50
122 51
122 53
122 54
122 55
122 57
122 58
122 59
122 60
122 61
122 63
122 69
122 71
122 72
122 73
122 74
122 77
122 78
122 79
122 82
122 83
122 86
122 91
122 93
122 94
122 95
122 97
122 98
122 123
122 127
122 131
122 134
122 138
122 140
122 144
122 145
122 146
122 148
122 149
122 150
122 152
122 154
122 155
122 158
122 167
122 169
122 170
122 171
122 174
122 175
122 178
122 179
122 181
122 184
122 187
122 189
122 192
122 197
122 199
123 25
123 26
123 27
123 28
123 29
123 31
123 32
123 34
123 35
123 36
123 37
123 38
123 39
123 40
123 41
123 42
123 43
123 44
123 45
123 46
123 51
123 52
123 53
123 54
123 57
123 59
123 60
123 61
123 63
123 65
123 66
123 67
123 69
123 70
123 72
123 74
123 75
123 76
123 77
123 79
123 80
123 83
123 84
123 85
123 86
123 88
123 89
123 92
123 93
123 95
123 96
123 97
123 124
123 125
123 126
123 127
123 130
123 131
123 132
123 133
123 134
123 135
123 136
123 137
123 142
123 144
123 145
123 147
123 148
123 149
123 150
123 153
123 154
123 155
123 156
123 157
123 158
123 159
123 161
123 162
123 163
123 164
123 166
123 168
123 169
123 171
123 172
123 173
123 174
123 175
123 177
123 178
123 179
123 180
123 181
123 183
123 184
123 185
123 188
123 189
123 190
123 191
123 193
123 194
123 196
123 197
123 199
124 25
124 26
124 27
124 28
124 29
124 30
124 31
124 33
124 34
124 35
124 36
124 38
124 39
124 41
124 42
124 44
124 46
124 48
124 50
124 51
124 52
124 53
124 54
124 56
124 58
124 59
124 62
124 63
124 64
124 68
124 69
124 70
124 73
124 74
124 76
124 79
124 80
124 82
124 83
124 84
124 85
124 88
124 90
124 91
124 93
124 94
124 95
124 96
124 97
124 98
124 99
124 125
124 126
124 127
124 129
124 131
124 133
124 134
124 135
124 136
124 137
124 138
124 140
124 142
124 143
124 144
124 145
124 147
124 148
124 149
124 150
124 151
124 154
124 155
124 156
124 158
124 159
124 163
124 165
124 168
124 169
124 172
124 173
124 175
124 176
124 177
124 178
124 179
124 181
124 182
124 185
124 186
124 187
124 188
124 189
124 192
124 193
124 197
124 199
125 26
125 27
125 29
125 30
125 31
125 33
125 34
125 35
125 36
125 37
125 38
125 40
125 41
125 42
125 43
125 44
125 45
125 46
125 47
125 48
125 49
125 50
125 51
125 52
125 53
125 54
125 55
125 56
125 57
125 58
125 59
125 60
125 61
125 62
125 63
125 64
125 65
125 66
125 67
125 68
125 69
125 70
125 71
125 72
125 73
125 76
125 78
125 79
125 80
125 81
125 82
125 83
125 84
125 86
125 87
125 89
125 90
125 91
125 92
125 94
125 96
125 97
125 98
125 99
125 126
125 127
125 128
125 129
125 130
125 131
125 132
125 133
125 134
125 135
125 137
125 138
125 139
125 140
125 141
125 142
125 143
125 145
125 148
125 149
125 150
125 151
125 152
125 153
125 155
125 156
125 157
125 158
125 159
125 160
125 161
125 162
125 163
125 164
125 165
125 166
125 167
125 168
125 169
125 170
125 171
125 172
125 173
125 174
125 175
125 176
125 177
125 178
125 179
125 180
125 181
125 182
125 183
125 184
125 185
125 186
125 187
125 188
125 190
125 191
125 192
125 193
125 194
125 195
125 196
125 197
125 199
126 27
126 30
126 31
126 37
126 38
126 39
126 40
126 43
126 45
126 48
126 49
126 52
126 54
126 55
126 58
126 60
126 61
126 66
126 67
126 72
126 74
126 80
126 82
126 83
126 85
126 86
126 87
126 93
126 97
126 99
126 129
126 131
126 132
126 133
126 136
126 137
126 138
126 139
126 140
126 141
126 142
126 143
126 146
126 147
126 148
126 149
126 150
126 151
126 152
126 154
126 155
126 156
126 159
126 160
126 161
126 162
126 165
126 166
126 167
126 169
126 171
126 172
126 176
126 177
126 179
126 182
126 183
126 184
126 185
126 186
126 187
126 188
126 189
126 190
126 192
126 194
126 195
126 197
127 29
127 30
127 31
127 32
127 33
127 34
127 35
127 36
127 40
127 41
127 42
127 43
127 46
127 47
127 49
127 50
127 51
127 53
127 54
127 55
127 56
127 60
127 61
127 62
127 63
127 64
127 65
127 67
127 68
127 69
127 71
127 72
127 75
127 79
127 80
127 81
127 82
127 84
127 85
127 86
127 87
127 90
127 92
127 94
127 96
127 97
127 99
127 128
127 129
127 130
127 133
127 136
127 137
127 139
127 144
127 145
127 146
127 147
127 148
127 149
127 151
127 152
127 155
127 157
127 158
127 159
127 160
127 162
127 163
127 164
127 165
127 166
127 168
127 169
127 171
127 173
127 174
127 176
127 177
127 178
127 180
127 182
127 183
127 185
127 186
127 188
127 189
127 190
127 193
127 194
127 195
127 196
127 198
127 199
128 29
128 32
128 33
128 34
128 35
128 40
128 42
128 45
128 46
128 52
128 54
128 58
128 60
128 64
128 65
128 66
128 78
128 82
128 85
128 86
128 87
128 88
128 91
128 97
128 130
128 132
128 134
128 136
128 137
128 139
128 140
128 143
128 146
128 147
128 152
128 154
128 156
128 161
128 165
128 167
128 171
128 173
128 178
128 179
128 181
128 183
128 186
128 191
128 199
129 30
129 31
129 34
129 35
129 36
129 37
129 38
129 39
129 40
129 42
129 45
129 46
129 47
129 49
129 50
129 51
129 52
129 56
129 57
129 58
129 59
129 60
129 61
129 62
129 63
129 68
129 69
129 70
129 72
129 73
129 74
129 76
129 77
129 78
129 80
129 83
129 84
129 85
129 89
129 92
129 93
129 94
129 95
129 98
129 99
129 132
129 135
129 136
129 137
129 138
129 144
129 145
129 146
129 147
129 148
129 149
129 151
129 152
129 153
129 154
129 155
129 157
129 158
129 159
129 162
129 163
129 164
129 165
129 167
129 169
129 171
129 173
129 174
129 176
129 177
129 178
129 180
129 183
129 185
129 186
129 187
129 188
129 191
129 192
129 195
129 196
129 197
129 198
129 199
130 31
130 32
130 33
130 34
130 35
130 36
130 37
130 38
130 39
130 40
130 41
130 43
130 44
130 45
130 46
130 47
130 48
130 49
130 50
130 51
130 52
130 53
130 54
130 55
130 56
130 57
130 58
130 59
130 60
130 61
130 62
130 63
130 64
130 65
130 66
130 67
130 68
130 69
130 70
130 71
130 73
130 74
130 76
130 77
130 78
130 79
130 80
130 81
130 82
130 83
130 85
130 86
130 87
130 88
130 89
130 90
130 91
130 93
130 94
130 96
130 97
130 99
130 131
130 132
130 133
130 134
130 135
130 136
130 137
130 138
130 139
130 140
130 141
130 142
130 143
130 145
130 146
130 147
130 148
130 149
130 151
130 152
130 154
130 155
130 156
130 157
130 158
130 159
130 160
130 161
130 162
130 163
130 164
130 166
130 167
130 168
130 169
130 170
130 171
130 172
130 173
130 174
130 175
130 176
130 180
130 181
130 182
130 183
130 184
130 185
130 186
130 187
130 188
130 191
130 192
130 193
130 194
130 195
130 196
130 197
130 198
130 199
131 32
131 33
131 34
131 35
131 36
131 37
131 38
131 40
131 42
131 43
131 44
131 45
131 46
131 48
131 49
131 53
131 55
131 56
131 57
131 60
131 62
131 63
131 64
131 65
131 66
131 67
131 68
131 70
131 73
131 75
131 78
131 80
131 82
131 83
131 86
131 87
131 88
131 89
131 90
131 91
131 94
131 95
131 96
131 97
131 98
131 133
131 134
131 137
131 138
131 139
131 140
131 141
131 142
131 143
131 145
131 146
131 147
131 148
131 149
131 150
131 151
131 152
131 153
131 155
131 156
131 157
131 158
131 160
131 161
131 162
131 163
131 164
131 165
131 166
131 167
131 169
131 170
131 171
131 172
131 173
131 174
131 176
131 177
131 179
131 180
131 182
131 183
131 184
131 185
131 186
131 187
131 188
131 189
131 190
131 191
131 192
131 193
131 195
131 197
131 198
132 36
132 42
132 43
132 44
132 61
132 64
132 79
132 80
132 83
132 85
132 87
132 92
132 94
132 95
132 97
132 134
132 136
132 139
132 140
132 143
132 148
132 152
132 153
132 154
132 156
132 161
132 163
132 165
132 168
132 169
132 179
132 180
132 182
132 187
132 191
132 197
132 198
133 35
133 36
133 37
133 38
133 39
133 41
133 42
133 43
133 44
133 47
133 50
133 51
133 52
133 56
133 57
133 59
133 60
133 65
133 67
133 68
133 72
133 73
133 74
133 76
133 79
133 80
133 83
133 84
133 85
133 86
133 87
133 92
133 93
133 95
133 96
133 97
133 98
133 99
133 134
133 135
133 139
133 140
133 142
133 143
133 144
133 145
133 146
133 147
133 148
133 150
133 151
133 152
133 158
133 159
133 160
133 161
133 162
133 163
133 165
133 166
133 167
133 168
133 169
133 171
133 172
133 174
133 175
133 176
133 177
133 178
133 180
133 181
133 183
133 184
133 185
133 186
133 189
133 191
133 196
133 198
133 199
134 35
134 38
134 42
134 45
134 46
134 48
134 49
134 54
134 56
134 62
134 65
134 69
134 70
134 73
134 74
134 79
134 83
134 89
134 94
134 135
134 139
134 144
134 145
134 147
134 148
134 153
134 160
134 162
134 165
134 172
134 174
134 183
134 184
134 188
134 190
134 192
134 193
134 198
135 36
135 38
135 39
135 40
135 41
135 42
135 44
135 45
135 46
135 47
135 48
135 49
135 51
135 52
135 53
135 54
135 57
135 59
135 60
135 61
135 62
135 63
135 65
135 74
135 75
135 76
135 77
135 78
135 81
135 82
135 83
135 85
135 86
135 87
135 88
135 89
135 92
135 96
135 98
135 99
135 137
135 139
135 140
135 144
135 145
135 146
135 147
135 148
135 149
135 152
135 153
135 154
135 156
135 157
135 158
135 159
135 160
135 161
135 162
135 164
135 166
135 168
135 169
135 171
135 172
135 173
135 175
135 178
135 179
135 180
135 181
135 182
135 183
135 185
135 186
135 187
135 188
135 189
135 190
135 191
135 193
135 194
135 195
135 196
135 197
135 198
135 199
136 37
136 38
136 39
136 40
136 41
136 42
136 43
136 45
136 46
136 47
136 48
136 49
136 50
136 51
136 53
136 54
136 55
136 57
136 58
136 59
136 60
136 61
136 62
136 63
136 64
136 65
136 66
136 67
136 68
136 69
136 70
136 71
136 73
136 76
136 77
136 79
136 80
136 81
136 82
136 84
136 85
136 86
136 89
136 90
136 91
136 98
136 137
136 139
136 140
136 141
136 144
136 145
136 149
136 150
136 153
136 154
136 160
136 162
136 163
136 164
136 165
136 166
136 167
136 168
136 169
136 172
136 174
136 175
136 176
136 177
136 178
136 179
136 180
136 181
136 183
136 186
136 187
136 189
136 190
136 192
136 193
136 195
136 196
136 197
136 198
137 40
137 41
137 42
137 43
137 44
137 48
137 52
137 56
137 58
137 59
137 65
137 67
137 73
137 90
137 92
137 93
137 97
137 98
137 144
137 147
137 148
137 151
137 154
137 156
137 160
137 164
137 165
137 171
137 172
137 173
137 174
137 176
137 177
137 183
137 185
137 192
137 196
138 39
138 40
138 41
138 43
138 46
138 47
138 48
138 49
138 50
138 51
138 52
138 56
138 58
138 59
138 62
138 63
138 66
138 68
138 69
138 73
138 74
138 76
138 77
138 78
138 79
138 80
138 82
138 83
138 84
138 85
138 86
138 87
138 89
138 90
138 91
138 95
138 98
138 99
138 139
138 140
138 142
138 143
138 144
138 145
138 146
138 147
138 148
138 149
138 154
138 155
138 158
138 160
138 161
138 162
138 163
138 164
138 166
138 167
138 168
138 169
138 171
138 173
138 174
138 175
138 176
138 178
138 179
138 180
138 181
138 182
138 183
138 185
138 186
138 187
138 188
138 189
138 190
138 191
138 192
138 193
138 194
138 195
138 196
138 197
138 198
138 199
139 40
139 41
139 42
139 43
139 44
139 45
139 46
139 47
139 48
139 49
139 50
139 51
139 52
139 54
139 56
139 57
139 58
139 59
139 60
139 61
139 62
139 64
139 65
139 66
139 68
139 69
139 72
139 73
139 75
139 76
139 77
139 78
139 79
139 81
139 82
139 83
139 84
139 85
139 86
139 87
139 90
139 91
139 92
139 93
139 94
139 96
139 97
139 98
139 99
139 140
139 143
139 144
139 145
139 146
139 147
139 148
139 149
139 152
139 153
139 154
139 156
139 157
139 158
139 159
139 160
139 161
139 162
139 163
139 164
139 166
139 167
139 168
139 169
139 170
139 171
139 172
139 173
139 174
139 176
139 177
139 178
139 179
139 180
139 181
139 183
139 184
139 185
139 186
139 187
139 188
139 189
139 190
139 191
139 193
139 194
139 195
139 197
139 198
140 43
140 46
140 47
140 53
140 54
140 56
140 59
140 60
140 63
140 64
140 65
140 67
140 71
140 73
140 75
140 76
140 77
140 78
140 80
140 85
140 88
140 90
140 91
140 97
140 141
140 143
140 145
140 152
140 154
140 156
140 158
140 162
140 164
140 167
140 168
140 169
140 173
140 176
140 177
140 178
140 180
140 185
140 186
140 187
140 190
140 192
140 193
140 198
140 199
141 42
141 43
141 44
141 45
141 46
141 48
141 49
141 50
141 51
141 52
141 53
141 55
141 56
141 57
141 58
141 59
141 60
141 61
141 62
141 63
141 64
141 65
141 66
141 67
141 68
141 69
141 70
141 71
141 72
141 73
141 74
141 75
141 76
141 77
141 79
141 80
141 81
141 82
141 83
141 84
141 85
141 86
141 87
141 88
141 89
141 90
141 91
141 92
141 93
141 94
141 95
141 96
141 97
141 98
141 99
141 142
141 144
141 145
141 146
141 147
141 148
141 149
141 150
141 151
141 152
141 153
141 154
141 155
141 156
141 157
141 158
141 159
141 160
141 161
141 162
141 163
141 164
141 165
141 167
141 168
141 169
141 170
141 171
141 172
141 174
141 175
141 176
141 177
141 178
141 179
141 180
141 181
141 182
141 183
141 184
141 185
141 186
141 187
141 188
141 189
141 190
141 191
141 192
141 193
141 194
141 195
141 196
141 197
142 43
142 44
142 45
142 46
142 47
142 48
142 49
142 50
142 51
142 52
142 53
142 54
142 55
142 56
142 57
142 58
142 59
142 60
142 61
142 62
142 63
142 64
142 65
142 66
142 67
142 68
142 69
142 70
142 71
142 72
142 73
142 74
142 75
142 76
142 77
142 78
142 79
142 80
142 81
142 82
142 83
142 84
142 85
142 86
142 87
142 88
142 89
142 90
142 91
142 92
142 93
142 94
142 95
142 96
142 97
142 98
142 99
142 143
142 144
142 145
142 146
142 147
142 148
142 149
142 150
142 151
142 152
142 153
142 154
142 155
142 156
142 157
142 158
142 159
142 160
142 161
142 162
142 163
142 164
142 165
142 166
142 167
142 168
142 169
142 170
142 171
142 172
142 173
142 174
142 175
142 176
142 177
142 178
142 179
142 180
142 181
142 183
142 184
142 186
142 187
142 188
142 189
142 190
142 191
142 193
142 194
142 195
142 196
142 197
142 198
142 199
143 44
143 45
143 46
143 47
143 48
143 49
143 50
143 51
143 52
143 53
143 54
143 55
143 56
143 57
143 58
143 59
143 60
143 61
143 62
143 63
143 64
143 65
143 66
143 68
143 69
143 70
143 71
143 72
143 73
143 74
143 75
143 76
143 77
143 78
143 79
143 80
143 81
143 82
143 83
143 84
143 85
143 86
143 87
143 88
143 90
143 91
143 92
143 93
143 94
143 95
143 96
143 97
143 98
143 99
143 145
143 146
143 147
143 148
143 149
143 150
143 151
143 152
143 153
143 154
143 155
143 156
143 157
143 158
143 159
143 160
143 161
143 162
143 163
143 164
143 165
143 166
143 167
143 168
143 169
143 170
143 171
143 172
143 173
143 174
143 175
143 176
143 177
143 178
143 179
143 180
143 181
143 182
143 183
143 184
143 185
143 186
143 187
143 188
143 189
143 190
143 191
143 193
143 194
143 195
143 196
143 197
143 198
143 199
144 48
144 55
144 56
144 60
144 64
144 65
144 66
144 67
144 70
144 75
144 85
144 86
144 96
144 99
144 149
144 150
144 173
144 174
144 176
144 178
144 187
144 193
145 46
145 47
145 48
145 50
145 51
145 52
145 53
145 54
145 56
145 57
145 58
145 59
145 60
145 61
145 62
145 63
145 64
145 65
145 66
145 67
145 68
145 69
145 70
145 71
145 72
145 73
145 74
145 75
145 76
145 77
145 78
145 79
145 80
145 81
145 82
145 83
145 84
145 85
145 86
145 87
145 88
145 89
145 90
145 91
145 92
145 93
145 95
145 96
145 97
145 146
145 147
145 148
145 149
145 150
145 151
145 152
145 153
145 154
145 155
145 156
145 157
145 159
145 160
145 161
145 162
145 163
145 164
145 165
145 166
145 167
145 168
145 169
145 170
145 171
145 172
145 173
145 174
145 175
145 176
145 177
145 178
145 179
145 180
145 181
145 182
145 183
145 184
145 185
145 186
145 187
145 188
145 189
145 190
145 191
145 192
145 193
145 194
145 195
145 196
145 197
145 198
145 199
146 48
146 50
146 51
146 52
146 53
146 56
146 57
146 58
146 59
146 60
146 62
146 63
146 64
146 65
146 66
146 67
146 68
146 69
146 72
146 74
146 75
146 76
146 78
146 79
146 80
146 81
146 83
146 85
146 86
146 87
146 89
146 90
146 91
146 92
146 93
146 94
146 147
146 149
146 151
146 154
146 156
146 158
146 159
146 161
146 162
146 163
146 164
146 165
146 166
146 167
146 169
146 170
146 171
146 173
146 175
146 178
146 179
146 180
146 181
146 185
146 187
146 189
146 190
146 191
146 192
146 193
146 195
147 48
147 49
147 51
147 52
147 53
147 54
147 55
147 56
147 57
147 58
147 60
147 62
147 63
147 64
147 65
147 66
147 67
147 68
147 69
147 72
147 73
147 75
147 76
147 77
147 79
147 80
147 81
147 85
147 86
147 87
147 88
147 89
147 90
147 91
147 92
147 93
147 94
147 96
147 97
147 148
147 151
147 153
147 156
147 157
147 158
147 163
147 165
147 166
147 168
147 169
147 173
147 175
147 176
147 177
147 178
147 179
147 181
147 182
147 183
147 184
147 185
147 186
147 187
147 188
147 190
147 191
147 192
147 193
147 194
147 195
147 197
147 198
147 199
148 49
148 50
148 51
148 52
148 53
148 55
148 56
148 57
148 58
148 59
148 60
148 61
148 62
148 63
148 64
148 66
148 67
148 68
148 69
148 70
148 71
148 73
148 74
148 75
148 76
148 77
148 78
148 79
148 80
148 81
148 83
148 84
148 85
148 86
148 87
148 91
148 92
148 93
148 95
148 96
148 97
148 98
148 149
148 151
148 153
148 154
148 155
148 158
148 159
148 160
148 161
148 164
148 165
148 166
148 167
148 168
148 169
148 170
148 172
148 173
148 174
148 177
148 179
148 181
148 182
148 184
148 186
148 188
148 190
148 191
148 192
148 194
148 198
148 199
149 50
149 53
149 56
149 57
149 61
149 62
149 63
149 64
149 66
149 67
149 68
149 69
149 70
149 73
149 74
149 76
149 78
149 84
149 85
149 86
149 88
149 89
149 90
149 96
149 97
149 153
149 155
149 156
149 159
149 161
149 163
149 166
149 167
149 168
149 170
149 171
149 176
149 177
149 182
149 184
149 185
149 186
149 187
149 188
149 189
149 191
149 193
149 196
149 197
149 198
149 199
150 51
150 52
150 53
150 54
150 55
150 56
150 57
150 58
150 59
150 60
150 61
150 62
150 63
150 64
150 65
150 66
150 67
150 68
150 69
150 70
150 71
150 72
150 73
150 74
150 75
150 76
150 77
150 78
150 79
150 81
150 82
150 83
150 84
150 85
150 86
150 87
150 88
150 89
150 90
150 93
150 95
150 96
150 98
150 99
150 151
150 153
150 154
150 155
150 156
150 157
150 158
150 159
150 160
150 161
150 162
150 163
150 164
150 165
150 166
150 167
150 168
150 169
150 170
150 172
150 173
150 174
150 176
150 177
150 178
150 179
150 180
150 182
150 184
150 185
150 186
150 187
150 188
150 190
150 191
150 192
150 193
150 194
150 195
150 197
150 199
151 52
151 53
151 54
151 57
151 58
151 59
151 60
151 61
151 62
151 63
151 64
151 65
151 66
151 67
151 68
151 69
151 71
151 72
151 73
151 74
151 75
151 76
151 77
151 78
151 80
151 81
151 83
151 84
151 85
151 86
151 87
151 88
151 89
151 90
151 91
151 92
151 93
151 94
151 95
151 96
151 97
151 98
151 152
151 153
151 154
151 155
151 156
151 158
151 159
151 160
151 161
151 162
151 163
151 164
151 165
151 166
151 167
151 168
151 170
151 171
151 172
151 173
151 174
151 175
151 176
151 177
151 178
151 179
151 180
151 181
151 183
151 184
151 185
151 186
151 188
151 189
151 190
151 191
151 192
151 193
151 194
151 195
151 196
151 197
151 198
152 54
152 56
152 57
152 59
152 60
152 63
152 64
152 65
152 66
152 67
152 68
152 70
152 74
152 75
152 77
152 78
152 80
152 81
152 84
152 86
152 87
152 90
152 91
152 93
152 95
152 99
152 153
152 155
152 156
152 157
152 158
152 161
152 163
152 166
152 167
152 168
152 169
152 170
152 172
152 173
152 175
152 178
152 181
152 182
152 183
152 184
152 185
152 187
152 189
152 190
152 191
152 192
152 193
152 194
152 195
152 197
152 198
152 199
153 56
153 58
153 62
153 67
153 69
153 71
153 73
153 74
153 75
153 77
153 79
153 80
153 82
153 84
153 85
153 86
153 88
153 89
153 90
153 91
153 92
153 93
153 94
153 99
153 156
153 160
153 161
153 162
153 163
153 165
153 167
153 169
153 170
153 173
153 175
153 177
153 178
153 180
153 185
153 188
153 189
153 190
153 191
153 194
153 195
153 196
153 198
153 199
154 58
154 65
154 67
154 72
154 75
154 76
154 78
154 83
154 88
154 89
154 95
154 97
154 98
154 99
154 156
154 158
154 159
154 160
154 162
154 163
154 164
154 165
154 171
154 174
154 177
154 180
154 181
154 183
154 187
154 190
154 192
154 193
154 198
155 56
155 57
155 58
155 59
155 61
155 63
155 64
155 65
155 67
155 68
155 69
155 70
155 71
155 72
155 73
155 74
155 77
155 78
155 79
155 80
155 82
155 83
155 84
155 85
155 86
155 87
155 88
155 89
155 90
155 91
155 92
155 93
155 94
155 95
155 96
155 97
155 99
155 156
155 157
155 158
155 159
155 160
155 161
155 162
155 163
155 164
155 165
155 166
155 167
155 168
155 169
155 171
155 172
155 173
155 175
155 176
155 177
155 179
155 180
155 181
155 183
155 184
155 186
155 188
155 189
155 190
155 191
155 192
155 193
155 194
155 196
155 197
155 198
155 199
156 57
156 59
156 60
156 61
156 62
156 66
156 67
156 69
156 72
156 73
156 75
156 77
156 78
156 80
156 81
156 82
156 85
156 87
156 89
156 92
156 94
156 95
156 96
156 97
156 98
156 158
156 160
156 163
156 164
156 165
156 166
156 167
156 168
156 170
156 172
156 174
156 176
156 177
156 178
156 180
156 182
156 183
156 184
156 185
156 186
156 188
156 190
156 192
156 193
156 195
157 58
157 61
157 62
157 64
157 66
157 70
157 72
157 74
157 77
157 78
157 80
157 84
157 85
157 86
157 89
157 91
157 92
157 93
157 96
157 158
157 160
157 164
157 165
157 166
157 167
157 169
157 171
157 172
157 182
157 183
157 184
157 185
157 186
157 187
157 188
157 193
157 194
157 195
157 196
157 198
157 199
158 94
159 61
159 62
159 63
159 72
159 77
159 81
159 83
159 85
159 87
159 88
159 89
159 91
159 96
159 98
159 99
159 161
159 163
159 164
159 168
159 169
159 170
159 171
159 173
159 176
159 187
159 188
159 189
159 190
159 193
159 194
159 197
159 198
160 61
160 79
160 87
160 89
160 91
160 92
160 93
160 97
160 99
160 162
160 165
160 171
160 174
160 175
160 179
160 183
160 186
160 191
160 194
161 64
161 65
161 67
161 71
161 73
161 74
161 75
161 76
161 77
161 78
161 81
161 82
161 83
161 84
161 86
161 94
161 95
161 96
161 99
161 162
161 164
161 166
161 167
161 169
161 174
161 176
161 179
161 182
161 183
161 185
161 186
161 187
161 188
161 189
161 190
161 192
161 195
161 197
162 63
162 64
162 65
162 67
162 69
162 70
162 71
162 72
162 73
162 74
162 75
162 76
162 78
162 79
162 80
162 81
162 82
162 83
162 84
162 86
162 87
162 88
162 89
162 90
162 91
162 92
162 93
162 94
162 95
162 96
162 97
162 98
162 99
162 164
162 165
162 166
162 168
162 169
162 170
162 171
162 172
162 173
162 174
162 175
162 176
162 177
162 178
162 179
162 180
162 181
162 182
162 183
162 184
162 185
162 186
162 187
162 188
162 189
162 190
162 193
162 194
162 195
162 196
162 197
162 198
162 199
163 65
163 67
163 69
163 72
163 78
163 80
163 82
163 87
163 96
163 164
163 165
163 166
163 173
163 175
163 177
163 182
163 184
163 193
163 194
163 199
164 65
164 66
164 68
164 69
164 70
164 71
164 74
164 75
164 76
164 77
164 81
164 83
164 84
164 85
164 86
164 87
164 90
164 91
164 92
164 94
164 95
164 96
164 98
164 99
164 165
164 166
164 168
164 169
164 170
164 171
164 172
164 173
164 174
164 175
164 176
164 177
164 178
164 181
164 182
164 184
164 185
164 186
164 187
164 188
164 190
164 191
164 192
164 193
164 194
164 195
164 197
164 198
165 71
165 74
165 75
165 77
165 85
165 86
165 88
165 89
165 91
165 92
165 93
165 95
165 166
165 167
165 168
165 169
165 170
165 172
165 173
165 177
165 183
165 185
165 186
165 188
165 189
165 190
165 191
165 192
165 193
165 195
165 196
165 197
165 198
165 199
166 77
166 87
166 97
166 167
167 74
167 76
167 78
167 80
167 82
167 83
167 84
167 86
167 87
167 90
167 91
167 96
167 97
167 98
167 168
167 169
167 173
167 174
167 175
167 176
167 185
167 186
167 187
167 188
167 190
167 192
167 195
167 197
167 199
168 72
168 75
168 76
168 78
168 80
168 82
168 84
168 87
168 91
168 92
168 96
168 169
168 170
168 172
168 174
168 175
168 176
168 179
168 181
168 182
168 183
168 184
168 186
168 190
168 198
169 72
169 75
169 76
169 77
169 78
169 79
169 80
169 81
169 82
169 83
169 84
169 85
169 86
169 87
169 88
169 89
169 91
169 92
169 93
169 94
169 95
169 97
169 98
169 171
169 172
169 175
169 176
169 179
169 180
169 182
169 184
169 185
169 186
169 187
169 188
169 190
169 191
169 192
169 193
169 194
169 195
169 196
169 199
170 73
170 74
170 75
170 76
170 77
170 79
170 80
170 82
170 83
170 84
170 85
170 86
170 87
170 89
170 90
170 91
170 92
170 96
170 97
170 98
170 99
170 171
170 172
170 173
170 174
170 175
170 177
170 178
170 179
170 181
170 183
170 184
170 188
170 190
170 193
170 197
170 199
171 72
171 73
171 74
171 75
171 76
171 77
171 78
171 79
171 80
171 82
171 83
171 84
171 85
171 86
171 87
171 88
171 89
171 90
171 91
171 92
171 93
171 94
171 95
171 96
171 97
171 98
171 99
171 172
171 173
171 174
171 175
171 176
171 177
171 178
171 179
171 180
171 181
171 182
171 183
171 184
171 185
171 186
171 187
171 188
171 189
171 190
171 191
171 192
171 193
171 194
171 195
171 196
171 197
171 198
171 199
172 74
172 79
172 80
172 81
172 82
172 83
172 87
172 88
172 89
172 90
172 92
172 96
172 97
172 99
172 177
172 178
172 183
172 186
172 188
172 191
172 194
172 198
172 199
173 75
173 83
173 84
173 90
173 93
173 99
173 186
173 189
173 192
173 194
173 199
174 77
174 83
174 84
174 91
174 92
174 94
174 97
174 98
174 99
174 175
174 179
174 180
174 181
174 186
174 193
174 194
174 196
174 198
175 81
175 84
175 85
175 86
175 87
175 95
175 98
175 178
175 179
175 180
175 183
175 186
176 86
176 95
176 98
176 183
176 184
176 187
176 197
176 198
177 79
177 82
177 85
177 87
177 88
177 89
177 91
177 92
177 93
177 94
177 96
177 97
177 98
177 180
177 181
177 182
177 186
177 187
177 188
177 189
177 191
177 193
177 196
177 197
177 199
178 79
178 81
178 82
178 83
178 84
178 85
178 86
178 87
178 88
178 89
178 90
178 91
178 92
178 93
178 94
178 95
178 97
178 98
178 179
178 180
178 181
178 182
178 183
178 184
178 185
178 186
178 187
178 188
178 189
178 190
178 191
178 192
178 193
178 194
178 195
178 196
178 197
178 198
178 199
179 80
179 81
179 82
179 85
179 88
179 95
179 96
179 98
179 183
179 187
179 189
179 190
179 191
179 195
179 197
180 81
180 84
180 86
180 87
180 88
180 90
180 91
180 92
180 93
180 94
180 99
180 181
180 182
180 191
180 192
180 195
180 196
180 197
180 198
181 83
181 87
181 92
181 94
181 95
181 96
181 97
181 99
181 182
181 184
181 185
181 188
181 189
181 191
181 193
181 197
181 199
182 83
182 87
182 88
182 89
182 91
182 93
182 95
182 96
182 98
182 99
182 186
182 187
182 188
182 190
182 191
182 192
182 193
182 194
182 197
182 199
183 87
183 90
183 93
183 97
183 188
183 190
183 192
183 193
183 195
184 85
184 86
184 87
184 88
184 90
184 94
184 96
184 97
184 98
184 99
184 185
184 186
184 189
184 191
184 193
184 195
184 197
185 99
186 87
186 89
186 90
186 91
186 92
186 93
186 94
186 95
186 96
186 97
186 98
186 99
186 187
186 188
186 189
186 191
186 192
186 193
186 194
186 195
186 196
186 198
186 199
187 88
187 90
187 91
187 93
187 95
187 96
187 98
187 191
187 193
187 194
187 199
188 92
188 95
188 190
188 193
188 196
188 199
189 90
189 91
189 94
189 95
189 97
189 99
189 192
189 194
189 195
189 197
189 198
190 99
191 93
191 94
191 95
191 96
191 97
191 98
191 99
191 192
191 193
191 194
191 195
191 196
191 197
191 198
192 93
192 95
192 96
192 99
192 195
192 197
192 199
193 97
193 99
193 195
193 199
194 96
194 97
194 98
194 99
194 195
194 196
194 197
194 198
194 199
195 97
195 98
195 196
195 197
195 198
196 97
196 98
196 99
196 198
196 199
197 199
198 99
