200
0 1333 2.7
1 1333 2.7
2 1334 2.7
3 1333 2.7
4 1333 2.7
5 1334 2.7
6 1333 2.7
7 1333 2.7
8 1334 2.7
9 1333 2.7
10 1333 2.7
11 1334 2.7
12 1333 2.7
13 1333 2.7
14 1334 2.7
15 1333 2.7
16 1333 2.7
17 1334 2.7
18 1333 2.7
19 1333 2.7
20 1334 2.7
21 1333 2.7
22 1333 2.7
23 1334 2.7
24 1333 2.7
25 1333 2.7
26 1334 2.7
27 1333 2.7
28 1333 2.7
29 1334 2.7
30 1333 2.7
31 1333 2.7
32 1334 2.7
33 1333 2.7
34 1333 2.7
35 1334 2.7
36 1333 2.7
37 1333 2.7
38 1334 2.7
39 1333 2.7
40 1333 2.7
41 1334 2.7
42 1333 2.7
43 1333 2.7
44 1334 2.7
45 1333 2.7
46 1333 2.7
47 1334 2.7
48 1333 2.7
49 1333 2.7
50 1334 2.7
51 1333 2.7
52 1333 2.7
53 1334 2.7
54 1333 2.7
55 1333 2.7
56 1334 2.7
57 1333 2.7
58 1333 2.7
59 1334 2.7
60 1333 2.7
61 1333 2.7
62 1334 2.7
63 1333 2.7
64 1333 2.7
65 1334 2.7
66 1333 2.7
67 1333 2.7
68 1334 2.7
69 1333 2.7
70 1333 2.7
71 1334 2.7
72 1333 2.7
73 1333 2.7
74 1334 2.7
75 1333 2.7
76 1333 2.7
77 1334 2.7
78 1333 2.7
79 1333 2.7
80 1334 2.7
81 1333 2.7
82 1333 2.7
83 1334 2.7
84 1333 2.7
85 1333 2.7
86 1334 2.7
87 1333 2.7
88 1333 2.7
89 1334 2.7
90 1333 2.7
91 1333 2.7
92 1334 2.7
93 1333 2.7
94 1333 2.7
95 1334 2.7
96 1333 2.7
97 1333 2.7
98 1334 2.7
99 1333 2.7
100 1333 2.7
101 1334 2.7
102 1333 2.7
103 1333 2.7
104 1334 2.7
105 1333 2.7
106 1333 2.7
107 1334 2.7
108 1333 2.7
109 1333 2.7
110 1334 2.7
111 1333 2.7
112 1333 2.7
113 1334 2.7
114 1333 2.7
115 1333 2.7
116 1334 2.7
117 1333 2.7
118 1333 2.7
119 1334 2.7
120 1333 2.7
121 1333 2.7
122 1334 2.7
123 1333 2.7
124 1333 2.7
125 1334 2.7
126 1333 2.7
127 1333 2.7
128 1334 2.7
129 1333 2.7
130 1333 2.7
131 1334 2.7
132 1333 2.7
133 1333 2.7
134 1334 2.7
135 1333 2.7
136 1333 2.7
137 1334 2.7
138 1333 2.7
139 1333 2.7
140 1334 2.7
141 1333 2.7
142 1333 2.7
143 1334 2.7
144 1333 2.7
145 1333 2.7
146 1334 2.7
147 1333 2.7
148 1333 2.7
149 1334 2.7
150 1333 2.7
151 1333 2.7
152 1334 2.7
153 1333 2.7
154 1333 2.7
155 1334 2.7
156 1333 2.7
157 1333 2.7
158 1334 2.7
159 1333 2.7
160 1333 2.7
161 1334 2.7
162 1333 2.7
163 1333 2.7
164 1334 2.7
165 1333 2.7
166 1333 2.7
167 1334 2.7
168 1333 2.7
169 1333 2.7
170 1334 2.7
171 1333 2.7
172 1333 2.7
173 1334 2.7
174 1333 2.7
175 1333 2.7
176 1334 2.7
177 173 2.7
178 173 2.7
179 173 2.7
180 173 2.7
181 173 2.7
182 173 2.7
183 173 2.7
184 173 2.7
185 173 2.7
186 173 2.7
187 173 2.7
188 173 2.7
189 173 2.7
190 173 2.7
191 173 2.7
192 173 2.7
193 173 2.7
194 173 2.7
195 173 2.7
196 173 2.7
197 173 2.7
198 173 2.7
199 194 2.7
0 1
0 2
0 4
0 5
0 7
0 8
0 10
0 11
0 13
0 14
0 16
0 17
0 19
0 20
0 22
0 23
0 25
0 26
0 28
0 29
0 31
0 32
0 34
0 35
0 37
0 38
0 40
0 41
0 43
0 44
0 46
0 47
0 49
0 50
0 52
0 53
0 55
0 56
0 58
0 59
0 61
0 62
0 64
0 65
0 67
0 68
0 71
0 73
0 74
0 76
0 77
0 79
0 80
0 82
0 83
0 85
0 86
0 88
0 89
0 91
0 92
0 94
0 95
0 97
0 98
0 100
0 101
0 104
0 106
0 107
0 109
0 110
0 112
0 113
0 115
0 116
0 118
0 119
0 121
0 122
0 124
0 125
0 127
0 128
0 130
0 131
0 133
0 134
0 137
0 139
0 140
0 142
0 143
0 145
0 146
0 148
0 149
0 151
0 152
0 154
0 155
0 157
0 158
0 161
0 163
0 164
0 166
0 167
0 169
0 170
0 172
0 173
0 175
0 185
0 186
0 187
0 188
0 189
0 190
0 191
0 192
0 193
0 194
0 195
0 196
0 197
0 198
0 199
1 20
1 23
1 32
1 44
1 50
1 92
1 113
1 149
1 152
1 155
1 161
1 167
1 173
1 196
1 199
3 2
3 4
3 5
3 17
3 22
3 23
3 26
3 28
3 35
3 38
3 43
3 50
3 61
3 71
3 79
3 85
3 89
3 103
3 112
3 113
3 115
3 119
3 121
3 131
3 139
3 158
3 160
3 186
3 187
3 192
3 196
4 17
4 20
4 32
4 65
4 83
4 104
4 107
4 113
4 128
4 167
4 170
4 173
4 176
4 193
4 195
6 2
6 4
6 8
6 11
6 14
6 17
6 25
6 26
6 28
6 29
6 32
6 35
6 41
6 43
6 44
6 46
6 47
6 50
6 52
6 56
6 58
6 76
6 86
6 89
6 92
6 94
6 97
6 100
6 103
6 107
6 110
6 113
6 119
6 127
6 128
6 134
6 136
6 137
6 142
6 146
6 152
6 155
6 157
6 158
6 163
6 164
6 166
6 185
6 188
6 192
6 195
6 199
7 26
7 35
7 41
7 89
7 92
7 101
9 14
9 17
9 23
9 25
9 31
9 53
9 55
9 104
9 113
9 139
9 155
9 161
9 189
9 191
9 193
9 194
10 8
10 14
10 17
10 20
10 26
10 35
10 38
10 41
10 44
10 50
10 53
10 56
10 59
10 62
10 65
10 68
10 71
10 77
10 80
10 83
10 86
10 89
10 92
10 95
10 98
10 104
10 110
10 113
10 116
10 119
10 122
10 125
10 128
10 131
10 134
10 137
10 140
10 143
10 152
10 155
10 158
10 167
10 173
10 196
10 199
12 1
12 2
12 4
12 7
12 8
12 10
12 11
12 13
12 17
12 19
12 20
12 22
12 23
12 26
12 28
12 29
12 31
12 34
12 35
12 37
12 38
12 40
12 41
12 43
12 46
12 47
12 49
12 52
12 53
12 56
12 58
12 59
12 61
12 62
12 64
12 65
12 67
12 74
12 76
12 77
12 79
12 80
12 82
12 83
12 86
12 88
12 89
12 91
12 92
12 94
12 98
12 100
12 101
12 103
12 104
12 106
12 107
12 109
12 110
12 112
12 113
12 115
12 118
12 119
12 121
12 124
12 125
12 127
12 130
12 131
12 134
12 137
12 139
12 143
12 146
12 148
12 149
12 151
12 152
12 154
12 155
12 157
12 158
12 161
12 163
12 164
12 166
12 170
12 172
12 173
12 175
12 176
12 185
12 186
12 187
12 188
12 189
12 190
12 191
12 193
12 195
12 196
12 197
12 198
12 199
13 11
13 17
13 20
13 44
13 62
13 65
13 71
13 116
13 140
13 146
13 155
13 161
15 10
15 16
15 25
15 43
15 68
15 89
15 116
15 119
15 140
15 172
15 185
15 193
16 5
16 11
16 14
16 17
16 20
16 23
16 26
16 29
16 32
16 41
16 44
16 47
16 50
16 53
16 56
16 59
16 62
16 65
16 74
16 77
16 83
16 86
16 89
16 92
16 95
16 98
16 101
16 104
16 107
16 110
16 113
16 119
16 125
16 131
16 134
16 137
16 140
16 143
16 146
16 149
16 155
16 158
16 164
16 167
16 170
16 173
16 176
16 193
16 194
16 195
16 196
16 197
16 198
16 199
18 1
18 2
18 4
18 5
18 7
18 8
18 10
18 11
18 13
18 14
18 16
18 17
18 19
18 20
18 23
18 25
18 26
18 31
18 32
18 34
18 37
18 38
18 40
18 41
18 43
18 44
18 46
18 47
18 49
18 50
18 52
18 53
18 55
18 56
18 59
18 61
18 62
18 64
18 65
18 67
18 68
18 70
18 71
18 73
18 74
18 77
18 80
18 82
18 83
18 85
18 88
18 89
18 91
18 92
18 94
18 97
18 98
18 100
18 101
18 103
18 104
18 106
18 107
18 109
18 112
18 113
18 115
18 116
18 118
18 119
18 121
18 127
18 128
18 130
18 131
18 133
18 136
18 139
18 140
18 143
18 146
18 148
18 149
18 151
18 152
18 154
18 155
18 157
18 158
18 160
18 161
18 163
18 164
18 166
18 169
18 170
18 172
18 173
18 176
18 185
18 187
18 188
18 189
18 190
18 191
18 193
18 194
18 195
18 198
18 199
19 29
19 56
21 1
21 5
21 7
21 8
21 10
21 13
21 17
21 22
21 31
21 32
21 35
21 38
21 40
21 41
21 43
21 44
21 46
21 47
21 49
21 50
21 53
21 61
21 64
21 73
21 76
21 79
21 83
21 86
21 88
21 91
21 92
21 95
21 98
21 101
21 103
21 104
21 106
21 107
21 110
21 113
21 118
21 119
21 124
21 125
21 127
21 130
21 131
21 134
21 139
21 146
21 148
21 151
21 152
21 157
21 158
21 160
21 161
21 167
21 170
21 175
21 185
21 189
21 191
21 197
21 199
22 2
22 5
22 14
22 26
22 59
22 65
22 89
22 107
22 113
22 164
24 77
24 85
24 130
25 2
25 8
25 11
25 14
25 20
25 29
25 38
25 41
25 44
25 47
25 50
25 53
25 56
25 59
25 62
25 68
25 71
25 74
25 77
25 83
25 86
25 92
25 95
25 98
25 113
25 116
25 122
25 125
25 137
25 149
25 155
25 158
25 161
25 164
25 167
25 170
25 173
25 195
25 197
25 198
25 199
27 2
27 8
27 13
27 16
27 19
27 25
27 26
27 28
27 32
27 34
27 37
27 40
27 41
27 49
27 56
27 61
27 62
27 64
27 71
27 74
27 77
27 79
27 82
27 91
27 92
27 97
27 109
27 113
27 115
27 116
27 118
27 121
27 125
27 127
27 131
27 133
27 142
27 143
27 145
27 154
27 155
27 158
27 163
27 164
27 170
27 173
27 185
27 187
27 191
27 192
27 193
27 195
27 196
27 199
28 2
28 5
28 8
28 11
28 14
28 17
28 23
28 26
28 29
28 32
28 35
28 38
28 41
28 50
28 56
28 59
28 62
28 65
28 68
28 71
28 77
28 80
28 83
28 86
28 89
28 92
28 95
28 98
28 101
28 104
28 107
28 110
28 113
28 119
28 122
28 125
28 128
28 131
28 134
28 140
28 143
28 146
28 149
28 155
28 158
28 161
28 164
28 167
28 170
28 193
28 194
28 196
28 197
28 198
30 13
30 16
30 19
30 25
30 26
30 29
30 34
30 35
30 44
30 55
30 61
30 70
30 73
30 79
30 82
30 85
30 86
30 88
30 94
30 95
30 97
30 109
30 125
30 131
30 137
30 139
30 143
30 146
30 155
30 157
30 169
30 191
30 193
30 196
30 198
31 5
31 8
31 11
31 14
31 17
31 20
31 29
31 32
31 41
31 44
31 47
31 50
31 53
31 56
31 59
31 62
31 68
31 71
31 74
31 86
31 89
31 92
31 98
31 104
31 107
31 110
31 113
31 122
31 125
31 128
31 131
31 134
31 140
31 143
31 146
31 149
31 152
31 155
31 158
31 161
31 167
31 173
31 176
31 195
31 196
31 197
31 198
33 1
33 10
33 11
33 13
33 14
33 17
33 25
33 29
33 46
33 53
33 61
33 68
33 73
33 86
33 89
33 97
33 98
33 100
33 103
33 107
33 110
33 113
33 115
33 121
33 124
33 127
33 136
33 139
33 145
33 148
33 149
33 152
33 155
33 163
33 169
33 170
33 176
33 185
33 188
33 189
33 192
33 198
33 199
34 2
34 5
34 8
34 11
34 14
34 26
34 29
34 32
34 53
34 56
34 59
34 68
34 71
34 74
34 77
34 83
34 86
34 89
34 92
34 95
34 101
34 110
34 116
34 119
34 128
34 131
34 134
34 137
34 140
34 143
34 146
34 149
34 152
34 158
34 161
34 164
34 167
34 173
34 176
34 194
34 196
34 197
36 2
36 4
36 5
36 8
36 11
36 13
36 16
36 19
36 22
36 23
36 25
36 28
36 29
36 31
36 32
36 34
36 35
36 37
36 41
36 43
36 44
36 46
36 47
36 49
36 50
36 52
36 53
36 55
36 59
36 61
36 62
36 64
36 65
36 67
36 68
36 71
36 73
36 74
36 77
36 79
36 80
36 82
36 83
36 85
36 86
36 89
36 91
36 92
36 94
36 95
36 98
36 100
36 101
36 106
36 109
36 112
36 113
36 115
36 116
36 118
36 119
36 121
36 122
36 124
36 127
36 128
36 130
36 134
36 136
36 137
36 139
36 140
36 142
36 145
36 146
36 148
36 149
36 151
36 152
36 155
36 158
36 160
36 161
36 163
36 164
36 166
36 170
36 172
36 173
36 175
36 176
36 186
36 187
36 188
36 189
36 190
36 191
36 192
36 193
36 194
36 196
36 197
36 198
36 199
37 11
37 14
37 17
37 23
37 35
37 38
37 41
37 53
37 80
37 104
37 113
37 116
37 125
37 137
37 143
37 152
39 32
39 43
39 55
39 118
39 124
39 196
40 2
40 17
40 35
40 56
40 65
40 89
40 92
40 95
40 98
40 107
40 119
40 122
40 134
40 149
40 155
40 164
40 167
40 173
40 193
40 195
40 197
42 2
42 5
42 10
42 11
42 13
42 19
42 22
42 23
42 25
42 26
42 34
42 37
42 40
42 43
42 46
42 47
42 50
42 53
42 56
42 58
42 59
42 70
42 77
42 89
42 91
42 94
42 100
42 101
42 104
42 106
42 109
42 112
42 113
42 115
42 124
42 128
42 130
42 131
42 136
42 137
42 140
42 143
42 146
42 148
42 152
42 154
42 157
42 158
42 161
42 163
42 167
42 169
42 170
42 172
42 176
42 185
42 187
42 194
42 199
43 2
43 5
43 8
43 11
43 14
43 17
43 35
43 50
43 56
43 65
43 68
43 77
43 95
43 98
43 104
43 107
43 119
43 125
43 137
43 143
43 146
43 149
43 164
43 170
43 176
43 197
43 199
45 1
45 2
45 4
45 5
45 7
45 8
45 10
45 11
45 13
45 14
45 16
45 17
45 19
45 20
45 22
45 23
45 25
45 26
45 28
45 29
45 31
45 32
45 34
45 35
45 37
45 38
45 40
45 41
45 43
45 44
45 46
45 47
45 49
45 50
45 52
45 53
45 55
45 56
45 58
45 59
45 61
45 62
45 64
45 65
45 67
45 68
45 70
45 71
45 73
45 74
45 76
45 79
45 80
45 82
45 83
45 85
45 88
45 89
45 91
45 92
45 94
45 95
45 97
45 98
45 100
45 101
45 103
45 104
45 106
45 107
45 110
45 112
45 113
45 115
45 118
45 119
45 121
45 122
45 124
45 125
45 128
45 130
45 131
45 133
45 134
45 136
45 137
45 139
45 140
45 142
45 143
45 145
45 146
45 148
45 149
45 151
45 152
45 155
45 157
45 158
45 160
45 161
45 163
45 164
45 166
45 169
45 170
45 172
45 173
45 175
45 176
45 185
45 186
45 187
45 188
45 189
45 190
45 191
45 192
45 193
45 194
45 195
45 196
45 197
45 198
45 199
46 2
46 5
46 8
46 11
46 14
46 17
46 23
46 32
46 35
46 41
46 44
46 47
46 50
46 53
46 56
46 59
46 62
46 68
46 71
46 77
46 80
46 83
46 89
46 92
46 95
46 98
46 101
46 107
46 110
46 122
46 125
46 131
46 134
46 137
46 140
46 143
46 146
46 149
46 152
46 155
46 161
46 167
46 170
46 173
46 176
46 193
46 194
46 195
46 196
46 197
46 199
48 4
48 13
48 14
48 16
48 17
48 19
48 25
48 29
48 32
48 37
48 38
48 40
48 46
48 49
48 50
48 55
48 62
48 64
48 68
48 71
48 73
48 86
48 98
48 100
48 106
48 112
48 116
48 119
48 124
48 127
48 130
48 131
48 136
48 140
48 142
48 148
48 151
48 173
48 175
48 185
48 186
48 189
48 194
49 2
49 5
49 8
49 11
49 14
49 17
49 20
49 29
49 35
49 41
49 50
49 53
49 56
49 59
49 62
49 74
49 77
49 80
49 86
49 95
49 98
49 101
49 107
49 110
49 113
49 116
49 119
49 125
49 131
49 134
49 140
49 143
49 146
49 152
49 155
49 161
49 164
49 167
49 170
49 194
49 195
49 197
51 10
51 11
51 16
51 25
51 26
51 29
51 35
51 40
51 41
51 43
51 50
51 52
51 55
51 58
51 65
51 67
51 74
51 82
51 83
51 86
51 88
51 91
51 92
51 104
51 107
51 109
51 119
51 121
51 125
51 134
51 140
51 145
51 160
51 166
51 176
51 186
51 189
51 196
51 197
52 2
52 5
52 8
52 11
52 14
52 17
52 20
52 26
52 29
52 35
52 44
52 47
52 50
52 53
52 56
52 65
52 68
52 80
52 86
52 89
52 92
52 95
52 98
52 101
52 104
52 107
52 110
52 113
52 116
52 119
52 125
52 128
52 131
52 134
52 137
52 140
52 143
52 146
52 149
52 155
52 158
52 161
52 164
52 167
52 170
52 173
52 176
52 194
52 197
52 198
54 1
54 2
54 5
54 7
54 8
54 10
54 11
54 13
54 14
54 16
54 17
54 19
54 20
54 22
54 23
54 25
54 26
54 28
54 29
54 31
54 32
54 34
54 35
54 37
54 38
54 40
54 41
54 43
54 44
54 46
54 49
54 50
54 52
54 53
54 55
54 56
54 58
54 59
54 61
54 62
54 64
54 65
54 67
54 68
54 70
54 71
54 73
54 74
54 76
54 77
54 79
54 80
54 82
54 83
54 85
54 86
54 88
54 89
54 91
54 92
54 94
54 95
54 97
54 98
54 100
54 101
54 104
54 106
54 107
54 109
54 110
54 112
54 113
54 115
54 116
54 118
54 119
54 121
54 122
54 124
54 125
54 127
54 128
54 130
54 131
54 133
54 134
54 136
54 137
54 139
54 140
54 142
54 143
54 145
54 146
54 148
54 149
54 151
54 152
54 154
54 155
54 157
54 158
54 160
54 161
54 163
54 164
54 166
54 167
54 169
54 170
54 172
54 173
54 175
54 176
54 185
54 186
54 187
54 188
54 189
54 190
54 191
54 192
54 193
54 194
54 195
54 196
54 197
54 198
54 199
55 5
55 11
55 14
55 17
55 26
55 29
55 32
55 41
55 44
55 47
55 56
55 59
55 68
55 71
55 74
55 77
55 86
55 92
55 98
55 104
55 113
55 119
55 122
55 125
55 128
55 131
55 149
55 152
55 170
55 173
55 193
55 194
55 197
55 199
57 1
57 2
57 4
57 5
57 7
57 8
57 10
57 11
57 14
57 16
57 19
57 20
57 22
57 23
57 25
57 26
57 28
57 29
57 31
57 32
57 34
57 35
57 37
57 38
57 40
57 41
57 43
57 44
57 46
57 47
57 49
57 50
57 52
57 53
57 55
57 56
57 58
57 59
57 61
57 62
57 64
57 65
57 67
57 68
57 70
57 71
57 73
57 74
57 76
57 77
57 79
57 80
57 82
57 83
57 85
57 86
57 88
57 89
57 91
57 92
57 94
57 95
57 97
57 98
57 100
57 101
57 103
57 104
57 106
57 107
57 109
57 110
57 113
57 115
57 116
57 118
57 119
57 121
57 122
57 124
57 125
57 127
57 130
57 131
57 133
57 134
57 136
57 137
57 139
57 140
57 142
57 143
57 145
57 146
57 148
57 149
57 151
57 152
57 154
57 155
57 158
57 160
57 161
57 163
57 164
57 166
57 167
57 169
57 170
57 172
57 173
57 175
57 176
57 185
57 186
57 187
57 188
57 189
57 190
57 191
57 192
57 193
57 195
57 196
57 197
57 198
57 199
58 2
58 5
58 8
58 11
58 14
58 20
58 23
58 26
58 29
58 32
58 35
58 38
58 41
58 44
58 47
58 53
58 56
58 59
58 62
58 65
58 71
58 74
58 77
58 80
58 83
58 86
58 95
58 98
58 104
58 107
58 110
58 113
58 116
58 122
58 125
58 128
58 131
58 134
58 137
58 140
58 143
58 146
58 149
58 152
58 155
58 161
58 164
58 167
58 170
58 173
58 176
58 193
58 194
58 195
58 196
58 197
58 198
60 1
60 2
60 4
60 5
60 7
60 11
60 13
60 14
60 16
60 19
60 20
60 22
60 23
60 25
60 28
60 32
60 34
60 35
60 38
60 40
60 43
60 44
60 46
60 47
60 49
60 50
60 52
60 53
60 55
60 58
60 59
60 61
60 62
60 64
60 65
60 70
60 71
60 73
60 74
60 76
60 79
60 80
60 82
60 85
60 86
60 88
60 89
60 92
60 94
60 97
60 98
60 100
60 101
60 103
60 104
60 106
60 107
60 109
60 110
60 112
60 115
60 118
60 127
60 130
60 133
60 134
60 137
60 142
60 145
60 146
60 148
60 149
60 151
60 152
60 155
60 158
60 160
60 161
60 163
60 164
60 166
60 169
60 170
60 172
60 173
60 175
60 176
60 185
60 186
60 188
60 189
60 191
60 192
60 193
60 195
60 196
60 197
60 198
60 199
61 5
61 20
61 23
61 32
61 41
61 44
61 47
61 50
61 56
61 59
61 65
61 71
61 74
61 83
61 89
61 92
61 95
61 110
61 113
61 122
61 131
61 140
61 146
61 149
61 152
61 164
61 170
61 173
61 193
61 198
63 1
63 2
63 4
63 5
63 7
63 8
63 10
63 11
63 13
63 14
63 16
63 17
63 19
63 20
63 22
63 23
63 25
63 26
63 28
63 29
63 31
63 32
63 34
63 35
63 37
63 38
63 40
63 41
63 43
63 44
63 46
63 47
63 49
63 50
63 52
63 53
63 55
63 56
63 58
63 59
63 61
63 62
63 64
63 65
63 67
63 68
63 70
63 71
63 73
63 74
63 76
63 77
63 79
63 80
63 82
63 83
63 85
63 86
63 88
63 89
63 91
63 92
63 94
63 95
63 97
63 98
63 100
63 101
63 103
63 104
63 106
63 107
63 109
63 110
63 112
63 113
63 116
63 118
63 119
63 121
63 122
63 124
63 125
63 127
63 128
63 130
63 131
63 134
63 136
63 137
63 139
63 140
63 142
63 143
63 145
63 146
63 148
63 149
63 151
63 152
63 154
63 155
63 157
63 158
63 160
63 161
63 163
63 164
63 166
63 167
63 169
63 170
63 172
63 173
63 175
63 176
63 185
63 186
63 187
63 188
63 189
63 190
63 191
63 192
63 193
63 194
63 195
63 196
63 197
63 198
63 199
64 5
64 8
64 11
64 14
64 26
64 29
64 32
64 44
64 50
64 53
64 56
64 71
64 74
64 80
64 89
64 107
64 113
64 122
64 131
64 140
64 143
64 149
64 152
64 158
64 173
64 194
64 196
64 198
66 1
66 2
66 4
66 5
66 7
66 8
66 10
66 11
66 13
66 14
66 16
66 17
66 19
66 20
66 22
66 23
66 25
66 26
66 28
66 29
66 31
66 32
66 34
66 35
66 37
66 38
66 40
66 41
66 43
66 44
66 46
66 47
66 49
66 50
66 53
66 55
66 56
66 58
66 59
66 61
66 62
66 64
66 65
66 67
66 68
66 70
66 73
66 74
66 76
66 77
66 79
66 80
66 82
66 83
66 85
66 86
66 88
66 89
66 91
66 92
66 94
66 95
66 97
66 98
66 100
66 101
66 103
66 104
66 106
66 107
66 109
66 110
66 112
66 113
66 115
66 116
66 118
66 119
66 121
66 122
66 124
66 125
66 127
66 128
66 130
66 131
66 133
66 134
66 136
66 137
66 139
66 140
66 142
66 143
66 145
66 146
66 148
66 149
66 151
66 152
66 154
66 155
66 157
66 158
66 160
66 161
66 163
66 164
66 166
66 167
66 169
66 170
66 172
66 173
66 175
66 176
66 186
66 187
66 188
66 189
66 191
66 192
66 193
66 194
66 195
66 196
66 197
66 198
66 199
67 17
67 20
67 23
67 26
67 35
67 38
67 41
67 53
67 59
67 62
67 65
67 68
67 74
67 77
67 80
67 83
67 86
67 89
67 104
67 110
67 113
67 128
67 134
67 137
67 140
67 143
67 146
67 152
67 155
67 158
67 167
67 173
67 176
67 194
67 195
67 198
67 199
69 2
69 5
69 7
69 8
69 10
69 11
69 13
69 20
69 22
69 23
69 26
69 29
69 31
69 35
69 40
69 41
69 44
69 46
69 47
69 52
69 55
69 56
69 58
69 62
69 64
69 65
69 73
69 74
69 76
69 77
69 79
69 80
69 82
69 85
69 86
69 88
69 91
69 92
69 95
69 98
69 100
69 101
69 104
69 106
69 107
69 112
69 115
69 116
69 118
69 119
69 125
69 127
69 128
69 130
69 131
69 133
69 136
69 137
69 140
69 142
69 143
69 145
69 148
69 149
69 152
69 154
69 157
69 158
69 160
69 163
69 166
69 167
69 172
69 173
69 175
69 176
69 185
69 186
69 189
69 191
69 192
69 193
69 194
69 197
69 198
69 199
70 2
70 8
70 11
70 14
70 17
70 23
70 29
70 32
70 38
70 41
70 47
70 56
70 65
70 68
70 74
70 83
70 86
70 89
70 95
70 98
70 104
70 107
70 113
70 116
70 125
70 128
70 134
70 137
70 140
70 146
70 149
70 155
70 158
70 161
70 164
70 167
70 170
70 176
70 194
70 199
72 1
72 2
72 4
72 5
72 7
72 8
72 10
72 11
72 14
72 17
72 19
72 20
72 22
72 23
72 25
72 26
72 28
72 29
72 31
72 32
72 34
72 35
72 38
72 40
72 41
72 43
72 44
72 46
72 47
72 49
72 50
72 52
72 53
72 55
72 56
72 58
72 59
72 61
72 62
72 64
72 65
72 67
72 68
72 70
72 71
72 74
72 76
72 80
72 82
72 83
72 85
72 86
72 88
72 89
72 91
72 92
72 94
72 95
72 97
72 98
72 100
72 101
72 103
72 104
72 106
72 107
72 109
72 110
72 112
72 113
72 115
72 116
72 118
72 119
72 121
72 122
72 124
72 125
72 127
72 128
72 130
72 131
72 133
72 134
72 136
72 137
72 139
72 142
72 143
72 145
72 148
72 149
72 151
72 152
72 154
72 157
72 158
72 160
72 161
72 163
72 164
72 166
72 167
72 169
72 170
72 173
72 175
72 176
72 186
72 187
72 188
72 189
72 190
72 191
72 192
72 193
72 194
72 195
72 196
72 197
72 198
72 199
73 17
73 23
73 32
73 56
73 74
73 77
73 80
73 86
73 92
73 98
73 101
73 110
73 137
73 140
73 143
73 146
73 152
73 155
73 158
73 164
73 167
73 170
73 194
73 196
73 198
75 1
75 2
75 7
75 8
75 10
75 11
75 13
75 14
75 16
75 20
75 22
75 23
75 25
75 26
75 28
75 29
75 31
75 35
75 37
75 38
75 40
75 43
75 44
75 47
75 52
75 53
75 55
75 58
75 59
75 61
75 64
75 67
75 68
75 70
75 74
75 76
75 77
75 79
75 80
75 83
75 86
75 88
75 89
75 92
75 94
75 95
75 97
75 98
75 101
75 103
75 104
75 106
75 113
75 115
75 116
75 118
75 119
75 121
75 122
75 124
75 125
75 127
75 128
75 130
75 134
75 136
75 137
75 139
75 142
75 143
75 145
75 146
75 148
75 149
75 151
75 152
75 154
75 155
75 157
75 160
75 164
75 166
75 167
75 169
75 170
75 173
75 175
75 185
75 187
75 188
75 189
75 191
75 192
75 193
75 194
75 195
75 196
75 197
75 198
76 2
76 8
76 11
76 14
76 17
76 20
76 23
76 26
76 29
76 35
76 38
76 41
76 47
76 50
76 53
76 56
76 62
76 65
76 71
76 74
76 77
76 80
76 86
76 89
76 92
76 95
76 101
76 107
76 110
76 113
76 119
76 122
76 125
76 128
76 131
76 134
76 137
76 140
76 146
76 149
76 152
76 158
76 164
76 167
76 170
76 173
76 176
76 193
76 194
76 195
76 196
76 197
76 198
76 199
78 4
78 5
78 8
78 11
78 13
78 14
78 16
78 17
78 23
78 34
78 38
78 40
78 41
78 43
78 46
78 49
78 52
78 53
78 55
78 61
78 65
78 70
78 71
78 74
78 77
78 82
78 86
78 92
78 94
78 95
78 98
78 100
78 101
78 103
78 104
78 106
78 107
78 113
78 116
78 121
78 124
78 125
78 128
78 136
78 148
78 149
78 151
78 155
78 160
78 163
78 164
78 166
78 170
78 172
78 175
78 176
78 186
78 189
78 190
78 191
78 194
78 197
79 2
79 5
79 8
79 11
79 14
79 17
79 20
79 23
79 26
79 29
79 32
79 35
79 38
79 41
79 44
79 47
79 50
79 53
79 59
79 62
79 65
79 68
79 71
79 74
79 77
79 80
79 83
79 86
79 89
79 92
79 95
79 98
79 101
79 104
79 107
79 110
79 116
79 119
79 122
79 125
79 128
79 134
79 140
79 143
79 146
79 149
79 152
79 155
79 158
79 161
79 164
79 167
79 170
79 173
79 176
79 193
79 194
79 195
79 196
79 197
79 198
79 199
81 1
81 2
81 5
81 7
81 8
81 10
81 13
81 16
81 19
81 23
81 26
81 28
81 32
81 34
81 35
81 38
81 43
81 46
81 47
81 49
81 50
81 52
81 55
81 59
81 62
81 65
81 70
81 71
81 73
81 74
81 76
81 77
81 79
81 80
81 82
81 83
81 86
81 88
81 91
81 92
81 94
81 95
81 97
81 98
81 100
81 104
81 106
81 107
81 110
81 112
81 113
81 116
81 119
81 121
81 122
81 124
81 127
81 128
81 130
81 131
81 133
81 134
81 136
81 137
81 140
81 143
81 145
81 146
81 149
81 151
81 155
81 157
81 158
81 160
81 161
81 164
81 166
81 167
81 169
81 170
81 172
81 173
81 175
81 176
81 186
81 191
81 192
81 193
81 194
81 197
81 198
81 199
82 5
82 8
82 11
82 17
82 20
82 23
82 29
82 32
82 35
82 38
82 41
82 44
82 47
82 50
82 53
82 56
82 59
82 71
82 77
82 80
82 83
82 89
82 92
82 95
82 98
82 101
82 104
82 107
82 110
82 113
82 116
82 119
82 122
82 125
82 128
82 131
82 137
82 140
82 143
82 149
82 152
82 155
82 161
82 164
82 167
82 193
82 194
82 195
82 196
82 197
82 198
82 199
84 20
84 44
84 79
84 80
84 95
84 124
84 130
84 137
84 152
84 154
84 186
84 191
84 197
85 14
85 29
85 32
85 53
85 56
85 98
85 137
85 161
85 164
85 193
87 7
87 61
87 145
87 199
88 2
88 11
88 23
88 32
88 38
88 44
88 47
88 56
88 59
88 65
88 71
88 77
88 83
88 89
88 95
88 98
88 101
88 107
88 116
88 131
88 134
88 143
88 146
88 195
90 10
90 14
90 17
90 19
90 20
90 22
90 29
90 32
90 34
90 35
90 37
90 38
90 41
90 43
90 47
90 55
90 59
90 62
90 64
90 65
90 67
90 70
90 77
90 82
90 83
90 91
90 94
90 95
90 97
90 101
90 106
90 107
90 109
90 110
90 112
90 119
90 122
90 125
90 128
90 130
90 131
90 137
90 139
90 142
90 145
90 146
90 152
90 154
90 157
90 163
90 167
90 175
90 195
90 196
90 198
91 5
91 11
91 17
91 29
91 38
91 56
91 59
91 71
91 95
91 104
91 107
91 119
91 131
91 140
91 161
91 170
93 4
93 5
93 7
93 10
93 13
93 14
93 16
93 17
93 20
93 22
93 23
93 25
93 26
93 28
93 29
93 32
93 35
93 38
93 40
93 41
93 43
93 44
93 46
93 50
93 52
93 55
93 56
93 61
93 62
93 64
93 65
93 68
93 71
93 74
93 76
93 79
93 80
93 82
93 83
93 85
93 88
93 89
93 94
93 97
93 98
93 100
93 101
93 104
93 107
93 109
93 113
93 115
93 116
93 118
93 124
93 125
93 128
93 130
93 131
93 134
93 136
93 137
93 140
93 143
93 148
93 151
93 154
93 155
93 158
93 163
93 166
93 169
93 170
93 172
93 176
93 185
93 186
93 187
93 189
93 190
93 191
93 196
93 197
93 199
94 8
94 14
94 17
94 23
94 32
94 41
94 44
94 53
94 56
94 59
94 62
94 65
94 68
94 74
94 77
94 86
94 89
94 92
94 95
94 107
94 113
94 116
94 119
94 137
94 155
94 164
94 173
94 194
94 195
94 198
96 4
96 5
96 7
96 10
96 11
96 16
96 25
96 28
96 32
96 34
96 35
96 41
96 43
96 47
96 49
96 50
96 52
96 53
96 59
96 61
96 64
96 73
96 83
96 85
96 86
96 88
96 89
96 110
96 112
96 113
96 118
96 124
96 125
96 128
96 131
96 133
96 134
96 137
96 139
96 143
96 145
96 146
96 151
96 154
96 157
96 161
96 163
96 166
96 169
96 185
96 187
96 188
96 193
96 194
96 197
96 199
97 2
97 8
97 11
97 14
97 17
97 20
97 23
97 29
97 32
97 38
97 41
97 44
97 47
97 50
97 53
97 56
97 59
97 62
97 65
97 68
97 71
97 77
97 80
97 83
97 86
97 89
97 92
97 95
97 98
97 101
97 104
97 107
97 110
97 113
97 119
97 122
97 125
97 128
97 131
97 134
97 137
97 140
97 143
97 146
97 149
97 152
97 155
97 158
97 161
97 164
97 170
97 173
97 176
97 194
97 195
97 196
97 197
97 198
97 199
99 1
99 4
99 8
99 10
99 11
99 13
99 14
99 16
99 20
99 25
99 26
99 29
99 31
99 34
99 35
99 37
99 41
99 43
99 44
99 46
99 47
99 49
99 52
99 53
99 56
99 58
99 59
99 61
99 62
99 64
99 67
99 68
99 70
99 73
99 74
99 76
99 77
99 79
99 82
99 83
99 88
99 89
99 91
99 92
99 94
99 95
99 97
99 98
99 103
99 104
99 107
99 110
99 112
99 113
99 116
99 118
99 119
99 122
99 124
99 125
99 128
99 130
99 131
99 133
99 136
99 146
99 148
99 149
99 151
99 155
99 157
99 158
99 160
99 161
99 164
99 166
99 169
99 170
99 172
99 173
99 175
99 185
99 186
99 188
99 189
99 191
99 192
99 193
99 194
99 195
99 196
99 197
99 198
99 199
100 23
100 86
100 146
100 167
100 173
102 1
102 2
102 4
102 5
102 7
102 8
102 10
102 11
102 13
102 14
102 16
102 17
102 19
102 20
102 22
102 25
102 26
102 28
102 29
102 31
102 32
102 34
102 35
102 37
102 41
102 43
102 44
102 46
102 47
102 49
102 50
102 52
102 55
102 56
102 58
102 59
102 61
102 62
102 64
102 65
102 68
102 71
102 73
102 74
102 76
102 77
102 79
102 80
102 82
102 83
102 85
102 86
102 88
102 89
102 91
102 92
102 94
102 95
102 97
102 98
102 100
102 101
102 103
102 104
102 106
102 109
102 110
102 112
102 115
102 116
102 118
102 121
102 122
102 124
102 125
102 127
102 128
102 130
102 131
102 133
102 134
102 136
102 137
102 140
102 142
102 143
102 145
102 146
102 148
102 149
102 154
102 155
102 157
102 158
102 160
102 161
102 163
102 164
102 166
102 167
102 169
102 170
102 172
102 173
102 175
102 176
102 185
102 186
102 187
102 188
102 189
102 190
102 191
102 192
102 193
102 194
102 195
102 196
102 197
102 198
102 199
103 5
103 8
103 11
103 17
103 32
103 35
103 38
103 44
103 47
103 50
103 53
103 59
103 62
103 65
103 77
103 80
103 89
103 92
103 98
103 101
103 104
103 113
103 116
103 122
103 125
103 128
103 131
103 137
103 140
103 143
103 146
103 149
103 152
103 155
103 161
103 164
103 170
103 173
103 176
103 193
103 195
103 196
103 197
103 199
105 2
105 106
106 2
106 5
106 8
106 14
106 17
106 20
106 23
106 26
106 29
106 35
106 41
106 44
106 50
106 53
106 65
106 74
106 77
106 80
106 83
106 86
106 89
106 95
106 98
106 101
106 104
106 107
106 110
106 113
106 116
106 122
106 131
106 137
106 140
106 143
106 149
106 152
106 158
106 161
106 164
106 170
106 173
106 176
106 196
106 197
106 198
106 199
108 5
108 13
108 34
108 44
108 64
108 76
108 82
108 110
108 125
108 136
108 137
108 142
108 149
108 173
109 2
109 8
109 14
109 23
109 26
109 32
109 35
109 38
109 44
109 47
109 53
109 59
109 62
109 68
109 71
109 74
109 77
109 80
109 86
109 89
109 95
109 98
109 101
109 107
109 110
109 113
109 119
109 122
109 125
109 134
109 137
109 140
109 143
109 146
109 149
109 152
109 155
109 158
109 161
109 170
109 173
109 176
109 193
109 195
109 196
109 197
109 198
109 199
111 5
111 10
111 11
111 14
111 19
111 20
111 23
111 25
111 28
111 32
111 40
111 41
111 44
111 53
111 58
111 59
111 64
111 65
111 68
111 71
111 79
111 80
111 83
111 85
111 88
111 89
111 91
111 92
111 95
111 97
111 98
111 100
111 101
111 107
111 109
111 110
111 112
111 116
111 118
111 121
111 125
111 128
111 130
111 131
111 133
111 137
111 145
111 146
111 149
111 151
111 157
111 158
111 161
111 166
111 170
111 172
111 186
111 189
111 190
112 8
112 11
112 14
112 17
112 20
112 23
112 29
112 32
112 35
112 41
112 56
112 59
112 62
112 65
112 83
112 86
112 89
112 92
112 104
112 110
112 113
112 116
112 122
112 125
112 128
112 131
112 134
112 140
112 143
112 146
112 149
112 152
112 155
112 158
112 161
112 173
112 176
112 194
112 195
112 197
112 198
114 1
114 7
114 10
114 16
114 25
114 32
114 34
114 35
114 40
114 41
114 46
114 47
114 49
114 52
114 65
114 68
114 70
114 73
114 74
114 79
114 86
114 91
114 92
114 107
114 109
114 110
114 113
114 125
114 127
114 130
114 137
114 152
114 155
114 158
114 163
114 175
114 176
114 188
114 191
114 192
114 194
114 195
115 8
115 11
115 14
115 17
115 20
115 23
115 29
115 32
115 35
115 38
115 41
115 44
115 47
115 53
115 56
115 59
115 68
115 71
115 74
115 77
115 80
115 86
115 89
115 92
115 95
115 98
115 101
115 104
115 107
115 110
115 113
115 116
115 122
115 125
115 128
115 134
115 137
115 143
115 149
115 152
115 161
115 164
115 167
115 170
115 173
115 176
115 193
115 195
115 196
115 197
115 198
115 199
117 11
117 14
117 46
117 118
117 125
117 127
117 131
117 152
117 188
117 196
118 2
118 11
118 23
118 41
118 56
118 80
118 101
118 113
118 131
118 143
118 173
118 195
118 198
120 1
120 2
120 4
120 5
120 7
120 8
120 10
120 11
120 13
120 14
120 16
120 17
120 22
120 23
120 25
120 28
120 29
120 31
120 32
120 34
120 35
120 37
120 40
120 41
120 43
120 44
120 46
120 47
120 49
120 52
120 53
120 56
120 58
120 59
120 61
120 62
120 64
120 65
120 67
120 68
120 70
120 73
120 74
120 76
120 79
120 80
120 82
120 83
120 85
120 86
120 88
120 89
120 91
120 92
120 94
120 95
120 97
120 98
120 101
120 103
120 104
120 106
120 107
120 109
120 110
120 112
120 115
120 118
120 119
120 121
120 122
120 124
120 125
120 127
120 128
120 130
120 131
120 133
120 134
120 136
120 137
120 139
120 140
120 142
120 143
120 145
120 146
120 148
120 149
120 152
120 154
120 155
120 157
120 160
120 161
120 163
120 164
120 167
120 169
120 170
120 172
120 173
120 175
120 176
120 185
120 186
120 187
120 188
120 189
120 190
120 192
120 193
120 194
120 195
120 196
120 197
120 198
120 199
121 11
121 17
121 20
121 32
121 35
121 38
121 41
121 50
121 56
121 59
121 68
121 89
121 101
121 107
121 119
121 125
121 128
121 143
121 152
121 167
121 196
123 1
123 2
123 4
123 5
123 7
123 8
123 11
123 13
123 14
123 16
123 17
123 19
123 20
123 22
123 23
123 25
123 26
123 28
123 29
123 31
123 32
123 34
123 35
123 37
123 38
123 40
123 41
123 43
123 44
123 46
123 47
123 50
123 52
123 53
123 55
123 56
123 58
123 62
123 64
123 65
123 67
123 68
123 70
123 71
123 73
123 74
123 76
123 77
123 79
123 80
123 82
123 85
123 86
123 88
123 89
123 91
123 92
123 94
123 95
123 97
123 100
123 101
123 103
123 104
123 106
123 107
123 109
123 110
123 112
123 113
123 115
123 116
123 118
123 119
123 121
123 122
123 124
123 125
123 127
123 128
123 130
123 131
123 133
123 134
123 136
123 137
123 139
123 140
123 142
123 143
123 145
123 146
123 148
123 149
123 151
123 152
123 154
123 155
123 158
123 160
123 161
123 163
123 164
123 167
123 169
123 170
123 172
123 173
123 175
123 176
123 185
123 186
123 187
123 188
123 189
123 190
123 191
123 192
123 193
123 194
123 195
123 196
123 197
123 198
123 199
124 11
124 47
124 77
124 83
124 86
124 95
124 98
124 104
124 113
124 125
124 149
124 155
124 167
124 195
124 196
124 197
124 198
126 10
126 11
126 16
126 20
126 22
126 28
126 32
126 34
126 37
126 38
126 40
126 46
126 47
126 49
126 52
126 56
126 58
126 61
126 64
126 70
126 71
126 73
126 80
126 82
126 83
126 85
126 91
126 92
126 94
126 95
126 97
126 100
126 101
126 103
126 110
126 116
126 122
126 133
126 142
126 145
126 146
126 148
126 152
126 154
126 158
126 160
126 161
126 167
126 169
126 175
126 186
126 188
126 190
126 195
126 196
126 197
127 2
127 5
127 8
127 14
127 17
127 20
127 23
127 26
127 29
127 32
127 38
127 41
127 44
127 47
127 50
127 53
127 56
127 59
127 62
127 65
127 68
127 71
127 74
127 77
127 80
127 83
127 86
127 89
127 92
127 98
127 101
127 104
127 107
127 110
127 113
127 116
127 119
127 122
127 125
127 131
127 134
127 137
127 140
127 143
127 146
127 149
127 152
127 155
127 158
127 161
127 167
127 170
127 173
127 193
127 194
127 195
127 196
127 197
127 199
129 2
129 16
129 28
129 32
129 43
129 49
129 50
129 52
129 55
129 59
129 74
129 76
129 88
129 89
129 109
129 142
129 145
129 152
129 157
129 158
129 169
129 175
129 185
129 190
130 2
130 8
130 14
130 17
130 23
130 32
130 35
130 41
130 47
130 50
130 56
130 59
130 68
130 71
130 74
130 83
130 86
130 89
130 95
130 104
130 119
130 125
130 143
130 146
130 152
130 161
130 164
130 194
130 195
130 196
130 197
130 198
130 199
132 2
132 5
132 7
132 8
132 11
132 16
132 20
132 25
132 28
132 32
132 34
132 37
132 41
132 44
132 46
132 47
132 56
132 58
132 59
132 68
132 76
132 77
132 85
132 88
132 97
132 104
132 109
132 110
132 115
132 116
132 125
132 128
132 145
132 149
132 157
132 163
132 169
132 175
132 189
132 194
132 198
132 199
133 2
133 8
133 20
133 29
133 62
133 74
133 83
133 89
133 92
133 95
133 122
133 131
133 194
133 198
135 10
135 11
135 26
135 35
135 44
135 53
135 55
135 59
135 64
135 70
135 113
135 119
135 128
135 143
135 149
135 161
135 164
135 196
136 17
136 47
136 128
136 149
136 158
136 164
136 176
138 2
138 7
138 8
138 23
138 26
138 28
138 29
138 40
138 46
138 50
138 52
138 53
138 68
138 70
138 74
138 77
138 80
138 83
138 86
138 91
138 95
138 97
138 98
138 100
138 101
138 104
138 107
138 110
138 115
138 119
138 121
138 122
138 130
138 133
138 145
138 149
138 155
138 163
138 169
138 185
138 186
138 189
138 190
138 194
138 197
139 2
139 5
139 32
139 35
139 56
139 59
139 71
139 80
139 83
139 104
139 110
139 134
139 146
139 170
139 176
139 193
139 194
139 196
141 1
141 2
141 4
141 5
141 8
141 10
141 11
141 17
141 19
141 22
141 23
141 25
141 26
141 28
141 29
141 35
141 37
141 38
141 41
141 43
141 46
141 47
141 50
141 52
141 55
141 56
141 59
141 61
141 62
141 64
141 67
141 70
141 76
141 80
141 85
141 86
141 91
141 92
141 94
141 97
141 101
141 103
141 104
141 106
141 107
141 110
141 112
141 113
141 115
141 116
141 118
141 119
141 121
141 122
141 124
141 125
141 127
141 128
141 130
141 131
141 133
141 136
141 137
141 139
141 142
141 143
141 148
141 149
141 151
141 152
141 154
141 155
141 158
141 161
141 163
141 164
141 166
141 167
141 170
141 173
141 176
141 185
141 186
141 187
141 188
141 189
141 192
141 194
141 196
141 198
141 199
142 5
142 23
142 26
142 29
142 32
142 38
142 44
142 47
142 53
142 56
142 62
142 65
142 68
142 74
142 80
142 83
142 89
142 92
142 95
142 98
142 101
142 104
142 107
142 113
142 125
142 134
142 140
142 143
142 149
142 158
142 164
142 167
142 176
142 193
142 194
142 199
144 1
144 2
144 5
144 7
144 8
144 10
144 11
144 13
144 14
144 16
144 17
144 19
144 22
144 23
144 25
144 26
144 28
144 29
144 32
144 38
144 41
144 43
144 44
144 46
144 47
144 52
144 58
144 59
144 61
144 62
144 64
144 65
144 67
144 68
144 70
144 71
144 74
144 76
144 77
144 85
144 86
144 89
144 91
144 92
144 95
144 97
144 98
144 101
144 106
144 107
144 110
144 112
144 115
144 116
144 118
144 122
144 130
144 133
144 136
144 137
144 140
144 148
144 149
144 151
144 152
144 154
144 157
144 160
144 161
144 163
144 166
144 167
144 169
144 170
144 172
144 173
144 175
144 176
144 185
144 187
144 190
144 191
144 192
144 194
144 198
145 38
145 53
145 65
145 101
147 1
147 2
147 4
147 10
147 13
147 16
147 22
147 26
147 31
147 32
147 34
147 38
147 40
147 44
147 47
147 50
147 52
147 55
147 58
147 59
147 64
147 65
147 67
147 70
147 71
147 77
147 80
147 82
147 83
147 85
147 86
147 88
147 89
147 97
147 98
147 100
147 101
147 103
147 104
147 106
147 107
147 109
147 110
147 112
147 115
147 121
147 122
147 124
147 128
147 130
147 131
147 133
147 134
147 143
147 145
147 146
147 149
147 154
147 155
147 158
147 160
147 163
147 164
147 167
147 169
147 170
147 172
147 173
147 176
147 186
147 187
147 188
147 190
147 191
147 192
147 194
147 195
147 197
147 198
147 199
148 2
148 11
148 17
148 26
148 29
148 35
148 44
148 59
148 77
148 80
148 95
148 104
148 107
148 110
148 119
148 128
148 131
148 134
148 137
148 152
148 155
148 161
148 167
148 170
148 176
150 4
150 14
150 19
150 22
150 34
150 35
150 40
150 43
150 50
150 62
150 70
150 73
150 77
150 79
150 100
150 101
150 106
150 110
150 119
150 121
150 124
150 130
150 134
150 146
150 149
150 151
150 155
150 157
150 163
150 164
150 172
150 176
150 185
150 186
150 189
150 196
150 198
151 14
151 23
151 53
151 77
151 134
151 149
153 2
153 7
153 10
153 11
153 13
153 14
153 16
153 17
153 19
153 20
153 23
153 25
153 26
153 29
153 31
153 32
153 34
153 35
153 37
153 41
153 44
153 46
153 47
153 49
153 50
153 56
153 59
153 65
153 67
153 68
153 71
153 76
153 79
153 80
153 82
153 83
153 85
153 86
153 88
153 91
153 92
153 94
153 98
153 100
153 101
153 103
153 107
153 109
153 110
153 113
153 116
153 118
153 119
153 121
153 122
153 124
153 127
153 128
153 130
153 131
153 133
153 134
153 136
153 140
153 142
153 143
153 145
153 146
153 149
153 154
153 155
153 158
153 160
153 161
153 164
153 166
153 167
153 169
153 170
153 172
153 173
153 176
153 185
153 187
153 188
153 189
153 190
153 193
153 194
153 195
153 196
153 199
154 14
154 35
154 53
154 59
154 80
154 89
154 98
154 107
154 116
154 131
154 152
154 161
154 167
154 176
154 194
154 195
156 1
156 8
156 19
156 23
156 25
156 31
156 34
156 47
156 49
156 50
156 55
156 56
156 61
156 65
156 68
156 74
156 82
156 103
156 104
156 109
156 113
156 116
156 119
156 121
156 128
156 133
156 136
156 148
156 149
156 151
156 152
156 157
156 158
156 163
156 167
156 169
156 172
156 173
156 175
156 176
156 186
156 187
156 193
156 194
157 5
157 11
157 17
157 23
157 26
157 32
157 44
157 47
157 50
157 53
157 65
157 77
157 86
157 92
157 95
157 101
157 104
157 110
157 128
157 140
157 161
157 164
157 199
159 5
159 14
159 17
159 35
159 56
159 71
159 85
159 89
159 100
159 113
159 119
159 130
159 131
159 137
159 139
159 151
159 155
159 164
159 169
159 175
159 188
159 191
159 196
160 8
160 11
160 23
160 35
160 38
160 47
160 50
160 53
160 68
160 80
160 83
160 86
160 95
160 101
160 104
160 113
160 122
160 128
160 131
160 134
160 152
160 161
160 167
160 193
162 5
162 7
162 10
162 14
162 16
162 19
162 23
162 29
162 38
162 44
162 53
162 58
162 65
162 67
162 68
162 70
162 79
162 89
162 100
162 104
162 109
162 112
162 113
162 118
162 122
162 127
162 130
162 136
162 139
162 146
162 164
162 169
162 173
162 176
162 185
162 187
162 190
162 193
162 196
162 197
162 198
163 11
163 20
163 23
163 35
163 38
163 53
163 56
163 59
163 74
163 80
163 86
163 89
163 95
163 101
163 107
163 119
163 122
163 128
163 137
163 143
163 146
163 149
163 161
163 173
163 176
163 193
163 195
163 197
163 198
163 199
165 2
165 7
165 8
165 14
165 26
165 29
165 40
165 41
165 44
165 47
165 61
165 62
165 64
165 68
165 73
165 80
165 83
165 92
165 94
165 95
165 103
165 107
165 109
165 116
165 118
165 127
165 128
165 134
165 137
165 140
165 142
165 148
165 157
165 169
165 186
165 187
165 190
165 191
165 195
165 196
165 198
166 2
166 5
166 8
166 11
166 14
166 20
166 23
166 26
166 29
166 35
166 38
166 41
166 44
166 47
166 50
166 53
166 56
166 59
166 62
166 65
166 68
166 71
166 74
166 77
166 80
166 83
166 86
166 92
166 95
166 101
166 104
166 107
166 110
166 113
166 116
166 119
166 122
166 125
166 128
166 131
166 134
166 137
166 140
166 143
166 146
166 149
166 152
166 155
166 158
166 164
166 167
166 170
166 173
166 176
166 193
166 194
166 195
166 197
166 198
166 199
168 1
168 2
168 4
168 5
168 7
168 8
168 10
168 11
168 13
168 14
168 16
168 17
168 19
168 20
168 23
168 25
168 26
168 28
168 29
168 32
168 34
168 37
168 38
168 40
168 41
168 43
168 44
168 46
168 47
168 49
168 50
168 53
168 55
168 56
168 58
168 59
168 61
168 62
168 64
168 65
168 67
168 68
168 70
168 73
168 74
168 77
168 79
168 80
168 82
168 83
168 85
168 86
168 88
168 89
168 91
168 92
168 95
168 97
168 98
168 100
168 101
168 103
168 104
168 106
168 107
168 110
168 112
168 113
168 115
168 116
168 118
168 119
168 121
168 124
168 125
168 127
168 128
168 130
168 131
168 133
168 134
168 136
168 137
168 139
168 140
168 142
168 145
168 146
168 148
168 149
168 152
168 155
168 157
168 158
168 160
168 161
168 163
168 164
168 166
168 167
168 169
168 172
168 173
168 175
168 176
168 185
168 186
168 187
168 189
168 190
168 191
168 192
168 193
168 194
168 195
168 196
168 197
168 198
168 199
169 8
169 11
169 14
169 20
169 23
169 26
169 29
169 32
169 35
169 38
169 47
169 50
169 53
169 56
169 59
169 62
169 65
169 74
169 83
169 89
169 92
169 95
169 101
169 104
169 110
169 113
169 119
169 125
169 128
169 131
169 134
169 140
169 143
169 149
169 155
169 161
169 164
169 173
169 176
169 193
169 194
169 195
169 196
169 199
171 1
171 2
171 4
171 5
171 10
171 11
171 13
171 14
171 17
171 25
171 31
171 32
171 34
171 37
171 38
171 40
171 41
171 43
171 49
171 52
171 56
171 58
171 62
171 64
171 65
171 67
171 68
171 70
171 74
171 80
171 83
171 85
171 86
171 91
171 92
171 103
171 104
171 109
171 115
171 118
171 121
171 122
171 125
171 127
171 128
171 133
171 134
171 136
171 140
171 142
171 143
171 145
171 146
171 148
171 151
171 154
171 155
171 157
171 158
171 161
171 164
171 166
171 169
171 172
171 173
171 175
171 176
171 185
171 190
171 192
171 195
171 196
171 197
171 198
171 199
172 5
172 8
172 20
172 32
172 50
172 62
172 68
172 71
172 86
172 89
172 92
172 98
172 101
172 110
172 116
172 122
172 125
172 128
172 134
172 140
172 152
172 170
172 194
172 196
172 198
172 199
174 1
174 5
174 7
174 8
174 13
174 14
174 20
174 25
174 26
174 28
174 29
174 32
174 35
174 43
174 49
174 50
174 52
174 53
174 55
174 56
174 59
174 61
174 62
174 64
174 65
174 67
174 71
174 74
174 79
174 82
174 85
174 86
174 88
174 89
174 91
174 95
174 98
174 101
174 104
174 106
174 107
174 110
174 113
174 116
174 121
174 122
174 124
174 125
174 127
174 133
174 134
174 136
174 137
174 143
174 145
174 149
174 151
174 152
174 155
174 157
174 158
174 160
174 161
174 163
174 172
174 173
174 176
174 186
174 188
174 190
174 191
174 193
174 195
174 197
175 2
175 11
175 17
175 26
175 29
175 32
175 38
175 44
175 47
175 50
175 53
175 65
175 71
175 83
175 89
175 95
175 101
175 107
175 122
175 125
175 134
175 140
175 143
175 146
175 152
175 155
175 158
175 173
175 193
175 194
175 196
175 199
177 2
177 4
177 5
177 8
177 10
177 11
177 14
177 16
177 17
177 20
177 23
177 26
177 28
177 31
177 32
177 34
177 35
177 47
177 49
177 56
177 58
177 59
177 65
177 68
177 70
177 71
177 76
177 77
177 79
177 88
177 91
177 95
177 100
177 103
177 107
177 109
177 115
177 116
177 119
177 121
177 125
177 127
177 130
177 137
177 139
177 140
177 143
177 145
177 148
177 149
177 151
177 154
177 164
177 167
177 169
177 176
177 180
177 181
177 182
177 184
177 186
177 192
177 193
177 196
177 199
178 1
178 2
178 4
178 5
178 7
178 10
178 11
178 13
178 16
178 17
178 22
178 25
178 28
178 29
178 34
178 35
178 43
178 44
178 46
178 49
178 50
178 56
178 58
178 61
178 67
178 70
178 76
178 77
178 79
178 80
178 82
178 85
178 86
178 88
178 89
178 95
178 97
178 98
178 100
178 101
178 103
178 104
178 106
178 107
178 109
178 112
178 113
178 115
178 116
178 121
178 122
178 128
178 133
178 134
178 136
178 137
178 139
178 142
178 143
178 146
178 148
178 152
178 154
178 160
178 161
178 164
178 166
178 167
178 169
178 170
178 173
178 175
178 184
178 185
178 187
178 190
178 191
178 194
178 195
178 197
179 1
179 2
179 4
179 7
179 10
179 11
179 13
179 16
179 17
179 19
179 20
179 22
179 23
179 25
179 26
179 29
179 31
179 32
179 34
179 35
179 37
179 38
179 40
179 41
179 43
179 44
179 46
179 47
179 49
179 52
179 53
179 55
179 56
179 58
179 59
179 61
179 62
179 64
179 65
179 67
179 68
179 70
179 71
179 73
179 74
179 76
179 77
179 79
179 80
179 82
179 83
179 86
179 88
179 89
179 91
179 92
179 95
179 97
179 98
179 100
179 101
179 103
179 104
179 106
179 107
179 109
179 110
179 112
179 113
179 115
179 116
179 118
179 119
179 121
179 122
179 124
179 125
179 127
179 128
179 131
179 133
179 134
179 136
179 137
179 139
179 140
179 145
179 146
179 148
179 149
179 151
179 152
179 157
179 158
179 161
179 163
179 164
179 166
179 167
179 169
179 170
179 173
179 175
179 176
179 180
179 181
179 182
179 183
179 184
179 185
179 186
179 187
179 189
179 191
179 193
179 194
179 195
179 196
179 197
179 198
179 199
180 1
180 2
180 5
180 7
180 11
180 17
180 23
180 26
180 29
180 35
180 38
180 40
180 44
180 47
180 53
180 55
180 59
180 62
180 67
180 79
180 82
180 88
180 94
180 95
180 97
180 98
180 100
180 106
180 107
180 110
180 112
180 113
180 115
180 118
180 119
180 124
180 125
180 127
180 128
180 131
180 136
180 139
180 143
180 148
180 149
180 154
180 155
180 157
180 158
180 160
180 163
180 167
180 169
180 172
180 173
180 175
180 176
180 182
180 184
180 187
180 190
180 192
180 193
180 194
180 196
180 198
180 199
181 26
181 32
181 41
181 44
181 47
181 53
181 56
181 70
181 76
181 77
181 80
181 82
181 91
181 95
181 100
181 116
181 128
181 139
181 151
181 191
181 197
182 2
182 5
182 10
182 11
182 20
182 22
182 25
182 26
182 49
182 58
182 70
182 73
182 79
182 91
182 100
182 103
182 109
182 113
182 115
182 121
182 122
182 125
182 128
182 130
182 131
182 139
182 140
182 145
182 146
182 148
182 152
182 154
182 157
182 160
182 161
182 164
182 167
182 169
182 172
182 189
182 192
182 193
182 195
182 196
182 198
183 1
183 4
183 13
183 14
183 20
183 26
183 28
183 50
183 52
183 56
183 61
183 64
183 68
183 71
183 74
183 80
183 92
183 94
183 97
183 112
183 121
183 122
183 127
183 134
183 139
183 140
183 142
183 143
183 145
183 154
183 167
183 169
183 170
183 176
183 184
183 187
183 189
183 191
183 195
183 196
184 5
184 17
184 35
184 41
184 107
184 122
184 164
184 176
184 186
185 14
185 32
185 41
185 44
185 59
185 65
185 74
185 83
185 86
185 92
185 101
185 104
185 110
185 113
185 116
185 119
185 122
185 134
185 146
185 158
185 191
185 193
185 194
185 196
185 197
185 198
186 2
186 5
186 8
186 11
186 14
186 17
186 20
186 23
186 26
186 29
186 32
186 35
186 38
186 44
186 47
186 50
186 56
186 59
186 62
186 65
186 68
186 71
186 74
186 77
186 80
186 83
186 86
186 89
186 92
186 95
186 98
186 101
186 104
186 107
186 110
186 113
186 116
186 119
186 122
186 125
186 128
186 131
186 134
186 137
186 140
186 143
186 146
186 149
186 152
186 155
186 158
186 161
186 164
186 167
186 170
186 173
186 176
186 187
186 188
186 189
186 190
186 191
186 192
186 193
186 194
186 195
186 196
186 197
186 198
186 199
187 2
187 8
187 11
187 14
187 23
187 32
187 35
187 38
187 41
187 44
187 47
187 53
187 71
187 77
187 83
187 89
187 98
187 101
187 107
187 113
187 116
187 119
187 125
187 131
187 134
187 137
187 140
187 146
187 149
187 152
187 155
187 161
187 167
187 173
187 176
187 188
187 192
187 193
187 194
187 195
187 196
187 197
188 134
189 2
189 8
189 11
189 14
189 17
189 20
189 23
189 26
189 29
189 32
189 35
189 44
189 47
189 50
189 53
189 56
189 59
189 62
189 65
189 71
189 74
189 77
189 80
189 83
189 86
189 92
189 95
189 98
189 101
189 104
189 107
189 110
189 113
189 116
189 119
189 122
189 125
189 134
189 137
189 140
189 146
189 149
189 152
189 155
189 158
189 161
189 164
189 167
189 170
189 173
189 176
189 190
189 191
189 193
189 195
189 197
189 198
190 5
190 11
190 17
190 23
190 29
190 32
190 35
190 38
190 41
190 44
190 47
190 50
190 56
190 59
190 62
190 74
190 77
190 80
190 83
190 95
190 98
190 101
190 104
190 110
190 113
190 116
190 122
190 125
190 128
190 137
190 143
190 152
190 155
190 161
190 164
190 167
190 170
190 173
190 176
190 191
190 193
190 195
190 197
190 198
190 199
191 5
191 8
191 17
191 20
191 26
191 29
191 35
191 41
191 44
191 56
191 59
191 65
191 71
191 77
191 80
191 86
191 92
191 95
191 98
191 104
191 107
191 113
191 116
191 122
191 131
191 137
191 140
191 143
191 146
191 149
191 152
191 155
191 158
191 161
191 170
191 173
191 176
191 192
191 193
191 194
191 196
191 197
191 199
192 195
192 196
192 197
192 198
193 194
193 195
193 197
193 198
193 199
194 195
195 196
195 198
196 197
196 198
197 199
198 199
