200
0 80 3.4
1 80 3.4
2 80 3.4
3 80 3.4
4 80 3.4
5 80 3.4
6 80 3.4
7 80 3.4
8 80 3.4
9 80 3.4
10 80 3.4
11 80 3.4
12 80 3.4
13 80 3.4
14 80 3.4
15 80 3.4
16 80 3.4
17 80 3.4
18 80 3.4
19 80 3.4
20 80 3.4
21 80 3.4
22 80 3.4
23 80 3.4
24 80 3.4
25 80 3.4
26 80 3.4
27 80 3.4
28 80 3.4
29 80 3.4
30 80 3.4
31 80 3.4
32 80 3.4
33 80 3.4
34 80 3.4
35 80 3.4
36 80 3.4
37 80 3.4
38 80 3.4
39 80 3.4
40 80 3.4
41 80 3.4
42 80 3.4
43 80 3.4
44 80 3.4
45 80 3.4
46 80 3.4
47 80 3.4
48 80 3.4
49 80 3.4
50 80 3.5
51 80 3.5
52 80 3.5
53 80 3.5
54 80 3.5
55 80 3.5
56 80 3.5
57 80 3.5
58 80 3.5
59 80 3.5
60 80 3.5
61 80 3.5
62 80 3.5
63 80 3.5
64 80 3.5
65 80 3.5
66 80 3.5
67 80 3.5
68 80 3.5
69 80 3.5
70 80 3.5
71 80 3.5
72 80 3.5
73 80 3.5
74 80 3.5
75 80 3.5
76 80 3.5
77 80 3.5
78 80 3.5
79 80 3.5
80 80 3.5
81 80 3.5
82 80 3.5
83 80 3.5
84 80 3.5
85 80 3.5
86 80 3.5
87 80 3.5
88 80 3.5
89 80 3.5
90 80 3.5
91 80 3.5
92 80 3.5
93 80 3.5
94 80 3.5
95 80 3.5
96 80 3.5
97 80 3.5
98 80 3.5
99 80 3.5
100 80 3.5
101 80 3.5
102 80 3.5
103 80 3.5
104 80 3.5
105 80 3.5
106 80 3.5
107 80 3.5
108 80 3.5
109 80 3.5
110 80 3.5
111 80 3.5
112 80 3.5
113 80 3.5
114 80 3.5
115 80 3.5
116 80 3.5
117 80 3.5
118 80 3.5
119 80 3.5
120 80 3.5
121 80 3.5
122 80 3.5
123 80 3.5
124 80 3.5
125 80 3.5
126 80 3.5
127 80 3.5
128 80 3.5
129 80 3.5
130 80 3.5
131 80 3.5
132 80 3.5
133 80 3.5
134 80 3.5
135 80 3.5
136 80 3.5
137 80 3.5
138 80 3.5
139 80 3.5
140 80 3.5
141 80 3.5
142 80 3.5
143 80 3.5
144 80 3.5
145 80 3.5
146 80 3.5
147 80 3.5
148 80 3.5
149 80 3.5
150 80 3.5
151 80 3.5
152 80 3.5
153 80 3.5
154 80 3.5
155 80 3.5
156 80 3.5
157 80 3.5
158 80 3.5
159 80 3.5
160 80 3.5
161 80 3.5
162 80 3.5
163 80 3.5
164 80 3.5
165 80 3.5
166 80 3.5
167 80 3.5
168 80 3.5
169 80 3.5
170 80 3.5
171 80 3.5
172 80 3.5
173 80 3.5
174 80 3.5
175 80 3.5
176 80 3.5
177 80 3.5
178 80 3.5
179 80 3.5
180 80 3.5
181 80 3.5
182 80 3.5
183 80 3.5
184 80 3.5
185 80 3.5
186 80 3.5
187 80 3.5
188 80 3.5
189 80 3.5
190 80 3.5
191 80 3.5
192 80 3.5
193 80 3.5
194 80 3.5
195 80 3.5
196 80 3.5
197 80 3.5
198 80 3.5
199 80 3.5
0 1
0 2
0 5
0 7
0 8
0 10
0 12
0 14
0 16
0 17
0 18
0 19
0 24
0 26
0 27
0 28
0 32
0 33
0 36
0 38
0 39
0 40
0 41
0 44
0 45
0 46
0 47
0 48
0 49
0 51
0 53
0 55
0 56
0 58
0 60
0 62
0 63
0 65
0 66
0 67
0 69
0 70
0 71
0 73
0 74
0 76
0 77
0 80
0 81
0 83
0 84
0 85
0 92
0 93
0 94
0 102
0 105
0 108
0 110
0 112
0 113
0 114
0 118
0 119
0 121
0 122
0 123
0 125
0 127
0 129
0 131
0 132
0 134
0 135
0 137
0 141
0 143
0 146
0 147
0 151
0 153
0 154
0 156
0 157
0 158
0 159
0 162
0 164
0 165
0 167
0 172
0 176
0 178
0 179
0 181
0 184
0 186
0 187
0 189
0 191
0 192
0 193
0 198
0 199
1 3
1 4
1 5
1 6
1 8
1 9
1 10
1 12
1 14
1 15
1 16
1 18
1 19
1 20
1 21
1 22
1 25
1 26
1 27
1 28
1 31
1 34
1 35
1 36
1 37
1 40
1 43
1 44
1 45
1 46
1 47
1 48
1 49
1 52
1 53
1 54
1 55
1 56
1 57
1 58
1 59
1 60
1 61
1 62
1 63
1 64
1 65
1 66
1 68
1 69
1 71
1 72
1 73
1 74
1 75
1 77
1 78
1 79
1 80
1 81
1 82
1 83
1 85
1 86
1 87
1 89
1 90
1 91
1 93
1 94
1 95
1 96
1 98
1 99
1 102
1 103
1 104
1 105
1 106
1 107
1 108
1 110
1 112
1 113
1 115
1 116
1 117
1 119
1 120
1 121
1 122
1 123
1 124
1 125
1 127
1 128
1 131
1 132
1 133
1 134
1 135
1 136
1 137
1 138
1 140
1 141
1 142
1 143
1 144
1 145
1 146
1 147
1 148
1 149
1 153
1 154
1 156
1 158
1 159
1 160
1 161
1 163
1 164
1 166
1 167
1 168
1 169
1 171
1 174
1 175
1 177
1 178
1 179
1 181
1 183
1 184
1 185
1 186
1 187
1 189
1 190
1 191
1 193
1 194
1 195
1 196
1 198
1 199
2 3
2 5
2 8
2 10
2 14
2 17
2 18
2 19
2 22
2 24
2 25
2 27
2 28
2 29
2 30
2 36
2 37
2 40
2 41
2 42
2 43
2 44
2 45
2 48
2 49
2 56
2 60
2 63
2 64
2 66
2 67
2 69
2 70
2 71
2 73
2 74
2 76
2 77
2 80
2 82
2 83
2 84
2 87
2 88
2 91
2 92
2 93
2 95
2 103
2 105
2 106
2 108
2 109
2 110
2 111
2 112
2 113
2 114
2 115
2 116
2 117
2 118
2 121
2 122
2 124
2 125
2 131
2 136
2 138
2 139
2 140
2 142
2 143
2 144
2 146
2 149
2 156
2 157
2 159
2 161
2 162
2 165
2 167
2 168
2 169
2 170
2 172
2 177
2 181
2 182
2 190
2 192
2 193
2 194
2 195
2 196
2 197
2 198
3 5
3 7
3 8
3 10
3 21
3 22
3 23
3 24
3 25
3 29
3 32
3 33
3 35
3 38
3 44
3 45
3 46
3 47
3 56
3 58
3 59
3 61
3 62
3 63
3 65
3 66
3 67
3 68
3 69
3 73
3 74
3 75
3 76
3 78
3 79
3 81
3 82
3 83
3 84
3 86
3 87
3 90
3 91
3 92
3 94
3 95
3 96
3 97
3 98
3 99
3 104
3 108
3 109
3 114
3 115
3 117
3 119
3 120
3 121
3 122
3 126
3 127
3 131
3 132
3 134
3 135
3 136
3 137
3 138
3 139
3 141
3 143
3 146
3 156
3 157
3 166
3 167
3 168
3 171
3 175
3 176
3 177
3 178
3 179
3 180
3 183
3 184
3 185
3 186
3 187
3 188
3 189
3 191
3 195
3 197
3 199
4 5
4 6
4 7
4 8
4 9
4 10
4 11
4 12
4 13
4 14
4 15
4 16
4 17
4 18
4 19
4 20
4 21
4 22
4 23
4 24
4 25
4 26
4 27
4 28
4 29
4 30
4 31
4 32
4 33
4 34
4 35
4 36
4 37
4 38
4 39
4 40
4 41
4 42
4 43
4 44
4 45
4 46
4 47
4 48
4 49
4 55
4 56
4 57
4 58
4 59
4 60
4 61
4 62
4 63
4 64
4 65
4 66
4 68
4 69
4 70
4 71
4 72
4 73
4 74
4 75
4 76
4 78
4 79
4 80
4 82
4 83
4 84
4 85
4 86
4 87
4 88
4 89
4 90
4 91
4 92
4 93
4 94
4 95
4 96
4 97
4 98
4 99
4 105
4 106
4 107
4 108
4 109
4 110
4 111
4 112
4 113
4 114
4 115
4 116
4 117
4 118
4 119
4 120
4 122
4 124
4 125
4 126
4 127
4 128
4 129
4 130
4 131
4 132
4 133
4 134
4 135
4 136
4 137
4 138
4 139
4 140
4 141
4 142
4 143
4 144
4 145
4 146
4 147
4 148
4 149
4 155
4 156
4 157
4 158
4 159
4 160
4 161
4 162
4 163
4 164
4 165
4 166
4 167
4 168
4 169
4 170
4 171
4 172
4 173
4 174
4 175
4 176
4 177
4 178
4 179
4 180
4 181
4 183
4 184
4 185
4 186
4 187
4 188
4 189
4 190
4 191
4 192
4 193
4 194
4 195
4 196
4 197
4 198
5 7
5 8
5 13
5 14
5 16
5 20
5 27
5 30
5 34
5 35
5 41
5 46
5 48
5 62
5 70
5 88
5 89
5 108
5 112
5 116
5 117
5 135
5 136
5 137
5 138
5 139
5 144
5 145
5 147
5 158
5 159
5 161
5 170
5 171
5 172
5 178
5 186
5 187
5 192
5 195
5 196
6 10
6 16
6 22
6 23
6 26
6 28
6 33
6 34
6 37
6 45
6 46
6 49
6 57
6 60
6 61
6 63
6 65
6 72
6 74
6 77
6 78
6 79
6 81
6 85
6 87
6 89
6 93
6 96
6 98
6 99
6 109
6 113
6 115
6 122
6 123
6 126
6 127
6 131
6 134
6 136
6 139
6 140
6 143
6 144
6 145
6 158
6 160
6 162
6 165
6 166
6 167
6 169
6 173
6 175
6 176
6 178
6 180
6 183
6 188
6 189
6 193
6 194
6 196
6 198
6 199
7 8
7 9
7 10
7 12
7 13
7 14
7 15
7 16
7 17
7 18
7 20
7 21
7 22
7 23
7 24
7 25
7 27
7 29
7 30
7 31
7 32
7 33
7 34
7 36
7 38
7 39
7 40
7 41
7 42
7 43
7 44
7 45
7 46
7 47
7 48
7 49
7 58
7 59
7 60
7 61
7 62
7 63
7 64
7 65
7 66
7 67
7 68
7 69
7 70
7 71
7 72
7 73
7 75
7 77
7 78
7 79
7 80
7 82
7 83
7 84
7 85
7 86
7 88
7 89
7 90
7 91
7 93
7 94
7 96
7 97
7 98
7 99
7 108
7 109
7 111
7 112
7 113
7 114
7 116
7 117
7 118
7 119
7 120
7 121
7 122
7 124
7 125
7 127
7 128
7 129
7 130
7 131
7 132
7 133
7 134
7 135
7 136
7 137
7 138
7 139
7 140
7 141
7 142
7 143
7 144
7 146
7 147
7 148
7 149
7 158
7 159
7 160
7 162
7 163
7 164
7 165
7 166
7 167
7 168
7 169
7 170
7 172
7 173
7 174
7 175
7 176
7 177
7 178
7 179
7 180
7 182
7 183
7 184
7 185
7 187
7 188
7 189
7 190
7 191
7 192
7 193
7 194
7 195
7 197
7 198
7 199
8 20
8 22
8 25
8 28
8 30
8 42
8 44
8 45
8 47
8 59
8 60
8 61
8 71
8 73
8 74
8 78
8 84
8 89
8 90
8 112
8 113
8 114
8 117
8 118
8 120
8 121
8 122
8 124
8 126
8 141
8 160
8 161
8 163
8 166
8 169
8 171
8 184
8 186
8 189
8 191
8 193
8 194
8 196
9 10
9 11
9 12
9 13
9 14
9 15
9 17
9 18
9 19
9 20
9 21
9 23
9 24
9 25
9 26
9 27
9 28
9 29
9 30
9 31
9 32
9 33
9 35
9 36
9 37
9 38
9 39
9 40
9 41
9 43
9 44
9 45
9 46
9 47
9 48
9 60
9 62
9 65
9 67
9 68
9 69
9 70
9 73
9 74
9 75
9 76
9 77
9 79
9 80
9 82
9 83
9 84
9 85
9 86
9 87
9 88
9 89
9 91
9 92
9 93
9 96
9 97
9 98
9 110
9 111
9 112
9 114
9 115
9 116
9 117
9 118
9 120
9 121
9 122
9 123
9 124
9 125
9 126
9 127
9 129
9 130
9 131
9 135
9 136
9 137
9 139
9 140
9 141
9 142
9 144
9 145
9 146
9 160
9 162
9 163
9 166
9 167
9 169
9 171
9 173
9 175
9 176
9 177
9 180
9 181
9 182
9 183
9 184
9 185
9 187
9 188
9 189
9 191
9 193
9 194
9 195
9 197
9 199
10 12
10 14
10 19
10 33
10 37
10 42
10 44
10 46
10 47
10 48
10 49
10 61
10 70
10 72
10 80
10 82
10 86
10 87
10 91
10 92
10 99
10 111
10 115
10 121
10 130
10 164
10 182
10 191
10 192
10 195
11 12
11 13
11 14
11 16
11 17
11 18
11 19
11 20
11 23
11 24
11 26
11 27
11 28
11 29
11 30
11 31
11 32
11 33
11 34
11 35
11 36
11 37
11 39
11 40
11 41
11 43
11 44
11 45
11 47
11 48
11 49
11 62
11 63
11 64
11 65
11 66
11 67
11 69
11 71
11 72
11 73
11 74
11 75
11 76
11 77
11 79
11 81
11 82
11 83
11 84
11 85
11 86
11 87
11 88
11 90
11 91
11 92
11 93
11 94
11 97
11 99
11 113
11 115
11 116
11 117
11 118
11 119
11 120
11 121
11 122
11 124
11 126
11 127
11 129
11 131
11 132
11 133
11 134
11 135
11 136
11 137
11 138
11 139
11 141
11 142
11 143
11 144
11 148
11 149
11 162
11 163
11 165
11 166
11 167
11 168
11 169
11 170
11 171
11 172
11 173
11 174
11 175
11 176
11 178
11 179
11 180
11 181
11 182
11 183
11 184
11 185
11 186
11 187
11 188
11 189
11 190
11 191
11 192
11 193
11 194
11 195
11 197
11 198
11 199
12 47
12 71
12 81
12 98
12 118
12 122
12 141
12 191
13 14
13 15
13 17
13 26
13 27
13 29
13 31
13 34
13 37
13 38
13 40
13 41
13 43
13 44
13 45
13 47
13 49
13 66
13 67
13 68
13 69
13 70
13 71
13 74
13 75
13 76
13 77
13 78
13 79
13 80
13 81
13 83
13 84
13 87
13 88
13 89
13 90
13 91
13 92
13 93
13 94
13 95
13 97
13 98
13 99
13 114
13 117
13 120
13 121
13 123
13 126
13 127
13 129
13 130
13 131
13 132
13 135
13 136
13 137
13 138
13 139
13 142
13 143
13 144
13 145
13 146
13 147
13 148
13 149
13 165
13 166
13 167
13 168
13 169
13 171
13 173
13 174
13 175
13 176
13 177
13 178
13 179
13 180
13 181
13 183
13 185
13 186
13 187
13 193
13 195
13 197
13 198
13 199
14 15
14 21
14 25
14 30
14 33
14 34
14 35
14 37
14 38
14 41
14 66
14 73
14 74
14 76
14 78
14 81
14 82
14 90
14 92
14 99
14 122
14 124
14 142
14 146
14 165
14 167
14 172
14 174
14 181
14 188
14 192
14 195
14 198
14 199
15 16
15 17
15 18
15 19
15 20
15 21
15 22
15 23
15 24
15 25
15 26
15 27
15 28
15 29
15 30
15 31
15 33
15 34
15 35
15 36
15 37
15 39
15 40
15 41
15 42
15 43
15 44
15 45
15 46
15 49
15 66
15 67
15 69
15 70
15 71
15 72
15 73
15 74
15 75
15 76
15 77
15 78
15 79
15 80
15 81
15 82
15 83
15 84
15 86
15 87
15 88
15 89
15 90
15 91
15 92
15 93
15 94
15 95
15 97
15 98
15 116
15 117
15 118
15 119
15 120
15 121
15 122
15 123
15 124
15 125
15 126
15 127
15 128
15 129
15 130
15 131
15 133
15 134
15 135
15 136
15 137
15 138
15 139
15 140
15 141
15 142
15 144
15 145
15 146
15 147
15 149
15 166
15 167
15 168
15 169
15 170
15 171
15 172
15 173
15 175
15 176
15 177
15 178
15 179
15 180
15 181
15 183
15 184
15 185
15 186
15 189
15 190
15 191
15 192
15 194
15 196
15 197
15 198
15 199
16 17
16 18
16 20
16 22
16 27
16 32
16 34
16 36
16 41
16 43
16 45
16 67
16 71
16 74
16 78
16 83
16 86
16 88
16 92
16 94
16 95
16 118
16 122
16 125
16 126
16 137
16 142
16 144
16 169
16 172
16 175
16 177
16 181
16 185
16 186
16 193
16 195
16 196
16 199
17 22
17 28
17 32
17 38
17 39
17 40
17 43
17 46
17 68
17 69
17 75
17 84
17 87
17 90
17 92
17 94
17 95
17 98
17 99
17 118
17 119
17 122
17 123
17 127
17 128
17 135
17 139
17 141
17 143
17 144
17 145
17 174
17 177
17 178
17 182
17 184
17 185
17 186
17 189
17 193
17 194
17 196
18 19
18 20
18 21
18 22
18 23
18 24
18 26
18 27
18 28
18 29
18 30
18 32
18 33
18 34
18 35
18 36
18 37
18 38
18 39
18 40
18 41
18 42
18 43
18 44
18 45
18 46
18 47
18 48
18 49
18 69
18 70
18 71
18 72
18 73
18 74
18 75
18 76
18 78
18 79
18 80
18 81
18 82
18 83
18 84
18 85
18 86
18 87
18 88
18 89
18 90
18 91
18 92
18 93
18 94
18 95
18 97
18 98
18 121
18 122
18 123
18 124
18 125
18 126
18 127
18 128
18 129
18 130
18 131
18 132
18 133
18 134
18 135
18 136
18 137
18 138
18 139
18 140
18 141
18 142
18 143
18 144
18 145
18 146
18 147
18 148
18 149
18 169
18 170
18 171
18 172
18 173
18 174
18 175
18 176
18 177
18 178
18 179
18 180
18 181
18 182
18 183
18 184
18 185
18 187
18 188
18 189
18 190
18 191
18 192
18 193
18 194
18 195
18 196
18 197
18 198
18 199
19 36
19 137
20 21
20 22
20 23
20 25
20 26
20 29
20 30
20 31
20 32
20 34
20 35
20 36
20 37
20 39
20 40
20 41
20 42
20 43
20 44
20 45
20 46
20 47
20 48
20 49
20 71
20 72
20 73
20 75
20 76
20 77
20 79
20 80
20 82
20 83
20 84
20 85
20 86
20 87
20 88
20 89
20 92
20 93
20 94
20 96
20 98
20 99
20 121
20 123
20 124
20 125
20 126
20 127
20 128
20 129
20 130
20 132
20 133
20 134
20 135
20 136
20 137
20 138
20 140
20 142
20 143
20 145
20 146
20 147
20 148
20 149
20 171
20 172
20 173
20 174
20 175
20 176
20 177
20 178
20 179
20 180
20 182
20 185
20 186
20 187
20 188
20 189
20 190
20 191
20 192
20 193
20 194
20 195
20 198
20 199
21 22
21 23
21 24
21 25
21 28
21 29
21 31
21 33
21 34
21 35
21 36
21 37
21 38
21 39
21 40
21 41
21 42
21 43
21 44
21 45
21 46
21 47
21 48
21 72
21 74
21 75
21 76
21 78
21 79
21 80
21 81
21 82
21 83
21 84
21 85
21 86
21 87
21 88
21 89
21 90
21 91
21 92
21 93
21 94
21 95
21 96
21 97
21 98
21 99
21 125
21 126
21 127
21 129
21 134
21 136
21 137
21 138
21 139
21 140
21 141
21 142
21 143
21 144
21 145
21 146
21 147
21 148
21 149
21 172
21 173
21 174
21 175
21 176
21 178
21 179
21 180
21 181
21 182
21 185
21 188
21 189
21 190
21 191
21 192
21 194
21 195
21 196
21 197
21 198
21 199
22 23
22 24
22 25
22 26
22 30
22 31
22 32
22 33
22 36
22 37
22 38
22 40
22 41
22 46
22 47
22 48
22 49
22 73
22 74
22 76
22 77
22 79
22 81
22 82
22 83
22 84
22 86
22 87
22 88
22 89
22 90
22 91
22 94
22 95
22 97
22 99
22 125
22 127
22 128
22 129
22 131
22 132
22 135
22 137
22 138
22 139
22 140
22 141
22 142
22 143
22 144
22 145
22 146
22 147
22 148
22 149
22 173
22 174
22 176
22 177
22 178
22 179
22 180
22 182
22 185
22 186
22 187
22 188
22 189
22 190
22 192
22 193
22 197
23 24
23 25
23 26
23 27
23 28
23 29
23 30
23 31
23 32
23 33
23 34
23 35
23 36
23 37
23 38
23 39
23 40
23 41
23 42
23 43
23 44
23 45
23 46
23 47
23 48
23 49
23 74
23 76
23 77
23 78
23 79
23 80
23 81
23 82
23 84
23 85
23 86
23 87
23 88
23 89
23 90
23 91
23 92
23 93
23 94
23 95
23 96
23 97
23 98
23 99
23 124
23 125
23 126
23 127
23 128
23 129
23 130
23 131
23 132
23 133
23 134
23 135
23 136
23 137
23 138
23 139
23 140
23 141
23 142
23 143
23 144
23 145
23 146
23 147
23 148
23 149
23 174
23 176
23 177
23 178
23 179
23 181
23 182
23 183
23 184
23 185
23 186
23 187
23 188
23 189
23 190
23 191
23 192
23 193
23 194
23 196
23 198
23 199
24 25
24 26
24 28
24 29
24 30
24 32
24 33
24 34
24 37
24 38
24 40
24 42
24 43
24 45
24 47
24 48
24 49
24 75
24 76
24 77
24 78
24 79
24 82
24 83
24 85
24 86
24 87
24 88
24 90
24 92
24 93
24 94
24 96
24 97
24 98
24 99
24 126
24 127
24 128
24 129
24 131
24 133
24 134
24 135
24 140
24 141
24 142
24 143
24 144
24 146
24 175
24 176
24 178
24 179
24 181
24 183
24 187
24 190
24 192
24 193
24 194
24 195
24 197
24 198
24 199
25 31
25 32
25 33
25 34
25 36
25 37
25 38
25 39
25 40
25 42
25 43
25 45
25 46
25 48
25 49
25 76
25 79
25 80
25 81
25 84
25 85
25 86
25 87
25 88
25 90
25 91
25 92
25 93
25 94
25 95
25 96
25 97
25 99
25 126
25 127
25 128
25 129
25 130
25 132
25 133
25 135
25 137
25 139
25 141
25 143
25 144
25 145
25 146
25 147
25 148
25 176
25 177
25 178
25 179
25 180
25 181
25 182
25 184
25 185
25 186
25 187
25 188
25 189
25 190
25 191
25 192
25 194
25 196
25 197
25 198
25 199
26 27
26 28
26 32
26 33
26 35
26 36
26 37
26 38
26 41
26 43
26 44
26 45
26 46
26 49
26 77
26 79
26 80
26 82
26 83
26 84
26 85
26 86
26 87
26 88
26 89
26 90
26 91
26 93
26 94
26 95
26 97
26 98
26 128
26 129
26 130
26 131
26 134
26 135
26 136
26 137
26 138
26 139
26 140
26 141
26 142
26 143
26 149
26 178
26 180
26 181
26 183
26 184
26 185
26 186
26 187
26 188
26 189
26 190
26 194
26 196
26 198
27 30
27 32
27 33
27 36
27 37
27 38
27 43
27 44
27 46
27 48
27 49
27 78
27 80
27 82
27 85
27 87
27 88
27 90
27 92
27 95
27 130
27 132
27 134
27 135
27 138
27 139
27 142
27 143
27 145
27 146
27 147
27 149
27 185
27 186
27 187
27 189
27 191
27 194
27 195
27 197
28 30
28 34
28 37
28 40
28 41
28 42
28 43
28 44
28 46
28 48
28 83
28 84
28 85
28 88
28 89
28 93
28 97
28 129
28 131
28 134
28 135
28 136
28 137
28 138
28 139
28 140
28 141
28 142
28 143
28 144
28 149
28 180
28 182
28 183
28 185
28 186
28 190
28 192
28 193
28 195
28 196
28 197
28 198
28 199
29 38
29 41
29 49
29 97
30 38
30 40
30 49
30 83
30 84
30 86
30 90
30 92
30 133
30 143
30 147
30 149
30 183
30 185
31 88
32 33
32 34
32 35
32 36
32 37
32 38
32 39
32 40
32 41
32 42
32 43
32 44
32 45
32 46
32 48
32 49
32 83
32 84
32 86
32 87
32 88
32 89
32 90
32 91
32 92
32 93
32 94
32 95
32 96
32 97
32 98
32 99
32 133
32 134
32 135
32 137
32 139
32 140
32 141
32 142
32 143
32 144
32 145
32 146
32 147
32 148
32 149
32 184
32 185
32 186
32 187
32 188
32 189
32 190
32 191
32 192
32 193
32 194
32 195
32 196
32 197
32 198
32 199
33 42
33 49
33 87
33 92
33 94
33 137
33 143
33 191
33 192
33 194
33 199
34 35
34 42
34 47
34 48
34 94
34 95
34 99
34 136
34 138
34 139
34 141
34 142
34 143
34 144
34 146
34 148
34 186
34 191
34 194
34 196
35 45
35 47
35 48
35 86
35 147
35 188
35 192
35 198
36 40
36 44
36 90
36 96
36 142
36 143
36 149
36 190
36 191
37 38
37 39
37 40
37 41
37 42
37 43
37 44
37 45
37 46
37 47
37 49
37 89
37 90
37 92
37 93
37 95
37 96
37 98
37 99
37 139
37 141
37 142
37 143
37 145
37 146
37 147
37 148
37 149
37 188
37 189
37 190
37 191
37 192
37 193
37 194
37 196
37 198
37 199
38 39
38 40
38 42
38 43
38 44
38 45
38 46
38 48
38 49
38 90
38 91
38 92
38 93
38 94
38 97
38 98
38 99
38 139
38 140
38 141
38 142
38 143
38 144
38 146
38 147
38 148
38 149
38 189
38 190
38 192
38 193
38 194
38 195
38 196
38 197
38 198
38 199
39 40
39 41
39 43
39 45
39 46
39 49
39 90
39 91
39 92
39 94
39 95
39 140
39 142
39 144
39 147
39 149
39 192
39 194
39 195
39 198
39 199
40 43
40 44
40 45
40 46
40 47
40 91
40 92
40 96
40 97
40 98
40 141
40 142
40 144
40 145
40 146
40 148
40 149
40 191
40 192
40 193
40 194
40 195
40 196
40 197
40 199
41 42
41 143
41 148
41 196
42 43
42 44
42 45
42 49
42 93
42 94
42 95
42 96
42 98
42 99
42 143
42 145
42 193
42 194
42 199
43 45
43 46
43 47
43 96
44 46
44 47
44 48
44 49
44 95
44 96
44 97
44 98
44 99
44 145
44 146
44 147
44 148
44 149
44 195
44 196
44 197
44 198
44 199
45 46
45 47
45 48
45 96
45 97
45 99
45 146
45 147
45 148
45 149
45 196
45 197
45 198
45 199
46 47
46 48
46 49
46 97
46 99
46 147
46 148
46 149
46 197
46 198
46 199
47 48
47 49
47 98
47 99
47 148
47 149
47 199
48 199
50 6
50 7
50 19
50 20
50 22
50 27
50 35
50 44
50 49
50 51
50 63
50 64
50 67
50 69
50 72
50 73
50 76
50 82
50 94
50 97
50 105
50 110
50 115
50 122
50 126
50 136
50 143
50 148
50 149
50 152
50 157
50 158
50 174
50 179
50 184
50 187
50 190
50 196
50 197
51 2
51 5
51 8
51 12
51 13
51 15
51 25
51 26
51 27
51 32
51 49
51 58
51 66
51 68
51 76
51 79
51 82
51 84
51 87
51 94
51 95
51 97
51 102
51 106
51 110
51 112
51 113
51 121
51 127
51 128
51 134
51 137
51 140
51 143
51 145
51 148
51 154
51 156
51 158
51 159
51 163
51 165
51 171
51 177
51 179
51 187
51 196
51 197
51 198
51 199
52 3
52 4
52 6
52 8
52 9
52 12
52 13
52 14
52 15
52 17
52 18
52 19
52 23
52 25
52 26
52 27
52 28
52 29
52 30
52 31
52 32
52 33
52 35
52 37
52 38
52 39
52 41
52 42
52 43
52 44
52 45
52 46
52 48
52 49
52 53
52 54
52 56
52 57
52 60
52 61
52 62
52 63
52 65
52 66
52 68
52 69
52 71
52 72
52 73
52 74
52 75
52 76
52 77
52 78
52 79
52 80
52 81
52 82
52 83
52 84
52 85
52 86
52 87
52 88
52 89
52 90
52 93
52 94
52 95
52 96
52 97
52 98
52 99
52 103
52 104
52 105
52 106
52 109
52 110
52 112
52 113
52 114
52 116
52 119
52 120
52 121
52 122
52 124
52 125
52 126
52 127
52 128
52 129
52 130
52 132
52 133
52 134
52 135
52 136
52 137
52 138
52 139
52 141
52 142
52 143
52 144
52 145
52 146
52 147
52 148
52 149
52 155
52 156
52 157
52 159
52 160
52 161
52 162
52 163
52 164
52 165
52 166
52 168
52 170
52 171
52 172
52 173
52 175
52 176
52 177
52 178
52 179
52 180
52 181
52 183
52 184
52 186
52 187
52 188
52 190
52 191
52 192
52 195
52 196
52 197
52 198
52 199
53 4
53 5
53 6
53 7
53 8
53 10
53 13
53 14
53 15
53 16
53 17
53 18
53 19
53 20
53 21
53 22
53 23
53 24
53 29
53 30
53 31
53 32
53 34
53 35
53 36
53 37
53 40
53 41
53 42
53 43
53 44
53 45
53 47
53 48
53 49
53 55
53 56
53 57
53 58
53 60
53 61
53 62
53 63
53 65
53 66
53 68
53 70
53 72
53 73
53 74
53 75
53 76
53 77
53 78
53 79
53 80
53 82
53 83
53 84
53 85
53 87
53 88
53 89
53 91
53 92
53 93
53 94
53 95
53 97
53 98
53 104
53 105
53 106
53 107
53 109
53 111
53 112
53 113
53 114
53 115
53 117
53 118
53 119
53 120
53 123
53 125
53 128
53 129
53 130
53 131
53 132
53 133
53 135
53 136
53 137
53 138
53 140
53 141
53 142
53 143
53 144
53 145
53 148
53 149
53 154
53 155
53 157
53 159
53 160
53 161
53 162
53 163
53 165
53 166
53 168
53 169
53 170
53 171
53 172
53 173
53 175
53 176
53 178
53 180
53 181
53 184
53 185
53 186
53 187
53 188
53 189
53 192
53 195
53 197
53 198
54 7
54 11
54 16
54 20
54 25
54 26
54 30
54 36
54 41
54 42
54 46
54 47
54 49
54 55
54 56
54 64
54 69
54 72
54 75
54 86
54 89
54 95
54 98
54 105
54 106
54 116
54 129
54 130
54 135
54 139
54 141
54 146
54 157
54 158
54 159
54 161
54 165
54 171
54 172
54 174
54 175
54 176
54 177
54 179
54 182
54 183
54 186
54 187
54 189
54 190
54 191
55 12
55 22
55 26
55 37
55 41
55 42
55 44
55 47
55 56
55 70
55 71
55 73
55 74
55 82
55 84
55 86
55 89
55 91
55 94
55 99
55 109
55 113
55 114
55 117
55 119
55 120
55 122
55 123
55 128
55 133
55 134
55 137
55 145
55 149
55 157
55 159
55 164
55 165
55 166
55 167
55 170
55 171
55 172
55 178
55 182
55 183
55 186
55 187
55 189
55 192
55 194
55 199
56 7
56 8
56 9
56 10
56 11
56 12
56 13
56 14
56 15
56 16
56 17
56 18
56 19
56 20
56 21
56 22
56 23
56 24
56 25
56 26
56 27
56 28
56 29
56 30
56 31
56 32
56 33
56 34
56 36
56 37
56 38
56 39
56 40
56 41
56 42
56 43
56 44
56 45
56 46
56 47
56 48
56 57
56 58
56 59
56 61
56 62
56 63
56 64
56 65
56 66
56 67
56 68
56 69
56 70
56 71
56 72
56 73
56 74
56 75
56 76
56 77
56 78
56 79
56 80
56 81
56 82
56 83
56 85
56 86
56 87
56 89
56 90
56 91
56 92
56 93
56 94
56 95
56 96
56 97
56 98
56 99
56 107
56 108
56 109
56 110
56 111
56 112
56 113
56 114
56 115
56 116
56 117
56 118
56 119
56 120
56 121
56 122
56 123
56 124
56 125
56 126
56 127
56 128
56 129
56 130
56 131
56 132
56 133
56 135
56 136
56 137
56 138
56 139
56 140
56 141
56 142
56 143
56 146
56 147
56 148
56 149
56 157
56 158
56 159
56 160
56 161
56 163
56 164
56 165
56 166
56 167
56 169
56 170
56 171
56 172
56 173
56 174
56 175
56 176
56 177
56 178
56 180
56 181
56 182
56 183
56 184
56 185
56 186
56 187
56 188
56 189
56 191
56 192
56 193
56 194
56 195
56 196
56 197
56 198
57 11
57 13
57 16
57 17
57 19
57 21
57 22
57 23
57 25
57 26
57 35
57 39
57 41
57 43
57 46
57 47
57 59
57 63
57 64
57 74
57 81
57 86
57 89
57 92
57 93
57 96
57 108
57 111
57 114
57 115
57 116
57 117
57 120
57 124
57 125
57 128
57 129
57 130
57 131
57 134
57 135
57 136
57 138
57 141
57 142
57 144
57 146
57 148
57 159
57 161
57 162
57 164
57 167
57 169
57 173
57 174
57 178
57 180
57 183
57 184
57 190
57 193
57 194
57 197
57 199
58 9
58 13
58 14
58 17
58 20
58 26
58 27
58 30
58 31
58 39
58 43
58 46
58 61
58 63
58 72
58 75
58 76
58 79
58 81
58 86
58 87
58 89
58 90
58 92
58 97
58 99
58 109
58 115
58 116
58 117
58 123
58 127
58 130
58 131
58 132
58 138
58 140
58 144
58 145
58 148
58 149
58 161
58 163
58 164
58 166
58 169
58 171
58 178
58 180
58 182
58 184
58 186
58 188
58 194
58 196
59 12
59 14
59 18
59 19
59 21
59 24
59 27
59 31
59 32
59 37
59 42
59 44
59 45
59 46
59 61
59 63
59 64
59 70
59 71
59 75
59 76
59 78
59 88
59 89
59 93
59 96
59 97
59 112
59 125
59 127
59 134
59 140
59 142
59 143
59 148
59 161
59 164
59 167
59 168
59 172
59 173
59 177
59 182
59 184
59 188
59 193
59 197
59 198
60 11
60 12
60 13
60 14
60 15
60 16
60 17
60 19
60 22
60 25
60 27
60 28
60 29
60 30
60 31
60 35
60 36
60 37
60 39
60 40
60 41
60 42
60 43
60 44
60 45
60 46
60 49
60 61
60 62
60 65
60 68
60 69
60 71
60 72
60 74
60 75
60 76
60 77
60 79
60 81
60 82
60 83
60 84
60 89
60 92
60 93
60 94
60 95
60 97
60 111
60 112
60 115
60 116
60 117
60 119
60 120
60 121
60 123
60 124
60 125
60 127
60 128
60 131
60 132
60 133
60 134
60 136
60 137
60 138
60 139
60 140
60 141
60 142
60 143
60 144
60 145
60 148
60 149
60 161
60 162
60 163
60 166
60 167
60 168
60 169
60 170
60 171
60 172
60 173
60 174
60 175
60 176
60 177
60 185
60 186
60 187
60 190
60 191
60 192
60 193
60 194
60 195
60 196
60 198
60 199
61 12
61 13
61 14
61 15
61 16
61 17
61 18
61 19
61 20
61 21
61 22
61 23
61 24
61 25
61 26
61 27
61 28
61 29
61 30
61 31
61 32
61 33
61 34
61 35
61 36
61 37
61 39
61 40
61 41
61 42
61 43
61 44
61 45
61 46
61 47
61 49
61 62
61 63
61 64
61 67
61 68
61 69
61 70
61 71
61 72
61 73
61 74
61 75
61 76
61 77
61 78
61 79
61 80
61 81
61 82
61 83
61 84
61 85
61 86
61 87
61 88
61 89
61 90
61 91
61 92
61 93
61 94
61 95
61 96
61 97
61 98
61 99
61 113
61 114
61 115
61 116
61 117
61 118
61 119
61 120
61 121
61 122
61 123
61 124
61 125
61 126
61 127
61 128
61 129
61 130
61 131
61 132
61 133
61 134
61 135
61 136
61 137
61 138
61 139
61 140
61 141
61 142
61 143
61 144
61 145
61 146
61 147
61 148
61 149
61 162
61 163
61 164
61 165
61 166
61 167
61 168
61 169
61 170
61 171
61 172
61 173
61 174
61 176
61 177
61 178
61 179
61 180
61 181
61 182
61 183
61 186
61 187
61 188
61 189
61 190
61 191
61 192
61 193
61 194
61 195
61 196
61 197
61 198
61 199
62 13
62 19
62 20
62 22
62 24
62 25
62 26
62 28
62 29
62 30
62 31
62 32
62 33
62 37
62 38
62 39
62 40
62 41
62 42
62 44
62 46
62 47
62 48
62 64
62 66
62 69
62 70
62 72
62 73
62 74
62 75
62 76
62 78
62 79
62 82
62 84
62 89
62 93
62 94
62 113
62 114
62 115
62 116
62 117
62 118
62 119
62 122
62 124
62 125
62 126
62 127
62 130
62 132
62 133
62 139
62 140
62 141
62 142
62 143
62 146
62 147
62 148
62 164
62 165
62 171
62 172
62 173
62 175
62 176
62 177
62 180
62 182
62 186
62 187
62 188
62 190
62 191
62 193
62 194
62 197
63 25
63 30
63 34
63 36
63 37
63 41
63 42
63 43
63 45
63 48
63 49
63 64
63 66
63 68
63 71
63 72
63 75
63 78
63 80
63 81
63 82
63 83
63 86
63 87
63 88
63 89
63 91
63 93
63 95
63 96
63 98
63 115
63 116
63 117
63 119
63 122
63 123
63 124
63 125
63 126
63 127
63 128
63 129
63 131
63 132
63 134
63 135
63 137
63 138
63 139
63 140
63 142
63 143
63 146
63 147
63 166
63 168
63 171
63 172
63 173
63 176
63 177
63 178
63 179
63 182
63 184
63 186
63 187
63 189
63 190
63 191
63 195
63 197
63 198
64 15
64 16
64 17
64 18
64 19
64 20
64 21
64 22
64 23
64 25
64 26
64 27
64 28
64 29
64 30
64 31
64 33
64 34
64 35
64 36
64 37
64 38
64 39
64 40
64 41
64 43
64 44
64 45
64 46
64 47
64 48
64 49
64 65
64 67
64 68
64 69
64 70
64 71
64 72
64 73
64 74
64 76
64 77
64 78
64 79
64 80
64 81
64 82
64 83
64 84
64 85
64 87
64 90
64 91
64 92
64 94
64 95
64 96
64 97
64 98
64 115
64 116
64 117
64 120
64 121
64 122
64 123
64 124
64 125
64 126
64 127
64 128
64 129
64 130
64 131
64 132
64 133
64 134
64 135
64 136
64 137
64 140
64 141
64 142
64 143
64 145
64 146
64 147
64 148
64 149
64 165
64 166
64 167
64 168
64 169
64 170
64 171
64 173
64 174
64 176
64 177
64 178
64 179
64 180
64 181
64 182
64 183
64 184
64 185
64 187
64 188
64 189
64 190
64 193
64 194
64 195
64 196
64 198
64 199
65 16
65 17
65 19
65 20
65 21
65 22
65 24
65 26
65 28
65 30
65 32
65 33
65 35
65 36
65 37
65 39
65 42
65 43
65 44
65 45
65 46
65 47
65 48
65 49
65 67
65 70
65 71
65 72
65 74
65 76
65 79
65 80
65 81
65 82
65 83
65 84
65 85
65 87
65 88
65 91
65 92
65 94
65 95
65 96
65 98
65 99
65 116
65 117
65 118
65 119
65 120
65 121
65 127
65 128
65 131
65 132
65 133
65 135
65 136
65 138
65 139
65 143
65 144
65 145
65 146
65 147
65 148
65 149
65 169
65 170
65 171
65 172
65 175
65 177
65 178
65 181
65 183
65 184
65 185
65 187
65 192
65 193
65 195
65 198
66 23
66 32
66 48
66 67
66 68
66 70
66 82
66 90
66 117
66 128
66 132
66 135
66 148
66 184
66 186
66 188
67 19
67 21
67 22
67 23
67 24
67 26
67 27
67 28
67 29
67 31
67 32
67 34
67 35
67 36
67 37
67 39
67 41
67 42
67 43
67 44
67 45
67 46
67 47
67 49
67 68
67 69
67 70
67 71
67 72
67 75
67 76
67 77
67 78
67 79
67 80
67 81
67 82
67 83
67 84
67 85
67 86
67 87
67 88
67 90
67 91
67 92
67 96
67 97
67 118
67 122
67 124
67 125
67 126
67 127
67 128
67 130
67 131
67 133
67 136
67 138
67 139
67 141
67 142
67 144
67 145
67 146
67 147
67 149
67 168
67 169
67 170
67 171
67 172
67 173
67 176
67 178
67 179
67 180
67 182
67 185
67 187
67 188
67 189
67 191
67 192
67 193
67 194
67 195
67 196
67 197
67 198
67 199
68 19
68 21
68 22
68 23
68 24
68 27
68 28
68 29
68 31
68 32
68 34
68 35
68 36
68 37
68 38
68 39
68 41
68 42
68 43
68 44
68 46
68 47
68 48
68 49
68 70
68 71
68 72
68 73
68 74
68 75
68 77
68 78
68 79
68 80
68 82
68 83
68 84
68 85
68 86
68 87
68 88
68 89
68 90
68 91
68 94
68 95
68 97
68 120
68 121
68 122
68 123
68 124
68 125
68 126
68 128
68 130
68 131
68 134
68 135
68 136
68 137
68 139
68 140
68 143
68 144
68 145
68 147
68 148
68 149
68 169
68 170
68 171
68 173
68 176
68 177
68 178
68 179
68 180
68 181
68 182
68 183
68 184
68 186
68 189
68 190
68 191
68 192
68 193
68 194
68 195
68 197
68 198
68 199
69 22
69 25
69 33
69 35
69 42
69 44
69 46
69 72
69 76
69 77
69 82
69 87
69 88
69 89
69 93
69 94
69 99
69 120
69 122
69 125
69 128
69 129
69 135
69 143
69 148
69 149
69 172
69 179
69 180
69 181
69 186
69 189
69 192
69 198
70 21
70 22
70 23
70 24
70 25
70 27
70 28
70 30
70 31
70 32
70 33
70 34
70 35
70 36
70 38
70 39
70 40
70 41
70 42
70 43
70 44
70 45
70 46
70 47
70 48
70 49
70 73
70 74
70 75
70 76
70 77
70 78
70 79
70 82
70 83
70 84
70 86
70 87
70 88
70 89
70 90
70 91
70 92
70 93
70 94
70 95
70 96
70 97
70 98
70 99
70 121
70 122
70 123
70 124
70 125
70 126
70 127
70 128
70 129
70 130
70 131
70 132
70 133
70 134
70 135
70 136
70 137
70 138
70 139
70 140
70 141
70 142
70 143
70 145
70 146
70 148
70 149
70 172
70 176
70 177
70 178
70 179
70 180
70 181
70 183
70 184
70 185
70 186
70 188
70 189
70 190
70 191
70 192
70 193
70 194
70 196
70 197
70 199
71 23
71 26
71 34
71 36
71 37
71 39
71 44
71 45
71 46
71 73
71 79
71 81
71 83
71 84
71 90
71 91
71 92
71 95
71 98
71 123
71 125
71 128
71 134
71 135
71 136
71 139
71 140
71 141
71 142
71 143
71 144
71 145
71 146
71 148
71 173
71 176
71 177
71 184
71 185
71 186
71 187
71 190
71 191
71 192
71 193
71 194
71 195
71 196
72 24
72 26
72 31
72 33
72 34
72 36
72 38
72 42
72 43
72 75
72 76
72 79
72 83
72 85
72 89
72 93
72 94
72 97
72 128
72 133
72 134
72 135
72 136
72 173
72 174
72 178
72 180
72 183
72 188
72 194
73 24
73 26
73 27
73 28
73 29
73 30
73 32
73 33
73 34
73 35
73 36
73 37
73 38
73 39
73 41
73 42
73 43
73 44
73 45
73 47
73 48
73 75
73 76
73 77
73 78
73 79
73 80
73 81
73 82
73 83
73 85
73 87
73 88
73 91
73 92
73 93
73 95
73 98
73 99
73 124
73 125
73 126
73 127
73 128
73 129
73 130
73 131
73 132
73 133
73 134
73 135
73 136
73 137
73 139
73 141
73 142
73 143
73 144
73 145
73 146
73 147
73 174
73 175
73 176
73 178
73 179
73 180
73 181
73 182
73 185
73 187
73 188
73 189
73 190
73 191
73 194
73 195
73 196
73 197
73 198
74 40
74 133
74 180
75 28
75 29
75 30
75 31
75 32
75 33
75 35
75 36
75 37
75 40
75 42
75 43
75 45
75 46
75 47
75 48
75 49
75 77
75 79
75 80
75 81
75 82
75 83
75 84
75 85
75 86
75 87
75 88
75 89
75 91
75 92
75 94
75 95
75 97
75 98
75 99
75 126
75 128
75 129
75 130
75 131
75 132
75 134
75 137
75 138
75 140
75 143
75 144
75 145
75 146
75 148
75 149
75 176
75 177
75 178
75 179
75 180
75 181
75 182
75 183
75 185
75 186
75 187
75 188
75 189
75 190
75 191
75 192
75 193
75 194
75 195
75 196
75 197
75 198
75 199
76 29
76 36
76 47
76 81
76 84
76 88
76 92
76 95
76 97
76 127
76 128
76 130
76 143
76 177
76 182
76 185
76 190
76 199
77 28
77 30
77 36
77 37
77 38
77 40
77 41
77 42
77 44
77 45
77 46
77 47
77 48
77 49
77 78
77 79
77 80
77 82
77 83
77 84
77 86
77 87
77 88
77 89
77 90
77 91
77 92
77 93
77 95
77 96
77 97
77 98
77 99
77 129
77 130
77 131
77 132
77 133
77 134
77 135
77 137
77 138
77 139
77 140
77 141
77 142
77 143
77 145
77 146
77 147
77 148
77 149
77 178
77 179
77 180
77 181
77 182
77 183
77 185
77 187
77 188
77 190
77 191
77 192
77 193
77 195
77 196
77 197
78 37
78 40
78 46
78 48
78 79
78 80
78 84
78 87
78 89
78 93
78 130
78 131
78 137
78 139
78 142
78 144
78 146
78 180
78 181
78 182
78 191
78 195
78 197
78 198
78 199
79 31
79 32
79 34
79 35
79 36
79 37
79 39
79 40
79 42
79 44
79 45
79 46
79 47
79 48
79 49
79 84
79 85
79 89
79 91
79 92
79 94
79 97
79 98
79 133
79 134
79 135
79 137
79 138
79 139
79 141
79 143
79 149
79 180
79 181
79 183
79 185
79 187
79 192
79 193
79 195
79 196
79 199
80 32
80 38
80 39
80 40
80 43
80 44
80 47
80 48
80 49
80 81
80 85
80 88
80 89
80 90
80 93
80 95
80 99
80 135
80 137
80 138
80 149
80 183
80 192
80 194
80 199
81 32
81 33
81 34
81 36
81 38
81 39
81 40
81 41
81 47
81 87
81 90
81 93
81 96
81 99
81 134
81 136
81 139
81 140
81 145
81 146
81 147
81 148
81 182
81 183
81 189
81 192
81 193
81 195
81 198
82 37
82 41
82 47
82 49
82 86
82 87
82 89
82 91
82 97
82 99
82 133
82 134
82 135
82 137
82 139
82 142
82 147
82 185
82 187
82 191
82 193
82 198
83 34
83 35
83 42
83 43
83 44
83 47
83 49
83 86
83 87
83 89
83 91
83 95
83 96
83 98
83 99
83 136
83 138
83 142
83 145
83 146
83 147
83 148
83 185
83 187
83 189
83 192
83 197
83 198
83 199
84 35
84 36
84 37
84 41
84 43
84 44
84 45
84 46
84 47
84 48
84 49
84 85
84 86
84 87
84 88
84 89
84 92
84 93
84 94
84 95
84 97
84 99
84 135
84 138
84 139
84 140
84 142
84 144
84 145
84 146
84 147
84 148
84 149
84 185
84 186
84 187
84 188
84 189
84 191
84 194
84 195
84 196
84 197
84 198
84 199
85 39
85 86
85 87
85 91
85 141
85 145
85 189
86 37
86 40
86 41
86 45
86 49
86 92
86 93
86 94
86 98
86 99
86 139
86 141
86 145
86 146
86 148
86 149
86 190
86 191
86 192
86 196
86 197
87 38
87 39
87 41
87 42
87 43
87 44
87 45
87 46
87 47
87 48
87 49
87 89
87 90
87 91
87 92
87 93
87 94
87 95
87 96
87 97
87 138
87 139
87 140
87 141
87 142
87 143
87 144
87 145
87 146
87 147
87 148
87 149
87 188
87 189
87 192
87 193
87 194
87 195
87 196
87 197
87 198
87 199
88 43
88 48
88 90
89 140
90 96
90 143
90 194
90 199
91 143
92 43
92 44
92 45
92 48
92 49
92 93
92 94
92 95
92 96
92 97
92 99
92 143
92 145
92 146
92 148
92 149
92 193
92 195
92 197
92 198
92 199
93 44
93 45
93 46
93 47
93 48
93 49
93 94
93 95
93 96
93 97
93 98
93 99
93 144
93 145
93 146
93 148
93 149
93 194
93 195
93 196
93 197
93 198
93 199
94 46
94 97
94 196
94 199
95 146
96 147
97 48
97 49
97 98
97 99
97 148
97 149
98 99
100 1
100 4
100 5
100 7
100 9
100 10
100 11
100 13
100 19
100 22
100 24
100 25
100 29
100 30
100 31
100 33
100 35
100 36
100 38
100 39
100 41
100 43
100 44
100 45
100 46
100 48
100 49
100 52
100 53
100 55
100 57
100 61
100 62
100 65
100 66
100 67
100 68
100 70
100 71
100 72
100 75
100 76
100 77
100 79
100 80
100 82
100 83
100 84
100 87
100 90
100 91
100 93
100 96
100 97
100 98
100 102
100 103
100 104
100 105
100 107
100 108
100 109
100 110
100 111
100 113
100 114
100 116
100 117
100 121
100 122
100 123
100 124
100 125
100 126
100 130
100 131
100 132
100 133
100 134
100 135
100 136
100 137
100 140
100 142
100 143
100 146
100 147
100 148
100 149
100 152
100 155
100 156
100 158
100 160
100 162
100 163
100 164
100 165
100 167
100 168
100 169
100 170
100 171
100 174
100 175
100 176
100 177
100 181
100 186
100 187
100 192
100 196
100 197
100 199
101 10
101 15
101 19
101 24
101 26
101 28
101 33
101 34
101 40
101 43
101 49
101 74
101 87
101 92
101 105
101 115
101 119
101 120
101 123
101 133
101 137
101 138
101 141
101 169
101 177
101 181
101 189
101 190
101 199
102 3
102 4
102 5
102 6
102 7
102 9
102 10
102 11
102 12
102 13
102 15
102 16
102 17
102 18
102 19
102 20
102 21
102 22
102 23
102 25
102 27
102 28
102 29
102 30
102 31
102 32
102 33
102 35
102 36
102 37
102 38
102 39
102 40
102 41
102 43
102 45
102 46
102 47
102 49
102 54
102 55
102 56
102 57
102 58
102 59
102 60
102 62
102 63
102 64
102 65
102 66
102 67
102 68
102 69
102 70
102 71
102 74
102 77
102 78
102 79
102 80
102 81
102 82
102 83
102 84
102 85
102 86
102 87
102 89
102 90
102 91
102 92
102 93
102 94
102 95
102 96
102 98
102 99
102 103
102 104
102 105
102 106
102 107
102 108
102 109
102 110
102 111
102 112
102 114
102 115
102 116
102 117
102 118
102 119
102 120
102 122
102 123
102 125
102 126
102 127
102 128
102 129
102 130
102 132
102 133
102 134
102 135
102 138
102 139
102 141
102 142
102 144
102 145
102 146
102 147
102 148
102 154
102 155
102 156
102 157
102 158
102 159
102 160
102 161
102 162
102 163
102 164
102 166
102 167
102 168
102 169
102 170
102 171
102 172
102 173
102 174
102 175
102 176
102 178
102 179
102 181
102 182
102 183
102 184
102 185
102 186
102 187
102 188
102 189
102 191
102 192
102 193
102 194
102 195
102 197
102 198
102 199
103 27
103 32
103 35
103 57
103 61
103 71
103 95
103 107
103 112
103 113
103 133
103 135
103 168
103 188
104 5
104 8
104 10
104 14
104 16
104 20
104 23
104 24
104 35
104 37
104 38
104 41
104 43
104 44
104 47
104 58
104 59
104 60
104 63
104 73
104 75
104 80
104 93
104 97
104 107
104 112
104 113
104 115
104 121
104 122
104 124
104 126
104 127
104 129
104 132
104 135
104 136
104 139
104 140
104 147
104 148
104 149
104 155
104 159
104 160
104 170
104 171
104 174
104 175
104 186
104 188
104 189
104 192
104 196
104 197
104 199
105 7
105 9
105 11
105 12
105 14
105 16
105 18
105 19
105 20
105 22
105 24
105 26
105 27
105 29
105 30
105 33
105 34
105 36
105 39
105 42
105 44
105 46
105 47
105 48
105 58
105 67
105 68
105 72
105 73
105 74
105 77
105 78
105 80
105 81
105 82
105 91
105 94
105 97
105 99
105 108
105 109
105 110
105 113
105 114
105 115
105 116
105 117
105 119
105 120
105 121
105 124
105 126
105 127
105 129
105 133
105 137
105 139
105 141
105 142
105 143
105 156
105 158
105 159
105 160
105 163
105 164
105 165
105 167
105 168
105 169
105 175
105 178
105 179
105 183
105 184
105 185
105 188
105 189
105 191
105 195
105 196
105 199
106 7
106 9
106 10
106 11
106 13
106 20
106 28
106 30
106 32
106 33
106 35
106 36
106 38
106 41
106 42
106 45
106 48
106 57
106 58
106 60
106 64
106 65
106 73
106 77
106 78
106 79
106 81
106 84
106 86
106 87
106 92
106 97
106 98
106 99
106 107
106 110
106 114
106 116
106 117
106 126
106 128
106 130
106 133
106 135
106 137
106 138
106 139
106 142
106 143
106 146
106 147
106 158
106 162
106 163
106 166
106 168
106 170
106 171
106 172
106 173
106 174
106 176
106 180
106 181
106 182
106 189
106 190
106 192
106 193
106 194
106 195
106 197
107 8
107 9
107 10
107 12
107 13
107 14
107 15
107 16
107 18
107 19
107 22
107 23
107 24
107 25
107 26
107 27
107 28
107 29
107 30
107 31
107 33
107 35
107 36
107 37
107 40
107 41
107 45
107 46
107 49
107 58
107 60
107 61
107 62
107 66
107 67
107 68
107 70
107 72
107 73
107 74
107 76
107 78
107 79
107 80
107 81
107 83
107 84
107 85
107 87
107 88
107 89
107 91
107 93
107 95
107 97
107 98
107 108
107 109
107 111
107 112
107 113
107 114
107 115
107 116
107 117
107 118
107 119
107 121
107 122
107 124
107 126
107 127
107 128
107 129
107 131
107 132
107 133
107 134
107 135
107 138
107 139
107 140
107 144
107 145
107 146
107 148
107 149
107 158
107 160
107 161
107 162
107 163
107 164
107 166
107 167
107 168
107 169
107 171
107 173
107 174
107 175
107 176
107 178
107 179
107 180
107 181
107 182
107 183
107 186
107 187
107 188
107 189
107 191
107 194
107 195
107 196
107 198
107 199
108 9
108 12
108 19
108 21
108 25
108 28
108 34
108 36
108 38
108 42
108 49
108 61
108 62
108 65
108 68
108 75
108 76
108 80
108 87
108 88
108 89
108 92
108 110
108 119
108 124
108 127
108 145
108 148
108 162
108 163
108 164
108 166
108 169
108 170
108 171
108 176
108 180
108 187
108 190
108 192
108 198
109 14
109 16
109 28
109 29
109 30
109 34
109 35
109 38
109 43
109 48
109 49
109 60
109 61
109 71
109 75
109 76
109 86
109 92
109 95
109 96
109 99
109 110
109 113
109 126
109 132
109 147
109 148
109 162
109 165
109 166
109 167
109 169
109 170
109 172
109 176
109 187
109 190
109 193
110 11
110 12
110 14
110 16
110 18
110 19
110 21
110 23
110 31
110 34
110 37
110 38
110 39
110 42
110 44
110 47
110 49
110 62
110 64
110 65
110 66
110 67
110 72
110 74
110 76
110 78
110 81
110 87
110 97
110 115
110 119
110 123
110 124
110 132
110 135
110 136
110 137
110 141
110 142
110 145
110 146
110 147
110 163
110 164
110 171
110 173
110 174
110 175
110 180
110 182
110 186
110 188
110 190
110 191
110 193
110 194
110 195
110 196
110 198
111 14
111 15
111 18
111 19
111 21
111 22
111 24
111 29
111 31
111 32
111 34
111 40
111 42
111 44
111 45
111 47
111 48
111 49
111 64
111 65
111 66
111 67
111 69
111 73
111 75
111 76
111 84
111 86
111 87
111 92
111 93
111 112
111 114
111 117
111 121
111 122
111 125
111 129
111 132
111 134
111 135
111 136
111 137
111 139
111 143
111 145
111 147
111 148
111 149
111 163
111 167
111 170
111 171
111 175
111 178
111 179
111 181
111 184
111 185
111 186
111 187
111 188
111 189
111 192
111 194
111 196
111 198
112 13
112 14
112 15
112 17
112 18
112 19
112 20
112 21
112 22
112 24
112 25
112 26
112 27
112 29
112 30
112 32
112 33
112 35
112 36
112 37
112 38
112 39
112 40
112 42
112 43
112 44
112 45
112 46
112 48
112 49
112 65
112 67
112 69
112 70
112 72
112 73
112 74
112 75
112 77
112 78
112 79
112 81
112 83
112 85
112 86
112 87
112 88
112 89
112 92
112 93
112 94
112 96
112 97
112 98
112 99
112 114
112 115
112 116
112 117
112 118
112 119
112 121
112 122
112 123
112 124
112 125
112 126
112 127
112 128
112 129
112 130
112 133
112 135
112 136
112 137
112 138
112 139
112 140
112 141
112 142
112 143
112 144
112 145
112 146
112 147
112 148
112 149
112 163
112 165
112 168
112 169
112 171
112 172
112 173
112 174
112 175
112 176
112 177
112 178
112 179
112 180
112 181
112 182
112 183
112 184
112 185
112 186
112 187
112 188
112 189
112 190
112 191
112 192
112 193
112 195
112 196
112 197
113 19
113 30
113 41
113 46
113 69
113 70
113 71
113 74
113 80
113 98
113 119
113 120
113 121
113 123
113 124
113 128
113 129
113 140
113 143
113 164
113 170
113 173
113 175
113 177
113 188
113 189
113 193
113 198
114 18
114 26
114 45
114 80
114 98
114 99
114 134
114 140
114 173
115 16
115 17
115 18
115 19
115 20
115 21
115 22
115 23
115 24
115 25
115 26
115 27
115 28
115 29
115 30
115 31
115 32
115 33
115 34
115 35
115 36
115 37
115 38
115 39
115 40
115 42
115 43
115 44
115 45
115 46
115 47
115 48
115 49
115 66
115 68
115 69
115 70
115 71
115 72
115 73
115 75
115 76
115 77
115 78
115 79
115 80
115 81
115 82
115 83
115 84
115 85
115 86
115 87
115 88
115 89
115 90
115 91
115 92
115 93
115 94
115 96
115 97
115 99
115 116
115 117
115 118
115 119
115 120
115 121
115 122
115 123
115 124
115 125
115 126
115 127
115 128
115 129
115 130
115 131
115 132
115 133
115 134
115 135
115 136
115 137
115 138
115 140
115 141
115 142
115 143
115 144
115 145
115 146
115 147
115 148
115 149
115 166
115 167
115 168
115 169
115 170
115 171
115 172
115 173
115 174
115 175
115 176
115 177
115 178
115 179
115 180
115 181
115 182
115 183
115 184
115 185
115 186
115 187
115 188
115 189
115 190
115 191
115 192
115 193
115 194
115 195
115 196
115 197
115 198
115 199
116 19
116 23
116 24
116 25
116 26
116 28
116 30
116 32
116 34
116 36
116 38
116 40
116 45
116 46
116 47
116 48
116 49
116 70
116 71
116 72
116 73
116 78
116 79
116 80
116 83
116 85
116 86
116 87
116 88
116 89
116 90
116 92
116 94
116 95
116 96
116 98
116 120
116 122
116 124
116 128
116 129
116 131
116 132
116 138
116 139
116 145
116 146
116 148
116 168
116 170
116 171
116 173
116 174
116 175
116 176
116 179
116 181
116 183
116 184
116 186
116 187
116 188
116 189
116 193
116 195
116 198
116 199
117 18
117 21
117 22
117 23
117 27
117 33
117 34
117 35
117 40
117 41
117 42
117 44
117 45
117 47
117 48
117 49
117 68
117 69
117 71
117 72
117 73
117 74
117 75
117 76
117 77
117 80
117 82
117 83
117 85
117 87
117 88
117 89
117 90
117 92
117 95
117 96
117 120
117 122
117 123
117 124
117 126
117 128
117 129
117 130
117 132
117 133
117 137
117 140
117 141
117 143
117 144
117 145
117 147
117 149
117 168
117 170
117 171
117 174
117 176
117 177
117 179
117 183
117 188
117 189
117 191
117 192
117 195
117 196
117 198
117 199
118 20
118 22
118 24
118 25
118 29
118 34
118 35
118 37
118 40
118 46
118 71
118 74
118 75
118 76
118 77
118 83
118 92
118 94
118 96
118 99
118 120
118 122
118 123
118 130
118 132
118 133
118 135
118 138
118 143
118 146
118 147
118 149
118 169
118 173
118 175
118 179
118 180
118 183
118 189
118 192
118 195
118 197
118 198
119 20
119 21
119 22
119 23
119 24
119 25
119 26
119 27
119 28
119 29
119 30
119 31
119 32
119 34
119 35
119 36
119 37
119 39
119 41
119 42
119 43
119 45
119 46
119 47
119 48
119 49
119 70
119 71
119 72
119 73
119 74
119 76
119 77
119 78
119 79
119 80
119 81
119 82
119 83
119 84
119 85
119 86
119 87
119 88
119 89
119 90
119 91
119 92
119 93
119 94
119 95
119 96
119 97
119 98
119 99
119 120
119 121
119 122
119 123
119 124
119 125
119 126
119 127
119 128
119 129
119 130
119 131
119 132
119 133
119 134
119 135
119 137
119 138
119 139
119 140
119 141
119 143
119 144
119 145
119 146
119 147
119 148
119 149
119 170
119 171
119 172
119 173
119 174
119 175
119 176
119 177
119 178
119 179
119 180
119 181
119 182
119 183
119 184
119 185
119 188
119 189
119 190
119 191
119 192
119 194
119 195
119 196
119 197
119 198
119 199
120 21
120 22
120 23
120 24
120 25
120 26
120 28
120 30
120 33
120 35
120 36
120 37
120 38
120 39
120 40
120 41
120 42
120 46
120 47
120 48
120 49
120 71
120 72
120 74
120 75
120 76
120 77
120 78
120 79
120 80
120 81
120 82
120 84
120 85
120 86
120 87
120 88
120 89
120 90
120 91
120 92
120 93
120 95
120 96
120 97
120 98
120 122
120 123
120 124
120 125
120 126
120 127
120 128
120 129
120 130
120 132
120 133
120 134
120 135
120 136
120 137
120 138
120 139
120 140
120 141
120 143
120 144
120 145
120 146
120 147
120 148
120 171
120 172
120 173
120 174
120 176
120 178
120 180
120 181
120 182
120 185
120 188
120 190
120 191
120 192
120 193
120 194
120 195
120 196
120 197
120 199
121 26
121 28
121 38
121 40
121 43
121 46
121 47
121 73
121 76
121 78
121 94
121 96
121 122
121 125
121 129
121 131
121 148
121 179
121 198
122 26
122 27
122 28
122 31
122 34
122 35
122 38
122 39
122 40
122 41
122 46
122 48
122 49
122 73
122 74
122 77
122 80
122 81
122 82
122 85
122 89
122 90
122 91
122 92
122 93
122 96
122 98
122 99
122 126
122 127
122 128
122 131
122 132
122 137
122 139
122 142
122 143
122 146
122 148
122 149
122 173
122 174
122 176
122 178
122 182
122 183
122 184
122 186
122 187
122 191
122 194
122 195
122 197
123 127
124 25
124 27
124 28
124 29
124 44
124 78
124 81
124 86
124 91
124 99
124 131
124 144
124 145
124 148
124 176
124 178
124 179
124 180
124 185
124 189
124 190
124 193
125 26
125 27
125 30
125 34
125 35
125 37
125 38
125 41
125 44
125 46
125 49
125 78
125 79
125 82
125 83
125 86
125 87
125 89
125 90
125 91
125 95
125 96
125 97
125 98
125 99
125 126
125 131
125 132
125 135
125 136
125 137
125 138
125 139
125 140
125 141
125 142
125 143
125 146
125 147
125 148
125 149
125 176
125 177
125 181
125 183
125 188
125 189
125 192
125 193
125 195
125 196
126 28
126 30
126 31
126 33
126 34
126 35
126 36
126 37
126 38
126 39
126 40
126 41
126 42
126 43
126 44
126 45
126 46
126 47
126 48
126 49
126 77
126 78
126 79
126 80
126 81
126 82
126 83
126 84
126 85
126 86
126 87
126 88
126 89
126 90
126 91
126 92
126 93
126 94
126 95
126 96
126 97
126 98
126 99
126 127
126 128
126 129
126 130
126 131
126 132
126 133
126 134
126 136
126 137
126 138
126 139
126 140
126 141
126 142
126 143
126 144
126 145
126 147
126 148
126 149
126 177
126 178
126 180
126 181
126 182
126 183
126 185
126 187
126 188
126 189
126 191
126 192
126 193
126 194
126 195
126 196
126 197
126 198
126 199
127 34
127 48
127 83
127 98
127 135
127 180
127 181
127 193
128 30
128 33
128 34
128 36
128 42
128 48
128 49
128 81
128 92
128 93
128 129
128 130
128 132
128 135
128 136
128 137
128 146
128 148
128 181
128 185
128 186
128 193
128 199
129 30
129 31
129 32
129 33
129 34
129 35
129 37
129 40
129 41
129 42
129 43
129 44
129 45
129 46
129 47
129 48
129 49
129 81
129 83
129 84
129 87
129 88
129 91
129 92
129 93
129 96
129 99
129 130
129 131
129 132
129 133
129 135
129 136
129 138
129 139
129 140
129 141
129 142
129 143
129 144
129 146
129 147
129 148
129 149
129 180
129 182
129 184
129 187
129 188
129 189
129 190
129 191
129 192
129 193
129 195
129 196
129 197
129 198
130 31
130 32
130 33
130 34
130 35
130 38
130 39
130 43
130 46
130 47
130 48
130 49
130 82
130 83
130 84
130 86
130 88
130 90
130 92
130 93
130 94
130 96
130 98
130 131
130 135
130 137
130 138
130 140
130 149
130 183
130 184
130 185
130 194
130 196
130 197
131 32
131 33
131 34
131 35
131 36
131 37
131 38
131 39
131 40
131 41
131 42
131 43
131 44
131 45
131 46
131 47
131 48
131 49
131 82
131 83
131 84
131 85
131 86
131 87
131 88
131 89
131 90
131 91
131 93
131 94
131 95
131 96
131 97
131 98
131 99
131 132
131 133
131 134
131 135
131 136
131 138
131 139
131 140
131 141
131 142
131 143
131 144
131 145
131 146
131 147
131 148
131 149
131 182
131 183
131 184
131 185
131 186
131 187
131 188
131 189
131 190
131 191
131 192
131 193
131 194
131 195
131 196
131 197
131 198
131 199
132 33
132 34
132 35
132 36
132 37
132 38
132 39
132 40
132 41
132 42
132 43
132 44
132 45
132 46
132 47
132 48
132 49
132 83
132 84
132 85
132 86
132 87
132 88
132 89
132 90
132 91
132 92
132 93
132 94
132 95
132 96
132 97
132 98
132 99
132 133
132 134
132 135
132 136
132 137
132 138
132 139
132 140
132 141
132 142
132 143
132 144
132 145
132 146
132 147
132 148
132 149
132 183
132 184
132 185
132 186
132 187
132 188
132 189
132 190
132 191
132 193
132 194
132 195
132 196
132 197
132 198
132 199
133 34
133 38
133 41
133 42
133 43
133 45
133 46
133 47
133 48
133 49
133 84
133 86
133 89
133 90
133 91
133 92
133 93
133 94
133 95
133 96
133 97
133 98
133 99
133 134
133 135
133 136
133 137
133 138
133 139
133 140
133 142
133 143
133 144
133 145
133 146
133 148
133 149
133 184
133 186
133 187
133 190
133 191
133 192
133 193
133 194
133 195
133 196
133 197
133 198
133 199
134 35
134 36
134 37
134 38
134 39
134 41
134 42
134 44
134 45
134 46
134 47
134 48
134 49
134 85
134 86
134 87
134 88
134 89
134 90
134 91
134 92
134 93
134 94
134 95
134 96
134 97
134 98
134 99
134 135
134 137
134 138
134 139
134 140
134 141
134 142
134 143
134 144
134 145
134 146
134 149
134 185
134 187
134 188
134 191
134 193
134 197
134 198
134 199
135 36
135 37
135 38
135 39
135 40
135 41
135 42
135 43
135 46
135 48
135 49
135 87
135 88
135 89
135 90
135 91
135 92
135 93
135 95
135 96
135 97
135 98
135 136
135 137
135 138
135 139
135 140
135 141
135 142
135 143
135 144
135 146
135 147
135 148
135 149
135 186
135 187
135 188
135 189
135 190
135 191
135 192
135 193
135 194
135 195
135 196
135 198
135 199
136 47
137 38
137 39
137 40
137 41
137 42
137 43
137 44
137 45
137 46
137 47
137 48
137 49
137 88
137 89
137 90
137 92
137 93
137 94
137 95
137 96
137 97
137 98
137 99
137 138
137 139
137 140
137 142
137 143
137 144
137 145
137 146
137 147
137 149
137 188
137 189
137 190
137 191
137 193
137 194
137 195
137 196
137 197
137 198
137 199
138 89
138 97
138 99
138 139
138 194
138 195
139 40
139 45
139 93
139 99
139 140
139 141
139 142
139 144
139 147
139 149
139 196
139 197
139 199
140 196
141 42
141 43
141 44
141 45
141 46
141 47
141 93
141 96
141 97
141 143
141 144
141 146
141 147
141 148
141 149
141 192
141 193
141 196
141 197
141 198
141 199
142 46
142 47
142 93
142 96
142 194
143 49
144 48
144 95
144 96
144 97
144 99
144 145
144 146
144 148
144 195
144 196
145 46
145 96
145 97
145 98
145 99
145 146
145 148
145 149
145 196
145 197
145 198
146 48
146 97
146 147
146 149
146 198
146 199
147 49
147 98
147 99
148 49
150 2
150 5
150 7
150 23
150 33
150 41
150 52
150 57
150 59
150 62
150 68
150 69
150 70
150 78
150 79
150 81
150 91
150 108
150 117
150 123
150 125
150 137
150 144
150 153
150 155
150 156
150 165
150 168
150 173
150 177
150 187
150 197
151 5
151 6
151 7
151 10
151 12
151 15
151 17
151 18
151 21
151 24
151 25
151 27
151 28
151 29
151 34
151 35
151 36
151 38
151 39
151 42
151 43
151 46
151 52
151 55
151 56
151 57
151 59
151 63
151 64
151 67
151 68
151 72
151 73
151 75
151 76
151 77
151 79
151 80
151 88
151 94
151 96
151 97
151 98
151 105
151 106
151 107
151 111
151 113
151 115
151 116
151 120
151 121
151 122
151 127
151 128
151 129
151 132
151 133
151 134
151 136
151 139
151 140
151 144
151 146
151 147
151 148
151 153
151 154
151 155
151 156
151 160
151 161
151 165
151 166
151 167
151 168
151 171
151 173
151 174
151 179
151 183
151 185
151 186
151 187
151 188
151 189
151 195
151 196
151 198
152 3
152 5
152 6
152 8
152 11
152 12
152 14
152 18
152 21
152 22
152 23
152 26
152 30
152 36
152 37
152 42
152 44
152 53
152 55
152 56
152 57
152 60
152 64
152 65
152 66
152 67
152 71
152 78
152 79
152 82
152 84
152 90
152 95
152 104
152 106
152 107
152 110
152 111
152 112
152 120
152 128
152 130
152 131
152 133
152 134
152 136
152 138
152 139
152 140
152 142
152 145
152 148
152 149
152 161
152 169
152 172
152 176
152 182
152 189
152 190
152 194
152 196
152 197
152 199
153 5
153 8
153 10
153 11
153 13
153 17
153 18
153 20
153 21
153 23
153 33
153 37
153 43
153 49
153 61
153 69
153 72
153 75
153 77
153 81
153 84
153 88
153 94
153 99
153 106
153 113
153 116
153 117
153 119
153 126
153 129
153 141
153 169
153 171
153 181
153 183
153 191
154 5
154 8
154 16
154 18
154 19
154 22
154 27
154 29
154 30
154 31
154 37
154 39
154 42
154 45
154 46
154 48
154 58
154 60
154 63
154 67
154 77
154 80
154 89
154 90
154 91
154 94
154 105
154 108
154 118
154 119
154 121
154 124
154 130
154 134
154 135
154 136
154 141
154 143
154 146
154 161
154 163
154 166
154 167
154 169
154 174
154 178
154 179
154 185
154 191
154 193
154 194
155 8
155 14
155 25
155 30
155 34
155 38
155 39
155 43
155 44
155 45
155 46
155 48
155 63
155 66
155 68
155 70
155 71
155 72
155 78
155 79
155 81
155 86
155 87
155 93
155 95
155 98
155 107
155 110
155 111
155 112
155 115
155 119
155 122
155 125
155 128
155 129
155 132
155 134
155 137
155 144
155 145
155 147
155 149
155 156
155 157
155 159
155 163
155 164
155 170
155 172
155 174
155 175
155 176
155 177
155 180
155 181
155 182
155 185
155 189
155 191
155 193
155 195
155 199
156 7
156 8
156 9
156 10
156 11
156 12
156 13
156 14
156 15
156 16
156 17
156 18
156 19
156 20
156 21
156 22
156 24
156 25
156 26
156 27
156 28
156 29
156 30
156 31
156 32
156 33
156 34
156 35
156 36
156 37
156 38
156 39
156 40
156 41
156 42
156 43
156 44
156 45
156 46
156 48
156 49
156 57
156 58
156 59
156 60
156 61
156 62
156 63
156 64
156 65
156 66
156 67
156 68
156 69
156 70
156 71
156 72
156 73
156 74
156 75
156 76
156 77
156 78
156 79
156 80
156 81
156 82
156 83
156 84
156 85
156 86
156 87
156 88
156 89
156 90
156 91
156 92
156 94
156 95
156 96
156 97
156 98
156 99
156 107
156 108
156 109
156 110
156 111
156 112
156 113
156 115
156 116
156 117
156 118
156 119
156 120
156 121
156 122
156 123
156 124
156 125
156 126
156 127
156 128
156 129
156 130
156 131
156 132
156 133
156 134
156 135
156 136
156 137
156 138
156 139
156 140
156 141
156 142
156 143
156 144
156 145
156 146
156 147
156 148
156 149
156 157
156 158
156 159
156 160
156 161
156 162
156 164
156 165
156 166
156 167
156 168
156 169
156 170
156 171
156 172
156 173
156 174
156 175
156 176
156 177
156 178
156 179
156 180
156 181
156 182
156 183
156 184
156 185
156 186
156 188
156 189
156 190
156 191
156 192
156 193
156 194
156 195
156 196
156 197
156 198
156 199
157 127
158 14
158 19
158 23
158 25
158 32
158 33
158 36
158 38
158 40
158 45
158 59
158 60
158 61
158 65
158 67
158 68
158 72
158 74
158 76
158 80
158 83
158 90
158 96
158 97
158 98
158 99
158 114
158 117
158 125
158 126
158 128
158 132
158 133
158 136
158 139
158 143
158 145
158 168
158 174
158 176
158 179
158 183
158 185
158 190
158 196
159 10
159 12
159 14
159 16
159 19
159 24
159 25
159 26
159 27
159 28
159 29
159 31
159 32
159 33
159 34
159 35
159 36
159 37
159 40
159 42
159 45
159 47
159 49
159 60
159 61
159 62
159 63
159 65
159 67
159 68
159 71
159 73
159 77
159 78
159 82
159 85
159 89
159 90
159 92
159 95
159 96
159 97
159 98
159 99
159 111
159 115
159 116
159 117
159 118
159 119
159 120
159 122
159 124
159 125
159 126
159 127
159 138
159 139
159 140
159 141
159 144
159 145
159 147
159 148
159 149
159 160
159 162
159 165
159 166
159 168
159 175
159 176
159 178
159 179
159 181
159 182
159 184
159 186
159 191
159 192
159 194
159 197
159 198
160 11
160 12
160 13
160 14
160 15
160 16
160 17
160 18
160 20
160 22
160 23
160 24
160 26
160 28
160 29
160 30
160 31
160 32
160 33
160 34
160 35
160 36
160 37
160 38
160 39
160 40
160 41
160 42
160 43
160 44
160 45
160 46
160 48
160 49
160 61
160 62
160 63
160 64
160 65
160 66
160 67
160 68
160 69
160 70
160 71
160 72
160 73
160 76
160 77
160 78
160 79
160 80
160 82
160 83
160 84
160 85
160 86
160 87
160 90
160 91
160 92
160 93
160 94
160 95
160 96
160 97
160 98
160 99
160 111
160 112
160 113
160 114
160 115
160 116
160 117
160 119
160 120
160 122
160 124
160 126
160 127
160 130
160 131
160 132
160 133
160 135
160 136
160 138
160 139
160 141
160 142
160 143
160 144
160 145
160 146
160 161
160 162
160 163
160 164
160 165
160 166
160 167
160 168
160 171
160 172
160 173
160 174
160 175
160 176
160 177
160 178
160 179
160 181
160 182
160 183
160 184
160 188
160 189
160 191
160 193
160 194
160 196
160 198
160 199
161 12
161 13
161 15
161 16
161 17
161 18
161 19
161 21
161 22
161 24
161 26
161 28
161 29
161 30
161 34
161 35
161 37
161 38
161 39
161 40
161 41
161 44
161 45
161 46
161 47
161 48
161 49
161 62
161 63
161 64
161 66
161 67
161 68
161 69
161 71
161 74
161 75
161 76
161 77
161 78
161 79
161 80
161 81
161 82
161 83
161 84
161 85
161 88
161 90
161 92
161 93
161 95
161 96
161 99
161 112
161 113
161 114
161 115
161 116
161 118
161 119
161 121
161 122
161 123
161 124
161 126
161 127
161 128
161 129
161 130
161 132
161 133
161 134
161 135
161 136
161 137
161 139
161 142
161 144
161 145
161 146
161 148
161 162
161 163
161 164
161 165
161 166
161 167
161 168
161 169
161 170
161 171
161 173
161 175
161 176
161 178
161 179
161 180
161 181
161 182
161 183
161 184
161 185
161 186
161 187
161 188
161 189
161 192
161 193
161 194
161 196
161 197
161 198
161 199
162 14
162 15
162 16
162 17
162 19
162 22
162 27
162 28
162 29
162 31
162 33
162 34
162 36
162 37
162 38
162 40
162 44
162 45
162 47
162 49
162 65
162 66
162 70
162 72
162 73
162 74
162 75
162 77
162 78
162 79
162 80
162 81
162 83
162 84
162 86
162 87
162 88
162 91
162 92
162 93
162 95
162 98
162 99
162 113
162 114
162 116
162 117
162 120
162 123
162 126
162 127
162 129
162 132
162 133
162 134
162 137
162 141
162 143
162 144
162 146
162 147
162 148
162 163
162 164
162 165
162 168
162 170
162 175
162 176
162 178
162 184
162 185
162 188
162 190
162 193
162 195
162 196
163 18
163 19
163 20
163 21
163 22
163 23
163 24
163 26
163 27
163 29
163 30
163 31
163 32
163 33
163 37
163 39
163 40
163 42
163 43
163 48
163 49
163 64
163 65
163 66
163 67
163 68
163 70
163 71
163 75
163 76
163 78
163 80
163 82
163 86
163 87
163 88
163 89
163 90
163 91
163 92
163 96
163 117
163 118
163 120
163 121
163 125
163 130
163 131
163 135
163 136
163 137
163 138
163 139
163 142
163 145
163 147
163 165
163 166
163 169
163 170
163 173
163 174
163 176
163 177
163 178
163 179
163 185
163 188
163 190
163 191
163 194
163 197
163 199
164 15
164 16
164 17
164 18
164 19
164 21
164 22
164 23
164 25
164 26
164 27
164 29
164 30
164 31
164 32
164 33
164 34
164 35
164 36
164 37
164 38
164 39
164 40
164 41
164 42
164 43
164 44
164 45
164 46
164 47
164 48
164 49
164 65
164 66
164 67
164 68
164 69
164 70
164 71
164 72
164 73
164 74
164 75
164 76
164 77
164 78
164 79
164 80
164 81
164 82
164 83
164 84
164 85
164 86
164 88
164 89
164 90
164 91
164 92
164 93
164 94
164 95
164 96
164 97
164 98
164 99
164 115
164 116
164 117
164 118
164 119
164 120
164 121
164 122
164 123
164 124
164 125
164 127
164 128
164 129
164 130
164 131
164 132
164 133
164 134
164 135
164 136
164 137
164 138
164 139
164 140
164 141
164 142
164 143
164 144
164 145
164 146
164 147
164 148
164 149
164 165
164 166
164 167
164 168
164 169
164 171
164 172
164 173
164 174
164 175
164 176
164 177
164 178
164 179
164 180
164 181
164 182
164 183
164 184
164 185
164 187
164 188
164 189
164 190
164 191
164 192
164 193
164 194
164 195
164 196
164 197
164 198
164 199
165 16
165 17
165 18
165 19
165 20
165 21
165 22
165 23
165 24
165 25
165 26
165 27
165 28
165 29
165 30
165 31
165 32
165 33
165 34
165 35
165 36
165 37
165 38
165 39
165 40
165 41
165 42
165 43
165 44
165 45
165 46
165 47
165 48
165 49
165 66
165 68
165 69
165 70
165 71
165 72
165 73
165 74
165 75
165 76
165 77
165 78
165 79
165 80
165 81
165 82
165 83
165 84
165 85
165 86
165 87
165 88
165 89
165 90
165 91
165 92
165 93
165 94
165 95
165 96
165 97
165 98
165 99
165 116
165 117
165 118
165 119
165 120
165 122
165 123
165 124
165 125
165 126
165 127
165 128
165 129
165 130
165 131
165 132
165 133
165 134
165 135
165 136
165 137
165 138
165 140
165 141
165 142
165 143
165 144
165 145
165 146
165 147
165 148
165 149
165 166
165 167
165 168
165 169
165 170
165 172
165 173
165 174
165 175
165 176
165 177
165 178
165 179
165 180
165 181
165 182
165 183
165 184
165 185
165 186
165 187
165 188
165 189
165 190
165 191
165 192
165 193
165 194
165 195
165 196
165 197
165 198
165 199
166 17
166 18
166 19
166 20
166 21
166 24
166 25
166 26
166 27
166 28
166 29
166 30
166 31
166 32
166 33
166 34
166 35
166 36
166 37
166 38
166 39
166 40
166 41
166 42
166 43
166 44
166 45
166 46
166 48
166 49
166 67
166 68
166 70
166 71
166 73
166 74
166 75
166 76
166 77
166 78
166 79
166 80
166 81
166 82
166 83
166 85
166 86
166 87
166 88
166 89
166 90
166 91
166 92
166 93
166 95
166 96
166 97
166 98
166 99
166 117
166 118
166 119
166 120
166 121
166 122
166 123
166 124
166 125
166 126
166 127
166 128
166 129
166 130
166 131
166 132
166 133
166 134
166 135
166 136
166 137
166 138
166 139
166 140
166 141
166 142
166 143
166 144
166 145
166 146
166 147
166 148
166 149
166 167
166 168
166 169
166 170
166 171
166 172
166 173
166 176
166 178
166 179
166 180
166 181
166 182
166 183
166 184
166 185
166 186
166 187
166 189
166 190
166 191
166 192
166 193
166 194
166 195
166 196
166 197
166 198
167 20
167 23
167 26
167 30
167 31
167 32
167 34
167 37
167 38
167 41
167 42
167 45
167 46
167 47
167 48
167 49
167 70
167 71
167 72
167 73
167 75
167 76
167 78
167 79
167 82
167 86
167 87
167 91
167 93
167 95
167 96
167 118
167 119
167 120
167 126
167 134
167 136
167 138
167 140
167 141
167 145
167 147
167 149
167 168
167 169
167 173
167 174
167 175
167 179
167 182
167 184
167 187
167 191
167 195
167 196
167 198
168 20
168 21
168 22
168 23
168 24
168 25
168 28
168 32
168 35
168 38
168 39
168 40
168 41
168 42
168 45
168 71
168 73
168 75
168 76
168 77
168 79
168 81
168 82
168 83
168 85
168 86
168 89
168 92
168 93
168 96
168 97
168 99
168 120
168 121
168 125
168 129
168 132
168 134
168 136
168 137
168 142
168 143
168 144
168 146
168 148
168 149
168 172
168 173
168 174
168 179
168 181
168 182
168 183
168 184
168 185
168 187
168 188
168 189
168 193
168 194
168 195
168 196
168 198
168 199
169 21
169 22
169 29
169 30
169 32
169 36
169 37
169 39
169 41
169 47
169 48
169 70
169 73
169 75
169 76
169 78
169 83
169 85
169 86
169 91
169 93
169 95
169 96
169 97
169 99
169 124
169 125
169 126
169 127
169 128
169 129
169 131
169 132
169 134
169 135
169 136
169 138
169 142
169 144
169 148
169 174
169 177
169 178
169 179
169 182
169 184
169 196
169 199
170 21
170 22
170 23
170 25
170 27
170 28
170 29
170 31
170 32
170 33
170 34
170 35
170 36
170 37
170 39
170 40
170 41
170 42
170 43
170 44
170 45
170 46
170 47
170 48
170 49
170 72
170 73
170 75
170 78
170 79
170 80
170 81
170 82
170 83
170 84
170 85
170 86
170 87
170 89
170 90
170 91
170 92
170 93
170 94
170 95
170 96
170 97
170 98
170 99
170 121
170 122
170 123
170 124
170 125
170 126
170 127
170 128
170 129
170 130
170 132
170 137
170 138
170 139
170 141
170 142
170 143
170 144
170 145
170 146
170 171
170 172
170 174
170 176
170 177
170 178
170 180
170 181
170 182
170 183
170 185
170 186
170 187
170 189
170 190
170 191
170 192
170 193
170 194
170 196
170 197
170 199
171 22
171 26
171 30
171 34
171 35
171 43
171 47
171 72
171 76
171 88
171 93
171 122
171 123
171 143
171 173
171 177
171 178
171 187
171 190
171 196
171 197
172 23
172 26
172 28
172 31
172 34
172 35
172 39
172 40
172 42
172 44
172 74
172 76
172 82
172 91
172 94
172 96
172 97
172 98
172 99
172 123
172 126
172 136
172 143
172 144
172 177
172 179
172 182
172 183
172 189
172 196
173 38
173 39
173 40
173 42
173 75
173 76
173 79
173 82
173 84
173 88
173 98
173 125
173 134
173 135
173 142
173 148
173 177
173 185
173 188
173 191
174 25
174 26
174 27
174 28
174 33
174 34
174 35
174 37
174 39
174 40
174 41
174 48
174 75
174 78
174 79
174 84
174 86
174 87
174 89
174 94
174 97
174 128
174 134
174 135
174 143
174 148
174 176
174 178
174 179
174 181
174 182
174 185
174 186
174 187
174 189
174 196
174 197
174 199
175 27
175 39
175 41
175 42
175 46
175 78
175 81
175 87
175 96
175 97
175 99
175 126
175 127
175 130
175 137
175 141
175 146
175 147
175 148
175 149
175 177
175 181
175 183
175 190
175 195
175 196
176 27
176 29
176 31
176 32
176 34
176 35
176 36
176 42
176 43
176 47
176 78
176 79
176 84
176 89
176 93
176 97
176 99
176 127
176 128
176 130
176 132
176 136
176 140
176 142
176 144
176 146
176 149
176 177
176 182
176 183
176 184
176 186
176 190
176 193
176 194
176 196
176 198
176 199
177 28
177 29
177 30
177 31
177 32
177 33
177 34
177 35
177 36
177 37
177 38
177 39
177 42
177 43
177 44
177 45
177 46
177 47
177 49
177 79
177 80
177 81
177 83
177 84
177 85
177 86
177 87
177 88
177 89
177 90
177 91
177 92
177 95
177 96
177 97
177 98
177 128
177 129
177 130
177 131
177 132
177 133
177 134
177 135
177 136
177 137
177 138
177 139
177 140
177 141
177 143
177 145
177 147
177 148
177 149
177 178
177 179
177 180
177 181
177 182
177 183
177 184
177 185
177 186
177 187
177 188
177 189
177 190
177 191
177 192
177 193
177 194
177 195
177 196
177 197
177 198
177 199
178 29
178 30
178 31
178 33
178 34
178 35
178 36
178 37
178 38
178 39
178 40
178 41
178 42
178 43
178 44
178 45
178 46
178 47
178 48
178 49
178 79
178 80
178 81
178 82
178 83
178 84
178 85
178 86
178 87
178 88
178 89
178 90
178 91
178 92
178 93
178 94
178 95
178 96
178 97
178 98
178 99
178 129
178 130
178 131
178 132
178 133
178 134
178 135
178 136
178 137
178 138
178 139
178 140
178 141
178 142
178 143
178 144
178 145
178 146
178 147
178 148
178 149
178 179
178 180
178 181
178 182
178 183
178 184
178 185
178 186
178 187
178 188
178 189
178 190
178 191
178 192
178 193
178 194
178 195
178 196
178 197
178 198
178 199
179 30
179 31
179 32
179 34
179 39
179 40
179 41
179 42
179 43
179 44
179 46
179 47
179 80
179 83
179 86
179 90
179 92
179 94
179 97
179 98
179 99
179 133
179 134
179 136
179 137
179 140
179 148
179 149
179 180
179 182
179 184
179 188
179 189
179 193
179 194
179 195
179 197
179 199
180 31
180 32
180 35
180 37
180 38
180 40
180 43
180 44
180 47
180 49
180 81
180 83
180 84
180 85
180 87
180 88
180 92
180 93
180 95
180 96
180 97
180 98
180 99
180 131
180 132
180 133
180 134
180 135
180 137
180 138
180 141
180 144
180 145
180 146
180 182
180 183
180 185
180 186
180 187
180 188
180 189
180 190
180 191
180 193
180 194
180 196
180 197
180 198
181 33
181 36
181 38
181 39
181 40
181 41
181 43
181 44
181 45
181 49
181 82
181 83
181 84
181 85
181 92
181 95
181 98
181 132
181 133
181 135
181 138
181 141
181 142
181 144
181 145
181 146
181 149
181 192
181 198
181 199
182 33
182 39
182 40
182 44
182 97
182 133
182 138
182 141
182 144
182 183
182 199
183 34
183 35
183 36
183 37
183 38
183 39
183 41
183 42
183 43
183 46
183 47
183 48
183 49
183 84
183 86
183 88
183 89
183 91
183 95
183 96
183 97
183 134
183 135
183 137
183 142
183 143
183 144
183 145
183 146
183 148
183 187
183 188
183 190
183 193
183 195
183 197
184 35
184 36
184 37
184 38
184 41
184 46
184 47
184 49
184 86
184 89
184 90
184 94
184 95
184 99
184 137
184 142
184 143
184 145
184 146
184 147
184 148
184 149
184 185
184 187
184 190
184 198
185 37
185 38
185 44
185 46
185 47
185 87
185 88
185 91
185 98
185 99
185 136
185 137
185 142
185 143
185 146
185 186
185 189
185 192
185 199
186 38
186 39
186 41
186 42
186 43
186 44
186 45
186 46
186 49
186 89
186 90
186 91
186 96
186 99
186 140
186 142
186 143
186 144
186 145
186 147
186 148
186 149
186 189
186 190
186 191
186 192
186 195
186 196
187 40
187 41
187 45
187 47
187 88
187 93
187 95
187 98
187 142
187 144
187 194
187 195
188 39
188 40
188 41
188 42
188 43
188 44
188 45
188 46
188 47
188 48
188 49
188 89
188 90
188 91
188 92
188 93
188 94
188 95
188 96
188 97
188 98
188 99
188 139
188 140
188 141
188 142
188 143
188 144
188 145
188 146
188 147
188 148
188 149
188 189
188 190
188 191
188 192
188 193
188 195
188 196
188 197
188 198
188 199
189 40
189 41
189 42
189 43
189 44
189 45
189 46
189 47
189 48
189 49
189 90
189 91
189 92
189 93
189 94
189 95
189 96
189 97
189 98
189 140
189 141
189 142
189 143
189 144
189 145
189 146
189 147
189 148
189 149
189 190
189 191
189 192
189 193
189 194
189 195
189 196
189 197
189 198
189 199
190 44
190 91
190 94
190 98
190 142
190 143
190 144
190 147
190 149
190 191
190 193
190 195
190 198
190 199
191 42
191 43
191 44
191 45
191 47
191 48
191 49
191 92
191 93
191 94
191 95
191 96
191 97
191 98
191 99
191 142
191 143
191 144
191 145
191 146
191 147
191 148
191 149
191 192
191 194
191 195
191 196
191 197
191 198
191 199
192 48
192 93
192 97
192 144
192 149
192 193
192 196
193 94
193 99
193 144
193 146
194 45
194 46
194 47
194 48
194 49
194 95
194 96
194 97
194 98
194 99
194 145
194 146
194 147
194 148
194 195
194 196
194 197
194 198
194 199
195 46
195 48
195 96
195 97
195 99
195 148
195 149
195 199
196 48
196 49
196 98
196 149
196 197
197 48
198 149
