200
0 400 3.9
1 400 3.9
2 400 3.9
3 400 3.9
4 400 3.9
5 400 3.9
6 400 3.9
7 400 3.9
8 400 3.9
9 400 3.9
10 400 3.9
11 400 3.9
12 400 3.9
13 400 3.9
14 400 3.9
15 400 3.9
16 400 3.9
17 400 3.9
18 400 3.9
19 400 3.9
20 400 3.8
21 400 3.8
22 400 3.8
23 400 3.8
24 400 3.8
25 400 3.8
26 400 3.8
27 400 3.8
28 400 3.8
29 400 3.8
30 400 3.8
31 400 3.8
32 400 3.8
33 400 3.8
34 400 3.8
35 400 3.8
36 400 3.8
37 400 3.8
38 400 3.8
39 400 3.8
40 400 3.9
41 400 3.9
42 400 3.9
43 400 3.9
44 400 3.9
45 400 3.9
46 400 3.9
47 400 3.9
48 400 3.9
49 400 3.9
50 400 3.7
51 400 3.7
52 400 3.7
53 400 3.7
54 400 3.7
55 400 3.7
56 400 3.7
57 400 3.7
58 400 3.7
59 400 3.7
60 400 3.7
61 400 3.7
62 400 3.7
63 400 3.7
64 400 3.7
65 400 3.7
66 400 3.7
67 400 3.7
68 400 3.7
69 400 3.7
70 400 3.9
71 400 3.9
72 400 3.9
73 400 3.9
74 400 3.9
75 400 3.9
76 400 3.9
77 400 3.9
78 400 3.9
79 400 3.9
80 400 3.9
81 400 3.9
82 400 3.9
83 400 3.9
84 400 3.9
85 400 3.9
86 400 3.9
87 400 3.9
88 400 3.9
89 400 3.9
90 400 3.9
91 400 3.9
92 400 3.9
93 400 3.9
94 400 3.9
95 400 3.9
96 400 3.9
97 400 3.9
98 400 3.9
99 400 3.9
100 400 3.9
101 400 3.9
102 400 3.9
103 400 3.9
104 400 3.9
105 400 3.9
106 400 3.9
107 400 3.9
108 400 3.9
109 400 3.9
110 400 3.7
111 400 3.7
112 400 3.7
113 400 3.7
114 400 3.7
115 400 3.7
116 400 3.7
117 400 3.7
118 400 3.7
119 400 3.7
120 400 3.7
121 400 3.7
122 400 3.7
123 400 3.7
124 400 3.7
125 400 3.7
126 400 3.7
127 400 3.7
128 400 3.7
129 400 3.7
130 400 3.7
131 400 3.7
132 400 3.7
133 400 3.7
134 400 3.7
135 400 3.7
136 400 3.7
137 400 3.7
138 400 3.7
139 400 3.7
140 400 3.7
141 400 3.7
142 400 3.7
143 400 3.7
144 400 3.7
145 400 3.7
146 400 3.7
147 400 3.7
148 400 3.7
149 400 3.7
150 400 3.7
151 400 3.7
152 400 3.7
153 400 3.7
154 400 3.7
155 400 3.7
156 400 3.7
157 400 3.7
158 400 3.7
159 400 3.7
160 400 3.9
161 400 3.9
162 400 3.9
163 400 3.9
164 400 3.9
165 400 3.9
166 400 3.9
167 400 3.9
168 400 3.9
169 400 3.9
170 400 3.7
171 400 3.7
172 400 3.7
173 400 3.7
174 400 3.7
175 400 3.7
176 400 3.7
177 400 3.7
178 400 3.7
179 400 3.7
180 400 3.8
181 400 3.8
182 400 3.8
183 400 3.8
184 400 3.8
185 400 3.8
186 400 3.8
187 400 3.8
188 400 3.8
189 400 3.8
190 400 3.9
191 400 3.9
192 400 3.9
193 400 3.9
194 400 3.9
195 400 3.9
196 400 3.9
197 400 3.9
198 400 3.9
199 400 3.9
0 1
0 2
0 3
0 4
0 12
0 14
0 23
0 27
0 29
0 41
0 42
0 43
0 46
0 48
0 49
0 51
0 52
0 53
0 54
0 55
0 56
0 57
0 59
0 61
0 62
0 65
0 66
0 68
0 73
0 76
0 78
0 79
0 82
0 83
0 84
0 87
0 89
0 92
0 94
0 96
0 99
0 101
0 102
0 105
0 106
0 107
0 112
0 113
0 114
0 116
0 118
0 123
0 125
0 126
0 127
0 129
0 131
0 132
0 133
0 136
0 137
0 138
0 141
0 143
0 144
0 145
0 148
0 149
0 151
0 152
0 155
0 157
0 159
0 166
0 172
0 173
0 178
0 179
0 182
0 183
0 184
0 188
0 195
0 198
0 199
1 2
1 3
1 4
1 8
1 9
1 12
1 13
1 15
1 16
1 17
1 18
1 19
1 22
1 23
1 24
1 25
1 26
1 27
1 28
1 29
1 32
1 33
1 34
1 36
1 38
1 39
1 42
1 43
1 44
1 45
1 46
1 47
1 48
1 49
1 52
1 54
1 55
1 56
1 57
1 58
1 59
1 62
1 64
1 65
1 67
1 68
1 69
1 72
1 73
1 74
1 75
1 76
1 77
1 78
1 82
1 83
1 84
1 86
1 87
1 88
1 89
1 92
1 93
1 95
1 96
1 99
1 103
1 104
1 105
1 108
1 113
1 114
1 115
1 116
1 122
1 123
1 124
1 126
1 127
1 128
1 129
1 132
1 133
1 134
1 137
1 142
1 143
1 148
1 149
1 152
1 154
1 156
1 158
1 159
1 162
1 166
1 167
1 169
1 172
1 173
1 174
1 177
1 178
1 179
1 183
1 185
1 186
1 187
1 189
1 192
1 193
1 195
1 196
1 199
2 3
2 4
2 5
2 6
2 7
2 8
2 9
2 13
2 14
2 15
2 16
2 17
2 19
2 23
2 25
2 26
2 28
2 29
2 34
2 35
2 36
2 37
2 38
2 39
2 43
2 44
2 45
2 46
2 47
2 48
2 49
2 54
2 55
2 56
2 57
2 59
2 63
2 64
2 65
2 67
2 68
2 74
2 76
2 77
2 78
2 79
2 83
2 84
2 85
2 86
2 87
2 88
2 89
2 93
2 94
2 95
2 96
2 97
2 98
2 103
2 104
2 105
2 106
2 107
2 108
2 109
2 113
2 115
2 116
2 117
2 118
2 119
2 123
2 124
2 125
2 127
2 129
2 133
2 134
2 135
2 136
2 137
2 138
2 139
2 143
2 144
2 145
2 146
2 147
2 148
2 149
2 153
2 154
2 155
2 156
2 157
2 158
2 159
2 163
2 165
2 166
2 167
2 169
2 173
2 174
2 175
2 176
2 177
2 178
2 179
2 183
2 184
2 185
2 186
2 187
2 188
2 189
2 193
2 194
2 195
2 196
2 197
2 198
2 199
3 4
3 5
3 6
3 7
3 8
3 9
3 14
3 15
3 16
3 18
3 19
3 24
3 25
3 26
3 27
3 28
3 34
3 35
3 37
3 38
3 39
3 45
3 48
3 49
3 57
3 59
3 64
3 65
3 66
3 67
3 68
3 69
3 74
3 75
3 76
3 77
3 78
3 79
3 84
3 85
3 86
3 87
3 88
3 89
3 94
3 95
3 96
3 97
3 99
3 104
3 105
3 106
3 107
3 108
3 109
3 114
3 116
3 117
3 118
3 119
3 124
3 125
3 127
3 128
3 129
3 134
3 135
3 136
3 137
3 139
3 144
3 145
3 146
3 147
3 148
3 149
3 154
3 155
3 156
3 159
3 164
3 165
3 166
3 167
3 169
3 174
3 175
3 176
3 177
3 178
3 179
3 185
3 186
3 187
3 188
3 189
3 194
3 195
3 196
3 197
3 198
4 7
4 9
4 16
4 17
4 18
4 19
4 25
4 26
4 27
4 36
4 46
4 47
4 48
4 57
4 58
4 66
4 69
4 75
4 76
4 78
4 79
4 86
4 87
4 88
4 95
4 97
4 98
4 99
4 105
4 118
4 125
4 126
4 127
4 129
4 145
4 147
4 148
4 158
4 159
4 165
4 168
4 175
4 177
4 179
4 187
4 188
4 189
4 197
5 6
5 16
5 18
5 19
5 26
5 28
5 29
5 36
5 37
5 38
5 39
5 46
5 47
5 48
5 56
5 57
5 58
5 59
5 66
5 67
5 78
5 79
5 86
5 87
5 89
5 96
5 97
5 98
5 99
5 107
5 116
5 118
5 119
5 126
5 127
5 128
5 136
5 138
5 147
5 156
5 159
5 168
5 169
5 176
5 177
5 178
5 186
5 188
5 189
5 197
6 17
6 28
6 88
6 99
6 117
6 129
6 157
6 158
6 168
6 177
6 179
6 187
6 188
6 198
6 199
7 18
7 19
7 39
7 58
7 59
7 98
7 99
7 109
7 118
7 119
7 139
7 198
8 9
8 19
8 29
8 39
8 79
8 99
8 129
8 139
8 159
8 169
8 199
10 1
10 2
10 3
10 4
10 5
10 6
10 7
10 8
10 9
10 11
10 12
10 13
10 14
10 15
10 16
10 17
10 18
10 19
10 23
10 24
10 25
10 26
10 27
10 28
10 29
10 31
10 32
10 33
10 34
10 35
10 37
10 39
10 41
10 42
10 43
10 44
10 45
10 46
10 47
10 48
10 49
10 51
10 52
10 53
10 54
10 55
10 56
10 57
10 58
10 59
10 61
10 62
10 63
10 64
10 65
10 66
10 67
10 68
10 69
10 71
10 72
10 73
10 74
10 75
10 76
10 77
10 78
10 79
10 81
10 83
10 84
10 85
10 86
10 88
10 89
10 91
10 92
10 94
10 95
10 96
10 97
10 101
10 102
10 103
10 104
10 105
10 106
10 107
10 109
10 111
10 112
10 113
10 114
10 115
10 116
10 117
10 118
10 119
10 121
10 122
10 123
10 124
10 125
10 126
10 127
10 128
10 129
10 131
10 132
10 133
10 134
10 135
10 137
10 138
10 139
10 141
10 142
10 143
10 144
10 145
10 146
10 147
10 148
10 149
10 151
10 152
10 153
10 154
10 155
10 156
10 158
10 159
10 161
10 162
10 163
10 164
10 165
10 166
10 167
10 168
10 169
10 171
10 172
10 173
10 174
10 175
10 178
10 179
10 181
10 182
10 183
10 184
10 185
10 186
10 187
10 188
10 189
10 191
10 192
10 193
10 194
10 195
10 197
10 198
10 199
11 3
11 8
11 14
11 16
11 17
11 23
11 24
11 26
11 27
11 32
11 39
11 42
11 43
11 45
11 48
11 53
11 54
11 55
11 56
11 57
11 58
11 62
11 64
11 65
11 68
11 69
11 72
11 75
11 76
11 77
11 79
11 84
11 86
11 87
11 88
11 92
11 95
11 97
11 99
11 109
11 113
11 126
11 127
11 134
11 139
11 146
11 147
11 153
11 154
11 155
11 158
11 159
11 162
11 164
11 172
11 174
11 176
11 182
11 184
11 185
11 193
11 194
11 195
12 3
12 4
12 5
12 6
12 7
12 8
12 9
12 13
12 16
12 17
12 18
12 19
12 23
12 24
12 26
12 27
12 29
12 33
12 34
12 35
12 36
12 38
12 43
12 45
12 46
12 48
12 49
12 55
12 56
12 57
12 59
12 64
12 65
12 66
12 67
12 68
12 69
12 73
12 74
12 75
12 79
12 84
12 85
12 86
12 87
12 88
12 89
12 93
12 95
12 96
12 104
12 105
12 106
12 107
12 113
12 119
12 124
12 125
12 127
12 128
12 133
12 134
12 136
12 137
12 138
12 144
12 145
12 148
12 149
12 153
12 154
12 155
12 156
12 164
12 165
12 168
12 169
12 173
12 174
12 175
12 176
12 178
12 179
12 183
12 185
12 187
12 189
12 193
12 194
12 196
12 198
13 4
13 7
13 8
13 14
13 16
13 17
13 24
13 26
13 29
13 34
13 38
13 39
13 44
13 54
13 55
13 56
13 59
13 67
13 69
13 74
13 75
13 85
13 86
13 87
13 89
13 94
13 95
13 97
13 105
13 107
13 108
13 109
13 115
13 118
13 127
13 129
13 135
13 138
13 144
13 154
13 155
13 157
13 158
13 164
13 168
13 175
13 176
13 177
13 185
13 189
13 195
13 196
13 198
14 6
14 9
14 19
14 35
14 37
14 45
14 47
14 55
14 69
14 77
14 79
14 88
14 89
14 96
14 98
14 108
14 109
14 115
14 117
14 129
14 135
14 137
14 145
14 146
14 147
14 155
14 157
14 159
14 166
14 179
14 186
14 189
14 195
14 196
14 197
14 198
14 199
15 6
15 7
15 8
15 9
15 17
15 18
15 27
15 28
15 29
15 36
15 37
15 38
15 39
15 46
15 47
15 49
15 56
15 57
15 58
15 59
15 66
15 67
15 68
15 69
15 76
15 77
15 78
15 79
15 86
15 88
15 96
15 97
15 99
15 106
15 107
15 108
15 109
15 116
15 117
15 118
15 119
15 126
15 127
15 128
15 129
15 136
15 137
15 138
15 146
15 147
15 148
15 156
15 157
15 158
15 159
15 166
15 167
15 168
15 169
15 176
15 177
15 178
15 186
15 187
15 188
15 189
15 196
15 197
15 198
15 199
16 8
16 18
16 19
16 27
16 28
16 38
16 39
16 48
16 49
16 57
16 58
16 68
16 69
16 78
16 87
16 88
16 89
16 97
16 98
16 107
16 109
16 117
16 118
16 119
16 127
16 128
16 129
16 137
16 139
16 148
16 149
16 158
16 167
16 168
16 169
16 188
16 189
16 197
16 198
16 199
17 8
17 9
17 18
17 19
17 28
17 38
17 39
17 48
17 49
17 58
17 69
17 78
17 79
17 89
17 98
17 99
17 108
17 109
17 118
17 119
17 128
17 129
17 138
17 139
17 148
17 149
17 158
17 159
17 169
17 178
17 179
17 188
17 189
17 198
17 199
18 9
18 29
18 39
18 49
18 59
18 69
18 79
18 89
18 99
18 109
18 119
18 129
18 149
18 159
18 169
18 179
18 199
20 5
20 6
20 8
20 32
20 33
20 41
20 51
20 82
20 94
20 102
20 107
20 108
20 116
20 123
20 137
20 142
20 151
20 164
20 181
20 184
20 186
20 192
20 194
20 195
20 199
21 2
21 14
21 16
21 26
21 27
21 32
21 33
21 35
21 36
21 39
21 42
21 44
21 46
21 47
21 54
21 56
21 57
21 64
21 69
21 75
21 78
21 79
21 84
21 88
21 94
21 95
21 102
21 104
21 107
21 109
21 114
21 116
21 122
21 128
21 132
21 142
21 158
21 162
21 163
21 166
21 179
21 192
21 194
21 195
21 196
21 197
22 4
22 5
22 6
22 7
22 9
22 14
22 16
22 17
22 18
22 19
22 23
22 26
22 27
22 28
22 29
22 33
22 34
22 35
22 37
22 38
22 39
22 46
22 47
22 48
22 49
22 53
22 56
22 57
22 58
22 59
22 63
22 64
22 65
22 67
22 68
22 69
22 73
22 74
22 75
22 76
22 77
22 78
22 83
22 85
22 88
22 93
22 94
22 95
22 96
22 97
22 98
22 99
22 106
22 107
22 108
22 109
22 113
22 114
22 116
22 118
22 119
22 123
22 127
22 128
22 129
22 134
22 135
22 136
22 138
22 144
22 145
22 146
22 147
22 148
22 149
22 153
22 154
22 155
22 156
22 157
22 159
22 163
22 164
22 167
22 168
22 169
22 173
22 174
22 175
22 177
22 178
22 179
22 186
22 187
22 188
22 193
22 194
22 195
22 196
22 197
22 199
23 6
23 7
23 9
23 16
23 18
23 24
23 29
23 34
23 35
23 36
23 38
23 39
23 44
23 54
23 55
23 56
23 58
23 64
23 65
23 66
23 67
23 75
23 77
23 78
23 87
23 89
23 95
23 97
23 98
23 99
23 105
23 115
23 116
23 124
23 126
23 129
23 135
23 138
23 139
23 145
23 147
23 149
23 154
23 158
23 165
23 166
23 167
23 169
23 174
23 175
23 176
23 178
23 188
23 189
23 195
23 198
23 199
24 16
24 37
24 38
24 46
24 49
24 85
24 86
24 125
24 137
24 145
24 166
24 167
25 19
25 66
25 68
25 76
25 96
25 99
25 107
25 127
25 136
26 19
26 27
26 28
26 29
26 39
26 57
26 58
26 68
26 77
26 79
26 89
26 98
26 99
26 108
26 109
26 127
26 137
26 139
26 147
26 148
26 149
26 167
26 168
26 178
26 179
26 188
26 189
26 198
26 199
27 28
27 138
28 9
28 29
28 49
28 69
28 79
28 89
28 99
28 109
28 119
28 129
28 139
28 149
28 159
28 169
28 179
28 199
30 3
30 12
30 13
30 14
30 17
30 18
30 24
30 27
30 32
30 36
30 43
30 46
30 47
30 48
30 49
30 62
30 63
30 64
30 75
30 84
30 85
30 86
30 87
30 89
30 91
30 102
30 107
30 108
30 111
30 112
30 113
30 115
30 119
30 123
30 129
30 131
30 135
30 137
30 141
30 144
30 155
30 158
30 176
30 178
30 184
30 185
30 193
30 195
30 196
31 2
31 3
31 5
31 6
31 7
31 8
31 9
31 12
31 13
31 14
31 15
31 16
31 17
31 18
31 19
31 22
31 23
31 25
31 26
31 27
31 28
31 29
31 32
31 36
31 37
31 38
31 39
31 43
31 44
31 45
31 47
31 49
31 53
31 54
31 56
31 57
31 58
31 59
31 62
31 63
31 64
31 65
31 66
31 67
31 68
31 69
31 72
31 73
31 74
31 75
31 76
31 77
31 78
31 79
31 84
31 86
31 88
31 92
31 93
31 94
31 95
31 96
31 98
31 102
31 103
31 104
31 106
31 107
31 112
31 113
31 114
31 115
31 116
31 117
31 118
31 119
31 122
31 124
31 126
31 127
31 128
31 133
31 135
31 136
31 137
31 138
31 144
31 145
31 146
31 148
31 154
31 155
31 156
31 157
31 158
31 162
31 163
31 164
31 165
31 166
31 167
31 168
31 172
31 173
31 174
31 175
31 177
31 179
31 182
31 183
31 184
31 185
31 186
31 188
31 189
31 192
31 193
31 194
31 195
31 196
31 197
31 198
31 199
32 3
32 4
32 5
32 6
32 7
32 8
32 9
32 13
32 14
32 15
32 16
32 18
32 19
32 23
32 24
32 25
32 26
32 27
32 28
32 29
32 33
32 34
32 35
32 36
32 37
32 38
32 39
32 43
32 44
32 45
32 46
32 47
32 48
32 49
32 53
32 54
32 55
32 57
32 58
32 63
32 64
32 65
32 66
32 67
32 68
32 69
32 73
32 74
32 76
32 78
32 83
32 85
32 86
32 87
32 88
32 89
32 93
32 94
32 95
32 96
32 97
32 98
32 99
32 103
32 104
32 105
32 106
32 107
32 109
32 113
32 115
32 116
32 117
32 118
32 119
32 123
32 125
32 126
32 127
32 128
32 129
32 133
32 135
32 136
32 137
32 139
32 143
32 144
32 145
32 146
32 147
32 148
32 149
32 153
32 154
32 155
32 156
32 157
32 159
32 163
32 164
32 165
32 166
32 167
32 168
32 173
32 174
32 175
32 176
32 177
32 178
32 179
32 183
32 184
32 185
32 186
32 187
32 188
32 189
32 193
32 194
32 196
32 197
32 198
32 199
33 4
33 5
33 6
33 7
33 8
33 9
33 14
33 15
33 16
33 17
33 18
33 19
33 24
33 26
33 27
33 28
33 29
33 35
33 36
33 37
33 38
33 39
33 44
33 45
33 47
33 48
33 49
33 54
33 56
33 57
33 58
33 59
33 64
33 65
33 67
33 68
33 69
33 74
33 75
33 76
33 77
33 78
33 79
33 84
33 85
33 86
33 88
33 89
33 94
33 95
33 96
33 98
33 99
33 104
33 105
33 106
33 107
33 108
33 109
33 114
33 115
33 116
33 117
33 118
33 119
33 124
33 125
33 126
33 127
33 128
33 129
33 134
33 135
33 136
33 137
33 138
33 139
33 144
33 145
33 146
33 147
33 148
33 149
33 154
33 156
33 157
33 158
33 159
33 164
33 165
33 166
33 167
33 168
33 169
33 174
33 175
33 176
33 177
33 178
33 179
33 184
33 185
33 186
33 187
33 188
33 189
33 194
33 195
33 196
33 197
33 198
33 199
34 5
34 6
34 7
34 8
34 9
34 15
34 17
34 18
34 19
34 25
34 26
34 27
34 28
34 29
34 35
34 36
34 37
34 38
34 39
34 45
34 47
34 48
34 55
34 56
34 57
34 58
34 59
34 65
34 66
34 67
34 68
34 69
34 75
34 76
34 77
34 78
34 85
34 86
34 87
34 88
34 89
34 95
34 96
34 97
34 98
34 99
34 105
34 106
34 107
34 108
34 109
34 115
34 116
34 118
34 119
34 125
34 126
34 127
34 128
34 135
34 136
34 137
34 138
34 139
34 145
34 146
34 147
34 148
34 149
34 155
34 156
34 158
34 159
34 165
34 166
34 167
34 168
34 169
34 175
34 176
34 177
34 178
34 179
34 185
34 186
34 187
34 189
34 195
34 196
34 197
34 198
34 199
35 7
35 9
35 18
35 19
35 26
35 27
35 28
35 36
35 38
35 39
35 46
35 47
35 48
35 58
35 59
35 66
35 67
35 76
35 78
35 86
35 88
35 96
35 97
35 98
35 106
35 108
35 116
35 117
35 119
35 136
35 138
35 139
35 147
35 148
35 156
35 167
35 168
35 169
35 176
35 177
35 187
35 189
35 196
35 199
36 7
36 9
36 18
36 27
36 28
36 29
36 37
36 38
36 47
36 48
36 49
36 58
36 59
36 67
36 78
36 79
36 87
36 88
36 97
36 98
36 99
36 107
36 108
36 109
36 117
36 119
36 128
36 129
36 137
36 147
36 148
36 149
36 157
36 158
36 159
36 167
36 168
36 178
36 179
36 187
36 188
36 189
36 197
36 198
36 199
37 19
37 29
37 149
37 168
37 199
38 9
38 29
38 49
38 59
38 69
38 79
38 89
38 99
38 109
38 129
38 149
38 159
38 169
38 179
38 189
40 4
40 5
40 7
40 8
40 13
40 14
40 17
40 18
40 19
40 22
40 26
40 27
40 28
40 29
40 32
40 34
40 35
40 36
40 37
40 38
40 41
40 42
40 43
40 44
40 46
40 47
40 57
40 58
40 62
40 63
40 64
40 68
40 72
40 78
40 81
40 82
40 84
40 87
40 91
40 93
40 94
40 96
40 97
40 98
40 99
40 101
40 103
40 105
40 107
40 112
40 114
40 117
40 119
40 121
40 123
40 125
40 126
40 127
40 131
40 133
40 134
40 146
40 148
40 151
40 156
40 158
40 159
40 162
40 163
40 166
40 169
40 171
40 172
40 173
40 174
40 175
40 178
40 179
40 184
40 186
40 187
40 192
40 195
40 196
41 2
41 3
41 6
41 8
41 13
41 15
41 19
41 24
41 27
41 29
41 33
41 34
41 42
41 43
41 46
41 49
41 53
41 56
41 64
41 72
41 83
41 89
41 92
41 93
41 103
41 117
41 123
41 129
41 133
41 134
41 135
41 136
41 146
41 147
41 149
41 157
41 159
41 166
41 168
41 169
41 172
41 186
41 187
41 188
41 189
41 192
41 196
41 199
42 3
42 4
42 5
42 6
42 7
42 8
42 9
42 13
42 15
42 16
42 17
42 18
42 19
42 23
42 24
42 25
42 26
42 28
42 29
42 33
42 34
42 35
42 36
42 37
42 38
42 39
42 43
42 44
42 45
42 46
42 47
42 49
42 53
42 54
42 55
42 56
42 57
42 58
42 59
42 63
42 64
42 65
42 66
42 67
42 68
42 69
42 73
42 74
42 75
42 76
42 77
42 79
42 83
42 84
42 85
42 86
42 87
42 88
42 89
42 93
42 94
42 95
42 96
42 97
42 98
42 99
42 103
42 104
42 105
42 106
42 107
42 108
42 109
42 113
42 115
42 116
42 119
42 123
42 124
42 125
42 127
42 128
42 129
42 133
42 134
42 136
42 137
42 138
42 139
42 143
42 144
42 145
42 146
42 147
42 148
42 149
42 153
42 154
42 155
42 156
42 157
42 159
42 163
42 164
42 165
42 166
42 167
42 169
42 173
42 174
42 175
42 176
42 177
42 178
42 179
42 183
42 184
42 185
42 186
42 188
42 189
42 193
42 194
42 195
42 196
42 198
42 199
43 4
43 6
43 7
43 8
43 9
43 14
43 15
43 16
43 25
43 26
43 27
43 29
43 34
43 37
43 38
43 39
43 44
43 45
43 48
43 49
43 55
43 56
43 58
43 59
43 66
43 67
43 68
43 74
43 75
43 76
43 77
43 78
43 79
43 85
43 87
43 88
43 94
43 95
43 97
43 98
43 104
43 105
43 106
43 107
43 109
43 114
43 116
43 117
43 125
43 126
43 128
43 134
43 135
43 136
43 137
43 139
43 144
43 146
43 147
43 154
43 155
43 157
43 159
43 164
43 165
43 167
43 174
43 176
43 178
43 179
43 184
43 185
43 186
43 187
43 188
43 189
43 195
43 196
43 197
43 198
43 199
44 5
44 8
44 9
44 19
44 25
44 26
44 27
44 29
44 35
44 36
44 37
44 38
44 46
44 48
44 55
44 56
44 57
44 58
44 59
44 65
44 66
44 67
44 68
44 78
44 85
44 87
44 88
44 96
44 97
44 106
44 107
44 108
44 115
44 116
44 118
44 119
44 126
44 127
44 129
44 135
44 136
44 137
44 138
44 139
44 145
44 148
44 149
44 156
44 157
44 158
44 159
44 165
44 166
44 175
44 176
44 179
44 186
44 187
44 188
44 195
44 196
44 197
44 198
45 7
45 9
45 17
45 18
45 19
45 26
45 28
45 29
45 38
45 48
45 49
45 56
45 58
45 77
45 78
45 86
45 88
45 106
45 107
45 109
45 119
45 126
45 127
45 139
45 147
45 156
45 167
45 169
45 178
45 186
45 199
46 39
46 107
46 157
47 28
47 29
47 58
47 78
47 79
47 89
47 148
47 178
47 199
48 19
48 29
48 49
48 69
48 99
48 119
48 129
48 189
50 2
50 4
50 11
50 12
50 13
50 14
50 17
50 18
50 21
50 22
50 23
50 24
50 25
50 26
50 27
50 29
50 32
50 34
50 35
50 37
50 38
50 39
50 41
50 43
50 45
50 47
50 48
50 51
50 52
50 54
50 55
50 56
50 57
50 59
50 64
50 68
50 71
50 76
50 77
50 81
50 82
50 83
50 85
50 89
50 92
50 94
50 96
50 99
50 101
50 103
50 104
50 106
50 109
50 111
50 112
50 115
50 116
50 117
50 118
50 119
50 121
50 122
50 125
50 127
50 128
50 131
50 132
50 133
50 134
50 137
50 138
50 142
50 144
50 148
50 156
50 157
50 158
50 159
50 165
50 166
50 168
50 176
50 177
50 179
50 181
50 182
50 186
50 187
50 188
50 189
50 191
50 192
50 194
50 195
50 197
51 4
51 14
51 15
51 19
51 29
51 33
51 35
51 37
51 45
51 46
51 49
51 54
51 58
51 62
51 64
51 68
51 75
51 76
51 82
51 85
51 87
51 89
51 93
51 103
51 107
51 109
51 114
51 117
51 122
51 123
51 132
51 139
51 145
51 148
51 156
51 157
51 158
51 165
51 167
51 184
51 185
51 187
51 189
51 194
51 195
51 198
52 3
52 4
52 5
52 6
52 7
52 8
52 9
52 13
52 14
52 15
52 16
52 17
52 18
52 19
52 24
52 25
52 26
52 27
52 28
52 29
52 33
52 34
52 36
52 37
52 38
52 39
52 43
52 44
52 45
52 46
52 47
52 48
52 49
52 53
52 54
52 55
52 56
52 57
52 58
52 59
52 63
52 64
52 65
52 66
52 67
52 68
52 69
52 73
52 74
52 76
52 77
52 79
52 83
52 84
52 85
52 86
52 87
52 88
52 89
52 93
52 95
52 96
52 97
52 98
52 99
52 103
52 104
52 105
52 106
52 107
52 108
52 109
52 114
52 115
52 116
52 117
52 118
52 119
52 123
52 124
52 125
52 126
52 127
52 128
52 129
52 134
52 136
52 137
52 138
52 139
52 143
52 144
52 145
52 146
52 147
52 148
52 149
52 153
52 154
52 155
52 157
52 158
52 159
52 163
52 164
52 165
52 166
52 167
52 168
52 169
52 173
52 174
52 175
52 176
52 177
52 178
52 179
52 183
52 184
52 186
52 187
52 188
52 189
52 193
52 194
52 195
52 196
52 198
52 199
53 15
53 44
53 46
53 57
53 64
53 67
53 78
53 87
53 104
53 148
53 157
53 158
53 164
53 166
53 175
53 176
53 177
54 6
54 35
54 36
54 37
54 45
54 46
54 65
54 75
54 76
54 145
54 147
54 148
54 166
54 186
55 6
55 7
55 9
55 16
55 17
55 18
55 19
55 26
55 27
55 29
55 36
55 37
55 39
55 46
55 47
55 48
55 49
55 59
55 67
55 68
55 69
55 76
55 77
55 78
55 79
55 87
55 88
55 89
55 96
55 97
55 98
55 99
55 106
55 107
55 109
55 116
55 117
55 118
55 119
55 127
55 128
55 129
55 136
55 138
55 139
55 147
55 148
55 149
55 156
55 157
55 158
55 159
55 166
55 167
55 168
55 169
55 177
55 178
55 179
55 186
55 188
55 189
55 196
55 197
55 198
55 199
56 89
56 128
56 177
56 189
56 197
57 9
57 29
57 39
57 48
57 68
57 118
57 128
57 138
57 169
58 9
58 19
58 29
58 39
58 49
58 59
58 69
58 89
58 99
58 109
58 119
58 129
58 139
58 149
58 159
58 169
58 179
58 189
58 199
60 11
60 13
60 15
60 31
60 49
60 68
60 71
60 73
60 76
60 85
60 87
60 95
60 101
60 104
60 108
60 109
60 117
60 139
60 151
60 165
60 168
60 171
60 174
60 177
60 184
60 192
60 199
61 22
61 28
61 33
61 53
61 64
61 65
61 98
61 123
61 139
61 174
61 193
61 195
62 3
62 4
62 7
62 14
62 15
62 16
62 18
62 19
62 23
62 25
62 26
62 28
62 29
62 33
62 34
62 35
62 36
62 38
62 45
62 48
62 49
62 54
62 58
62 63
62 65
62 67
62 69
62 73
62 83
62 84
62 87
62 93
62 97
62 99
62 103
62 104
62 105
62 113
62 114
62 115
62 116
62 118
62 125
62 127
62 128
62 129
62 134
62 137
62 139
62 145
62 146
62 148
62 153
62 156
62 165
62 166
62 168
62 169
62 175
62 183
62 188
62 196
62 198
63 8
63 15
63 29
63 36
63 37
63 38
63 39
63 45
63 46
63 48
63 55
63 56
63 57
63 64
63 69
63 79
63 88
63 94
63 96
63 99
63 107
63 115
63 119
63 137
63 139
63 146
63 158
63 159
63 164
63 176
63 177
63 184
63 187
63 189
63 196
63 198
64 6
64 7
64 8
64 9
64 15
64 17
64 19
64 28
64 35
64 37
64 38
64 46
64 48
64 55
64 57
64 65
64 66
64 68
64 69
64 75
64 85
64 87
64 88
64 89
64 95
64 109
64 115
64 117
64 118
64 125
64 126
64 127
64 128
64 129
64 137
64 145
64 146
64 148
64 155
64 165
64 167
64 168
64 175
64 177
64 178
64 188
64 196
64 198
64 199
65 6
65 9
65 17
65 19
65 28
65 29
65 37
65 38
65 46
65 47
65 48
65 57
65 67
65 76
65 78
65 87
65 106
65 109
65 118
65 126
65 127
65 136
65 137
65 159
65 166
65 168
65 169
65 177
65 188
65 197
65 198
65 199
66 17
66 18
66 38
66 49
66 98
66 109
66 127
66 189
67 8
67 9
67 19
67 28
67 29
67 48
67 49
67 58
67 59
67 69
67 78
67 79
67 88
67 89
67 99
67 108
67 109
67 118
67 119
67 128
67 138
67 158
67 159
67 168
67 169
67 178
67 189
67 198
67 199
68 9
68 29
68 69
68 99
68 109
68 129
68 149
70 3
70 9
70 15
70 17
70 23
70 24
70 27
70 31
70 44
70 46
70 56
70 67
70 71
70 74
70 85
70 92
70 96
70 114
70 116
70 117
70 119
70 138
70 149
70 152
70 156
70 163
70 168
70 182
70 185
70 186
71 7
71 15
71 32
71 45
71 72
71 75
71 94
72 9
72 18
72 49
72 54
72 58
72 64
72 69
72 75
72 85
72 86
72 87
72 99
72 113
72 114
72 116
72 118
72 125
72 126
72 128
72 135
72 137
72 149
72 158
72 177
72 178
72 186
72 188
72 193
73 4
73 5
73 6
73 7
73 8
73 14
73 15
73 16
73 19
73 24
73 25
73 26
73 27
73 28
73 29
73 35
73 37
73 38
73 44
73 45
73 46
73 47
73 48
73 49
73 54
73 55
73 56
73 57
73 58
73 59
73 64
73 65
73 66
73 67
73 69
73 74
73 75
73 76
73 77
73 78
73 79
73 84
73 85
73 86
73 87
73 88
73 94
73 95
73 96
73 97
73 98
73 99
73 104
73 105
73 106
73 107
73 108
73 109
73 114
73 115
73 116
73 117
73 118
73 119
73 124
73 125
73 126
73 127
73 128
73 134
73 135
73 137
73 139
73 144
73 145
73 146
73 147
73 148
73 149
73 154
73 155
73 156
73 157
73 158
73 159
73 164
73 165
73 166
73 168
73 169
73 174
73 175
73 176
73 177
73 179
73 185
73 186
73 187
73 189
73 194
73 195
73 196
73 197
73 198
73 199
74 6
74 38
74 77
74 107
74 147
74 167
74 188
75 9
75 17
75 27
75 46
75 47
75 49
75 57
75 67
75 86
75 96
75 99
75 107
75 119
75 127
75 136
75 169
75 188
76 7
76 8
76 17
76 18
76 19
76 37
76 38
76 39
76 48
76 49
76 57
76 58
76 59
76 67
76 68
76 69
76 77
76 78
76 79
76 87
76 88
76 89
76 97
76 98
76 99
76 107
76 108
76 109
76 118
76 119
76 127
76 128
76 129
76 138
76 147
76 148
76 149
76 159
76 167
76 168
76 169
76 177
76 178
76 179
76 187
76 188
76 189
76 197
76 198
76 199
77 149
78 39
78 59
78 69
78 99
78 109
78 119
78 139
78 159
78 179
78 189
80 2
80 3
80 4
80 6
80 8
80 12
80 13
80 14
80 16
80 18
80 19
80 26
80 27
80 28
80 29
80 32
80 35
80 36
80 38
80 41
80 42
80 43
80 44
80 46
80 51
80 52
80 53
80 55
80 56
80 57
80 59
80 61
80 63
80 64
80 69
80 71
80 72
80 73
80 74
80 75
80 83
80 84
80 85
80 86
80 93
80 96
80 101
80 105
80 106
80 108
80 114
80 116
80 119
80 122
80 123
80 125
80 126
80 128
80 131
80 132
80 134
80 135
80 136
80 141
80 143
80 144
80 145
80 146
80 147
80 149
80 151
80 153
80 154
80 158
80 161
80 164
80 167
80 168
80 171
80 172
80 173
80 176
80 178
80 179
80 183
80 185
80 188
80 191
80 192
80 193
80 194
80 198
80 199
81 5
81 6
81 9
81 12
81 13
81 14
81 17
81 19
81 25
81 26
81 43
81 47
81 48
81 49
81 52
81 54
81 56
81 69
81 72
81 75
81 82
81 86
81 88
81 102
81 105
81 107
81 115
81 116
81 132
81 139
81 144
81 146
81 147
81 148
81 156
81 158
81 159
81 164
81 166
81 167
81 169
81 184
81 185
81 187
81 192
81 195
82 3
82 4
82 5
82 6
82 7
82 8
82 9
82 13
82 14
82 15
82 16
82 17
82 19
82 23
82 24
82 25
82 26
82 27
82 28
82 29
82 33
82 34
82 35
82 36
82 38
82 43
82 44
82 45
82 46
82 47
82 48
82 49
82 53
82 54
82 55
82 56
82 57
82 59
82 63
82 64
82 65
82 66
82 67
82 68
82 69
82 73
82 74
82 75
82 76
82 77
82 79
82 84
82 85
82 86
82 87
82 88
82 94
82 95
82 96
82 97
82 98
82 99
82 103
82 104
82 105
82 106
82 107
82 108
82 109
82 113
82 114
82 115
82 116
82 117
82 118
82 119
82 123
82 124
82 125
82 127
82 128
82 129
82 133
82 134
82 136
82 137
82 138
82 143
82 144
82 145
82 146
82 147
82 148
82 149
82 153
82 154
82 155
82 156
82 157
82 158
82 159
82 163
82 164
82 165
82 166
82 167
82 168
82 169
82 173
82 174
82 176
82 177
82 178
82 179
82 183
82 184
82 185
82 186
82 187
82 188
82 189
82 193
82 194
82 196
82 197
82 198
82 199
83 4
83 5
83 6
83 7
83 9
83 14
83 15
83 16
83 17
83 18
83 19
83 24
83 25
83 26
83 27
83 28
83 29
83 34
83 35
83 36
83 37
83 38
83 44
83 45
83 46
83 47
83 48
83 49
83 54
83 55
83 56
83 57
83 58
83 59
83 64
83 65
83 66
83 67
83 68
83 69
83 74
83 75
83 76
83 77
83 78
83 79
83 84
83 85
83 86
83 87
83 88
83 89
83 94
83 95
83 96
83 97
83 98
83 99
83 104
83 105
83 106
83 107
83 109
83 114
83 115
83 116
83 117
83 118
83 119
83 124
83 125
83 126
83 127
83 128
83 129
83 134
83 135
83 136
83 137
83 138
83 139
83 144
83 145
83 146
83 147
83 148
83 149
83 154
83 155
83 156
83 157
83 158
83 159
83 164
83 165
83 166
83 167
83 168
83 174
83 175
83 176
83 177
83 178
83 179
83 184
83 185
83 186
83 187
83 188
83 189
83 194
83 195
83 196
83 197
83 198
83 199
84 5
84 25
84 48
84 56
84 76
84 87
84 149
84 177
85 6
85 7
85 19
85 28
85 37
85 38
85 39
85 49
85 76
85 87
85 99
85 108
85 136
85 137
85 139
85 148
85 166
85 168
85 169
85 177
85 178
85 187
85 188
85 196
85 198
86 7
86 8
86 17
86 19
86 47
86 48
86 49
86 59
86 67
86 68
86 78
86 89
86 98
86 107
86 108
86 109
86 117
86 118
86 119
86 127
86 129
86 137
86 148
86 159
86 167
86 177
86 178
86 188
86 189
86 199
87 8
87 9
87 18
87 19
87 28
87 38
87 48
87 49
87 58
87 59
87 68
87 69
87 78
87 79
87 89
87 119
87 129
87 139
87 148
87 149
87 168
87 169
87 179
87 188
87 189
87 199
88 9
88 19
88 39
88 49
88 59
88 69
88 79
88 89
88 99
88 109
88 119
88 129
88 139
88 149
88 159
88 169
88 179
88 189
88 199
90 5
90 14
90 21
90 22
90 27
90 28
90 33
90 38
90 43
90 44
90 46
90 51
90 54
90 55
90 57
90 58
90 66
90 67
90 82
90 91
90 104
90 111
90 113
90 117
90 122
90 123
90 138
90 144
90 149
90 154
90 161
90 168
90 175
90 177
90 182
91 3
91 4
91 5
91 7
91 13
91 16
91 17
91 18
91 19
91 22
91 23
91 24
91 33
91 36
91 37
91 38
91 39
91 46
91 47
91 53
91 54
91 56
91 57
91 59
91 63
91 64
91 68
91 72
91 73
91 75
91 77
91 78
91 79
91 83
91 88
91 89
91 95
91 98
91 99
91 103
91 105
91 106
91 107
91 112
91 115
91 117
91 125
91 128
91 135
91 136
91 137
91 142
91 143
91 144
91 145
91 146
91 148
91 152
91 153
91 155
91 157
91 158
91 165
91 166
91 167
91 168
91 172
91 178
91 182
91 183
91 186
91 187
91 188
91 192
91 193
91 195
91 196
91 197
91 198
91 199
92 4
92 8
92 17
92 25
92 26
92 33
92 45
92 49
92 53
92 55
92 57
92 59
92 64
92 65
92 68
92 73
92 74
92 75
92 76
92 77
92 83
92 85
92 87
92 88
92 94
92 95
92 96
92 97
92 99
92 104
92 105
92 113
92 114
92 119
92 123
92 125
92 129
92 134
92 135
92 137
92 139
92 146
92 147
92 149
92 154
92 155
92 158
92 159
92 163
92 164
92 168
92 173
92 174
92 175
92 178
92 193
92 194
92 195
92 196
92 197
92 199
93 25
93 27
93 35
93 46
93 48
93 76
93 97
93 105
93 117
93 127
93 135
93 148
93 155
93 166
93 175
93 176
93 185
93 189
94 5
94 7
94 46
94 47
94 56
94 59
94 99
94 155
94 185
95 117
95 149
96 8
96 18
96 29
96 37
96 38
96 39
96 48
96 57
96 58
96 59
96 67
96 68
96 69
96 77
96 79
96 87
96 89
96 97
96 98
96 109
96 119
96 128
96 137
96 139
96 147
96 148
96 149
96 157
96 167
96 168
96 169
96 177
96 179
96 187
96 188
97 19
97 29
97 58
97 68
97 69
97 198
98 9
98 19
98 29
98 39
98 49
98 59
98 69
98 79
98 99
98 109
98 119
98 129
98 139
98 149
98 159
98 169
98 179
98 189
98 199
100 1
100 2
100 3
100 4
100 6
100 7
100 8
100 9
100 11
100 12
100 13
100 14
100 15
100 16
100 17
100 18
100 21
100 22
100 23
100 24
100 25
100 26
100 27
100 28
100 29
100 31
100 33
100 34
100 35
100 36
100 37
100 43
100 45
100 46
100 47
100 48
100 51
100 54
100 56
100 57
100 58
100 59
100 61
100 65
100 67
100 73
100 74
100 77
100 78
100 79
100 81
100 82
100 85
100 87
100 88
100 91
100 92
100 93
100 94
100 96
100 99
100 101
100 103
100 104
100 106
100 109
100 111
100 112
100 114
100 117
100 119
100 122
100 123
100 127
100 128
100 131
100 134
100 135
100 136
100 137
100 141
100 142
100 143
100 144
100 145
100 147
100 148
100 149
100 153
100 155
100 157
100 159
100 162
100 163
100 164
100 165
100 171
100 172
100 173
100 174
100 175
100 176
100 177
100 178
100 179
100 183
100 184
100 185
100 186
100 187
100 188
100 189
100 193
100 197
100 199
101 2
101 3
101 4
101 5
101 6
101 7
101 8
101 12
101 13
101 14
101 15
101 16
101 17
101 18
101 19
101 22
101 23
101 24
101 25
101 26
101 27
101 28
101 32
101 33
101 34
101 35
101 36
101 37
101 38
101 39
101 42
101 43
101 44
101 46
101 47
101 48
101 49
101 52
101 53
101 54
101 55
101 56
101 57
101 58
101 59
101 62
101 63
101 64
101 66
101 67
101 68
101 69
101 72
101 73
101 74
101 75
101 76
101 77
101 78
101 79
101 82
101 83
101 84
101 86
101 87
101 88
101 89
101 92
101 93
101 94
101 96
101 97
101 99
101 102
101 103
101 104
101 105
101 106
101 107
101 108
101 109
101 112
101 113
101 114
101 115
101 116
101 117
101 118
101 119
101 122
101 123
101 124
101 125
101 126
101 127
101 128
101 129
101 132
101 133
101 134
101 135
101 136
101 137
101 139
101 142
101 143
101 144
101 146
101 147
101 148
101 152
101 153
101 155
101 156
101 157
101 158
101 162
101 163
101 164
101 165
101 166
101 167
101 168
101 169
101 172
101 173
101 174
101 175
101 176
101 177
101 178
101 179
101 182
101 183
101 184
101 185
101 186
101 187
101 188
101 189
101 192
101 193
101 194
101 195
101 196
101 197
101 198
101 199
102 4
102 7
102 8
102 9
102 14
102 17
102 18
102 26
102 35
102 43
102 45
102 47
102 55
102 56
102 59
102 63
102 64
102 69
102 83
102 86
102 87
102 88
102 98
102 108
102 115
102 119
102 129
102 133
102 136
102 137
102 144
102 145
102 148
102 153
102 159
102 166
102 169
102 175
102 194
102 196
103 6
103 8
103 14
103 15
103 18
103 24
103 25
103 26
103 27
103 28
103 37
103 46
103 56
103 59
103 65
103 66
103 69
103 74
103 76
103 77
103 78
103 84
103 86
103 87
103 95
103 96
103 98
103 104
103 106
103 107
103 109
103 114
103 116
103 117
103 118
103 119
103 124
103 125
103 126
103 128
103 129
103 136
103 137
103 138
103 145
103 146
103 149
103 156
103 157
103 158
103 164
103 167
103 168
103 169
103 175
103 177
103 178
103 179
103 184
103 186
103 187
103 194
103 195
103 196
103 199
104 18
104 27
104 29
104 36
104 39
104 46
104 48
104 59
104 77
104 78
104 107
104 115
104 116
104 117
104 119
104 135
104 139
104 149
104 156
104 177
104 189
104 195
105 6
105 7
105 8
105 16
105 18
105 26
105 27
105 28
105 29
105 37
105 38
105 39
105 46
105 56
105 57
105 67
105 68
105 69
105 76
105 78
105 79
105 86
105 87
105 88
105 89
105 96
105 99
105 106
105 108
105 109
105 116
105 117
105 118
105 119
105 126
105 128
105 129
105 136
105 137
105 138
105 148
105 149
105 156
105 158
105 166
105 167
105 169
105 178
105 179
105 187
105 188
105 196
105 198
105 199
106 7
106 8
106 9
106 17
106 18
106 19
106 27
106 28
106 29
106 38
106 39
106 47
106 48
106 49
106 57
106 58
106 59
106 67
106 68
106 69
106 77
106 78
106 79
106 87
106 88
106 89
106 97
106 98
106 99
106 107
106 108
106 109
106 118
106 119
106 127
106 128
106 129
106 137
106 138
106 139
106 147
106 148
106 149
106 157
106 158
106 159
106 167
106 168
106 169
106 177
106 178
106 179
106 187
106 188
106 189
106 197
106 198
106 199
107 9
107 18
107 19
107 39
107 58
107 78
107 79
107 98
107 99
107 109
107 119
107 128
107 129
107 138
107 139
107 149
107 158
107 168
107 198
108 69
110 1
110 8
110 13
110 15
110 19
110 21
110 23
110 26
110 34
110 39
110 44
110 48
110 49
110 53
110 56
110 59
110 64
110 68
110 69
110 74
110 77
110 78
110 81
110 83
110 84
110 85
110 87
110 91
110 97
110 101
110 107
110 112
110 113
110 117
110 122
110 123
110 124
110 129
110 131
110 132
110 135
110 136
110 138
110 139
110 142
110 147
110 151
110 159
110 166
110 172
110 174
110 177
110 179
110 186
110 191
110 192
110 195
111 2
111 4
111 5
111 6
111 7
111 8
111 12
111 13
111 14
111 15
111 22
111 26
111 28
111 29
111 32
111 33
111 34
111 35
111 36
111 37
111 39
111 43
111 48
111 49
111 52
111 53
111 54
111 55
111 56
111 57
111 58
111 59
111 62
111 63
111 64
111 67
111 69
111 72
111 74
111 75
111 76
111 77
111 78
111 79
111 87
111 89
111 92
111 95
111 96
111 97
111 98
111 102
111 103
111 104
111 105
111 106
111 108
111 109
111 113
111 114
111 115
111 117
111 118
111 119
111 124
111 125
111 129
111 133
111 134
111 135
111 136
111 137
111 138
111 139
111 142
111 145
111 146
111 147
111 148
111 149
111 152
111 154
111 156
111 159
111 163
111 164
111 165
111 166
111 169
111 172
111 173
111 174
111 175
111 176
111 177
111 178
111 182
111 183
111 186
111 187
111 188
111 193
111 194
111 196
111 197
111 198
111 199
112 3
112 4
112 6
112 7
112 8
112 9
112 14
112 15
112 18
112 19
112 23
112 25
112 26
112 27
112 33
112 34
112 35
112 36
112 38
112 39
112 44
112 49
112 54
112 57
112 58
112 59
112 64
112 65
112 66
112 67
112 68
112 73
112 74
112 75
112 85
112 93
112 94
112 97
112 98
112 99
112 103
112 105
112 106
112 108
112 109
112 113
112 114
112 116
112 127
112 134
112 135
112 137
112 138
112 139
112 143
112 144
112 146
112 148
112 149
112 153
112 154
112 156
112 158
112 163
112 164
112 165
112 166
112 168
112 174
112 176
112 179
112 183
112 185
112 187
112 188
112 189
112 193
112 195
112 196
112 197
112 198
113 4
113 5
113 6
113 7
113 8
113 9
113 15
113 17
113 19
113 26
113 27
113 28
113 29
113 34
113 35
113 38
113 39
113 46
113 47
113 49
113 54
113 55
113 56
113 57
113 58
113 59
113 65
113 74
113 76
113 77
113 84
113 85
113 86
113 89
113 99
113 105
113 106
113 108
113 109
113 115
113 118
113 119
113 125
113 126
113 129
113 134
113 138
113 139
113 144
113 155
113 156
113 158
113 159
113 164
113 167
113 168
113 169
113 174
113 175
113 177
113 179
113 185
113 186
113 187
113 189
113 195
114 15
114 16
114 35
114 46
114 49
114 75
114 77
114 97
114 108
114 116
114 129
114 136
114 155
114 159
114 169
114 185
114 187
114 195
114 196
114 198
115 58
115 69
115 78
115 87
115 89
115 117
115 166
115 186
115 187
116 8
116 17
116 19
116 28
116 29
116 37
116 47
116 49
116 58
116 59
116 68
116 69
116 87
116 88
116 98
116 99
116 107
116 108
116 118
116 119
116 128
116 129
116 137
116 138
116 139
116 147
116 148
116 157
116 159
116 167
116 169
116 177
116 179
116 188
116 189
116 198
117 18
117 29
117 39
117 59
117 78
117 79
117 98
117 118
117 119
117 138
117 148
117 149
117 159
117 179
117 188
117 198
117 199
118 9
118 39
118 59
118 69
118 99
118 129
118 199
120 1
120 2
120 3
120 4
120 5
120 6
120 7
120 8
120 9
120 11
120 14
120 15
120 16
120 17
120 18
120 19
120 22
120 23
120 24
120 25
120 26
120 27
120 28
120 31
120 32
120 33
120 34
120 35
120 36
120 37
120 38
120 39
120 41
120 43
120 44
120 45
120 46
120 47
120 48
120 49
120 51
120 52
120 53
120 54
120 55
120 57
120 58
120 59
120 61
120 62
120 63
120 64
120 66
120 68
120 69
120 71
120 72
120 73
120 74
120 75
120 76
120 77
120 78
120 81
120 82
120 83
120 84
120 86
120 87
120 88
120 89
120 91
120 93
120 94
120 95
120 96
120 97
120 98
120 99
120 101
120 102
120 103
120 104
120 105
120 106
120 107
120 108
120 109
120 111
120 112
120 113
120 114
120 115
120 116
120 117
120 118
120 121
120 122
120 123
120 124
120 125
120 126
120 127
120 128
120 129
120 131
120 132
120 133
120 134
120 135
120 136
120 137
120 138
120 139
120 141
120 142
120 143
120 145
120 146
120 147
120 148
120 149
120 151
120 152
120 153
120 154
120 155
120 156
120 158
120 159
120 161
120 162
120 163
120 164
120 165
120 166
120 167
120 168
120 171
120 172
120 173
120 175
120 176
120 177
120 178
120 179
120 181
120 182
120 183
120 184
120 186
120 187
120 188
120 189
120 191
120 193
120 194
120 195
120 196
120 197
120 198
120 199
121 7
121 15
121 22
121 27
121 36
121 48
121 56
121 58
121 62
121 65
121 68
121 73
121 74
121 77
121 84
121 92
121 93
121 96
121 99
121 144
121 148
121 153
121 162
121 165
121 175
121 182
121 197
121 199
122 4
122 5
122 6
122 7
122 8
122 15
122 16
122 18
122 19
122 25
122 26
122 27
122 29
122 33
122 34
122 35
122 37
122 39
122 43
122 44
122 46
122 48
122 49
122 53
122 54
122 56
122 57
122 59
122 63
122 64
122 68
122 69
122 73
122 74
122 75
122 76
122 77
122 78
122 79
122 83
122 84
122 85
122 88
122 93
122 95
122 96
122 97
122 98
122 99
122 104
122 105
122 106
122 108
122 109
122 113
122 114
122 115
122 117
122 118
122 119
122 123
122 124
122 126
122 127
122 128
122 129
122 133
122 134
122 136
122 137
122 138
122 139
122 143
122 144
122 146
122 147
122 149
122 153
122 154
122 155
122 156
122 157
122 158
122 159
122 164
122 165
122 166
122 167
122 168
122 169
122 173
122 174
122 176
122 177
122 179
122 183
122 184
122 186
122 187
122 188
122 189
122 193
122 194
122 195
122 196
122 198
123 18
123 29
123 45
123 56
123 79
123 88
123 94
123 105
123 129
123 145
123 155
123 164
123 168
123 184
123 185
123 187
123 196
124 5
124 9
124 15
124 16
124 17
124 18
124 19
124 27
124 28
124 29
124 35
124 37
124 39
124 57
124 58
124 59
124 66
124 68
124 69
124 75
124 76
124 77
124 85
124 86
124 89
124 95
124 96
124 98
124 106
124 107
124 108
124 109
124 117
124 118
124 119
124 128
124 129
124 135
124 137
124 138
124 145
124 147
124 156
124 157
124 159
124 166
124 168
124 175
124 185
124 186
124 188
124 197
124 198
125 8
125 36
125 59
125 128
125 129
125 158
125 176
125 186
126 18
126 28
126 29
126 37
126 39
126 78
126 97
126 98
126 108
126 117
126 128
126 139
126 149
126 158
126 159
126 187
126 199
127 9
127 38
127 68
127 109
127 148
127 158
127 159
127 168
127 169
127 189
128 159
130 1
130 2
130 3
130 4
130 5
130 6
130 7
130 8
130 9
130 11
130 12
130 13
130 14
130 16
130 17
130 18
130 19
130 21
130 22
130 23
130 25
130 26
130 27
130 28
130 29
130 31
130 32
130 33
130 34
130 35
130 36
130 37
130 38
130 39
130 41
130 42
130 43
130 44
130 45
130 46
130 47
130 48
130 51
130 52
130 53
130 54
130 55
130 56
130 57
130 59
130 61
130 62
130 63
130 64
130 65
130 66
130 67
130 68
130 69
130 72
130 73
130 74
130 75
130 76
130 77
130 78
130 81
130 82
130 83
130 84
130 85
130 86
130 87
130 88
130 89
130 91
130 92
130 93
130 94
130 95
130 96
130 97
130 98
130 99
130 101
130 102
130 103
130 104
130 105
130 107
130 108
130 109
130 112
130 113
130 114
130 115
130 117
130 119
130 121
130 122
130 123
130 124
130 125
130 126
130 127
130 128
130 129
130 131
130 132
130 133
130 134
130 135
130 136
130 138
130 139
130 141
130 142
130 143
130 144
130 145
130 146
130 147
130 148
130 149
130 151
130 152
130 153
130 154
130 155
130 156
130 157
130 158
130 161
130 162
130 163
130 164
130 165
130 166
130 167
130 168
130 169
130 171
130 172
130 173
130 174
130 175
130 176
130 177
130 178
130 179
130 181
130 182
130 183
130 184
130 185
130 186
130 188
130 189
130 191
130 192
130 195
130 196
130 197
130 198
130 199
131 13
131 15
131 16
131 26
131 34
131 35
131 36
131 37
131 52
131 55
131 56
131 58
131 67
131 68
131 72
131 78
131 79
131 83
131 84
131 87
131 88
131 89
131 96
131 105
131 109
131 112
131 114
131 117
131 129
131 133
131 135
131 142
131 144
131 145
131 147
131 149
131 164
131 165
131 169
131 172
131 176
131 177
131 185
131 194
131 198
132 3
132 4
132 5
132 7
132 8
132 9
132 13
132 14
132 16
132 17
132 18
132 19
132 23
132 24
132 25
132 26
132 27
132 28
132 29
132 34
132 35
132 36
132 37
132 38
132 39
132 43
132 44
132 45
132 46
132 47
132 48
132 49
132 53
132 54
132 56
132 57
132 58
132 59
132 63
132 64
132 65
132 66
132 67
132 68
132 69
132 73
132 74
132 75
132 76
132 78
132 79
132 83
132 84
132 85
132 87
132 88
132 89
132 93
132 94
132 95
132 96
132 98
132 99
132 103
132 104
132 105
132 106
132 107
132 108
132 109
132 113
132 114
132 116
132 117
132 118
132 119
132 123
132 124
132 125
132 126
132 127
132 133
132 134
132 135
132 136
132 137
132 138
132 143
132 144
132 145
132 147
132 148
132 149
132 153
132 154
132 155
132 156
132 157
132 158
132 159
132 163
132 166
132 167
132 168
132 169
132 173
132 174
132 175
132 176
132 177
132 178
132 179
132 183
132 184
132 185
132 186
132 187
132 188
132 189
132 193
132 194
132 195
132 197
132 198
133 4
133 5
133 6
133 7
133 8
133 15
133 16
133 18
133 19
133 25
133 27
133 28
133 35
133 37
133 39
133 44
133 45
133 47
133 48
133 49
133 55
133 56
133 58
133 59
133 64
133 66
133 67
133 74
133 75
133 76
133 78
133 84
133 85
133 86
133 87
133 89
133 96
133 99
133 104
133 105
133 107
133 109
133 114
133 115
133 116
133 117
133 118
133 119
133 124
133 125
133 126
133 129
133 134
133 135
133 136
133 138
133 139
133 144
133 146
133 147
133 148
133 149
133 154
133 155
133 164
133 165
133 166
133 167
133 174
133 175
133 177
133 178
133 179
133 185
133 188
133 189
133 195
133 196
133 199
134 5
134 6
134 7
134 9
134 15
134 16
134 26
134 28
134 29
134 35
134 36
134 37
134 38
134 39
134 46
134 47
134 48
134 49
134 58
134 59
134 65
134 66
134 67
134 68
134 69
134 75
134 76
134 77
134 78
134 79
134 87
134 88
134 95
134 96
134 98
134 99
134 106
134 107
134 108
134 109
134 116
134 118
134 119
134 125
134 128
134 135
134 136
134 137
134 138
134 139
134 145
134 148
134 149
134 156
134 157
134 159
134 165
134 166
134 167
134 168
134 169
134 175
134 176
134 178
134 179
134 185
134 186
134 187
134 188
134 189
134 195
134 196
134 197
134 199
135 7
135 8
135 9
135 16
135 17
135 18
135 19
135 26
135 27
135 28
135 29
135 36
135 37
135 38
135 39
135 46
135 47
135 48
135 49
135 56
135 57
135 58
135 66
135 67
135 69
135 76
135 77
135 78
135 79
135 86
135 87
135 88
135 89
135 96
135 97
135 98
135 99
135 106
135 107
135 108
135 109
135 116
135 117
135 118
135 119
135 126
135 127
135 128
135 129
135 136
135 137
135 138
135 139
135 146
135 147
135 148
135 149
135 156
135 157
135 158
135 159
135 166
135 167
135 168
135 169
135 176
135 177
135 178
135 179
135 186
135 187
135 188
135 189
135 196
135 197
135 198
135 199
136 7
136 17
136 18
136 29
136 57
136 58
136 67
136 68
136 77
136 78
136 87
136 89
136 97
136 98
136 99
136 107
136 108
136 119
136 127
136 138
136 139
136 149
136 158
136 167
136 187
136 188
136 189
136 197
136 198
137 9
137 18
137 39
137 48
137 59
137 69
137 79
137 88
137 98
137 108
137 118
137 128
137 148
137 149
137 158
137 159
137 178
137 179
137 188
137 189
137 198
138 9
138 19
138 39
138 49
138 59
138 69
138 79
138 89
138 99
138 109
138 119
138 129
138 139
138 149
138 159
138 169
138 179
138 189
138 199
140 8
140 26
140 85
140 88
140 143
141 6
141 18
141 19
141 26
141 27
141 35
141 37
141 53
141 62
141 63
141 73
141 89
141 99
141 113
141 117
141 118
141 126
141 128
141 133
141 137
141 138
141 165
141 169
141 176
141 184
142 6
142 19
142 49
142 58
142 65
142 69
142 75
142 93
142 97
142 104
142 105
142 107
142 129
142 148
142 149
142 154
142 159
142 163
142 166
142 167
142 177
142 183
142 185
142 189
142 196
143 4
143 5
143 6
143 8
143 9
143 14
143 16
143 17
143 18
143 19
143 28
143 35
143 36
143 37
143 38
143 39
143 44
143 45
143 46
143 48
143 49
143 54
143 57
143 58
143 65
143 68
143 77
143 79
143 89
143 94
143 97
143 106
143 115
143 116
143 118
143 125
143 126
143 128
143 134
143 139
143 154
143 155
143 156
143 158
143 159
143 164
143 165
143 166
143 167
143 176
143 177
143 178
143 185
143 187
143 189
143 196
144 5
144 6
144 7
144 8
144 9
144 15
144 16
144 17
144 18
144 19
144 25
144 26
144 27
144 28
144 36
144 38
144 39
144 45
144 47
144 48
144 56
144 58
144 59
144 66
144 67
144 68
144 69
144 75
144 76
144 77
144 78
144 79
144 86
144 88
144 89
144 95
144 97
144 99
144 105
144 107
144 108
144 109
144 116
144 117
144 118
144 119
144 126
144 127
144 128
144 129
144 136
144 137
144 138
144 145
144 146
144 147
144 148
144 149
144 155
144 156
144 157
144 158
144 159
144 165
144 166
144 167
144 168
144 169
144 177
144 186
144 187
144 188
144 195
144 196
144 197
144 199
145 6
145 7
145 8
145 9
145 16
145 17
145 18
145 19
145 26
145 28
145 29
145 37
145 38
145 39
145 46
145 47
145 48
145 49
145 56
145 57
145 58
145 59
145 66
145 67
145 68
145 69
145 76
145 77
145 78
145 86
145 87
145 88
145 89
145 96
145 97
145 98
145 99
145 106
145 107
145 108
145 109
145 116
145 118
145 119
145 126
145 127
145 128
145 129
145 136
145 137
145 138
145 139
145 147
145 148
145 149
145 156
145 157
145 158
145 159
145 166
145 167
145 168
145 169
145 176
145 177
145 178
145 179
145 186
145 187
145 188
145 189
145 196
145 197
145 198
145 199
146 7
146 29
146 69
146 89
147 8
147 28
147 38
147 48
147 59
147 78
147 98
147 99
147 129
147 139
147 159
147 168
147 169
147 179
147 189
147 199
148 9
148 19
148 29
148 39
148 69
148 79
148 89
148 99
148 109
148 129
148 139
148 149
148 179
148 199
150 1
150 2
150 3
150 4
150 5
150 6
150 7
150 8
150 9
150 11
150 12
150 13
150 14
150 15
150 16
150 17
150 19
150 21
150 23
150 24
150 26
150 27
150 28
150 29
150 31
150 32
150 33
150 35
150 36
150 37
150 38
150 39
150 41
150 43
150 44
150 45
150 48
150 49
150 52
150 53
150 54
150 55
150 56
150 57
150 58
150 61
150 62
150 63
150 64
150 66
150 67
150 69
150 72
150 73
150 75
150 76
150 77
150 81
150 83
150 85
150 87
150 88
150 91
150 92
150 93
150 94
150 95
150 97
150 99
150 102
150 103
150 104
150 105
150 106
150 107
150 108
150 109
150 111
150 112
150 113
150 114
150 115
150 116
150 117
150 118
150 119
150 121
150 122
150 125
150 127
150 128
150 129
150 131
150 132
150 133
150 134
150 138
150 139
150 141
150 142
150 143
150 147
150 148
150 149
150 151
150 152
150 153
150 154
150 155
150 157
150 158
150 159
150 165
150 166
150 167
150 168
150 169
150 171
150 173
150 174
150 175
150 176
150 179
150 181
150 182
150 183
150 184
150 185
150 186
150 187
150 188
150 189
150 191
150 192
150 193
150 194
150 196
150 197
150 198
151 177
152 3
152 4
152 6
152 9
152 13
152 16
152 17
152 23
152 25
152 28
152 34
152 35
152 36
152 38
152 44
152 45
152 46
152 53
152 57
152 63
152 64
152 73
152 79
152 84
152 86
152 88
152 89
152 95
152 96
152 97
152 99
152 103
152 104
152 105
152 107
152 113
152 114
152 116
152 117
152 123
152 126
152 129
152 134
152 138
152 145
152 153
152 154
152 156
152 164
152 165
152 167
152 168
152 169
152 175
152 176
152 178
152 185
152 187
152 188
152 194
152 195
152 197
153 4
153 5
153 6
153 8
153 9
153 16
153 17
153 18
153 24
153 25
153 26
153 27
153 28
153 34
153 35
153 36
153 37
153 39
153 44
153 45
153 46
153 47
153 48
153 49
153 54
153 55
153 56
153 57
153 58
153 59
153 64
153 65
153 66
153 67
153 68
153 69
153 75
153 76
153 77
153 84
153 85
153 86
153 87
153 88
153 89
153 94
153 95
153 97
153 98
153 104
153 105
153 106
153 108
153 115
153 116
153 117
153 118
153 119
153 124
153 126
153 127
153 128
153 134
153 135
153 136
153 137
153 138
153 139
153 145
153 147
153 148
153 149
153 154
153 156
153 157
153 158
153 159
153 164
153 165
153 166
153 167
153 168
153 169
153 177
153 178
153 184
153 186
153 187
153 188
153 189
153 195
153 199
154 79
155 6
155 7
155 9
155 16
155 37
155 38
155 49
155 57
155 66
155 67
155 79
155 97
155 99
155 117
155 118
155 119
155 126
155 128
155 129
155 169
155 176
155 189
155 198
155 199
156 7
156 8
156 18
156 19
156 27
156 28
156 29
156 37
156 38
156 47
156 58
156 67
156 68
156 69
156 78
156 79
156 88
156 89
156 97
156 98
156 99
156 109
156 117
156 127
156 129
156 137
156 138
156 139
156 148
156 149
156 168
156 169
156 178
156 188
156 189
156 197
157 18
157 59
157 69
157 78
157 79
157 109
157 118
157 119
157 158
157 169
157 188
157 199
158 19
158 29
158 49
158 59
158 89
158 99
158 119
158 129
158 139
158 169
158 189
160 1
160 2
160 3
160 7
160 8
160 9
160 11
160 14
160 15
160 16
160 17
160 18
160 19
160 21
160 22
160 23
160 24
160 25
160 27
160 28
160 29
160 31
160 32
160 33
160 35
160 36
160 37
160 38
160 39
160 41
160 42
160 43
160 44
160 45
160 47
160 48
160 52
160 54
160 55
160 56
160 57
160 58
160 59
160 61
160 62
160 63
160 65
160 67
160 68
160 69
160 71
160 73
160 74
160 75
160 76
160 77
160 78
160 79
160 82
160 83
160 86
160 88
160 89
160 91
160 93
160 94
160 95
160 96
160 98
160 99
160 101
160 102
160 103
160 105
160 106
160 107
160 108
160 109
160 112
160 114
160 116
160 118
160 119
160 121
160 122
160 124
160 125
160 126
160 128
160 129
160 131
160 132
160 134
160 135
160 136
160 137
160 138
160 139
160 141
160 142
160 143
160 144
160 145
160 147
160 148
160 153
160 154
160 157
160 158
160 159
160 161
160 162
160 163
160 164
160 165
160 166
160 167
160 168
160 169
160 171
160 172
160 173
160 174
160 175
160 176
160 177
160 178
160 181
160 182
160 183
160 184
160 185
160 186
160 187
160 191
160 192
160 194
160 195
160 196
160 197
160 198
160 199
161 3
161 4
161 6
161 8
161 9
161 12
161 13
161 14
161 16
161 17
161 19
161 22
161 24
161 25
161 26
161 27
161 29
161 32
161 34
161 35
161 36
161 37
161 39
161 44
161 45
161 46
161 47
161 48
161 49
161 52
161 54
161 55
161 56
161 57
161 58
161 59
161 62
161 63
161 64
161 65
161 66
161 67
161 69
161 72
161 73
161 74
161 75
161 76
161 77
161 78
161 79
161 82
161 83
161 84
161 85
161 88
161 89
161 92
161 93
161 94
161 95
161 96
161 97
161 98
161 99
161 102
161 103
161 105
161 106
161 107
161 108
161 109
161 112
161 113
161 114
161 115
161 116
161 118
161 119
161 123
161 124
161 125
161 126
161 127
161 128
161 129
161 132
161 133
161 134
161 137
161 138
161 139
161 142
161 143
161 145
161 147
161 148
161 152
161 153
161 154
161 157
161 158
161 159
161 162
161 163
161 165
161 166
161 168
161 169
161 173
161 174
161 175
161 176
161 178
161 179
161 182
161 185
161 186
161 188
161 189
161 192
161 193
161 195
161 196
161 197
161 198
162 7
162 15
162 16
162 17
162 18
162 19
162 25
162 26
162 28
162 33
162 34
162 39
162 45
162 47
162 65
162 69
162 73
162 74
162 77
162 88
162 95
162 97
162 109
162 116
162 127
162 129
162 133
162 134
162 136
162 147
162 154
162 155
162 156
162 157
162 159
162 166
162 185
162 188
162 189
162 194
162 196
162 199
163 5
163 6
163 8
163 9
163 16
163 26
163 28
163 29
163 44
163 45
163 46
163 47
163 49
163 56
163 59
163 65
163 66
163 68
163 69
163 74
163 76
163 77
163 78
163 79
163 85
163 89
163 94
163 95
163 97
163 98
163 99
163 104
163 106
163 107
163 108
163 109
163 114
163 115
163 116
163 124
163 125
163 127
163 137
163 139
163 146
163 148
163 149
163 154
163 155
163 156
163 159
163 164
163 165
163 166
163 167
163 168
163 174
163 175
163 179
163 184
163 186
163 187
163 188
163 189
163 194
163 197
163 198
164 8
164 15
164 16
164 27
164 28
164 29
164 36
164 37
164 38
164 39
164 55
164 57
164 58
164 65
164 66
164 67
164 68
164 69
164 76
164 78
164 86
164 89
164 96
164 97
164 98
164 99
164 106
164 108
164 109
164 118
164 119
164 129
164 138
164 139
164 147
164 148
164 149
164 155
164 158
164 159
164 168
164 175
164 179
164 187
164 188
164 199
165 7
165 9
165 16
165 17
165 18
165 19
165 26
165 27
165 28
165 29
165 37
165 38
165 39
165 46
165 47
165 48
165 49
165 56
165 57
165 58
165 59
165 66
165 67
165 68
165 69
165 76
165 79
165 88
165 89
165 96
165 97
165 98
165 99
165 106
165 107
165 108
165 109
165 116
165 117
165 118
165 119
165 126
165 127
165 128
165 129
165 137
165 138
165 139
165 146
165 147
165 148
165 149
165 156
165 157
165 158
165 166
165 167
165 168
165 177
165 178
165 186
165 187
165 189
165 197
165 198
166 9
166 29
166 39
166 49
166 97
166 107
166 117
166 119
166 139
166 149
166 197
167 9
167 18
167 19
167 48
167 49
167 58
167 68
167 79
167 98
167 108
167 109
167 118
167 119
167 129
167 138
167 139
167 148
167 178
167 188
167 198
167 199
168 9
168 29
168 39
168 49
168 69
168 99
168 129
168 149
168 179
170 1
170 2
170 3
170 4
170 5
170 7
170 8
170 9
170 11
170 12
170 13
170 14
170 15
170 16
170 17
170 18
170 19
170 21
170 22
170 23
170 24
170 25
170 26
170 27
170 28
170 29
170 31
170 32
170 33
170 34
170 35
170 36
170 37
170 38
170 39
170 41
170 42
170 43
170 45
170 46
170 47
170 48
170 51
170 52
170 53
170 54
170 56
170 57
170 58
170 59
170 61
170 62
170 63
170 64
170 65
170 66
170 68
170 69
170 72
170 73
170 74
170 77
170 78
170 79
170 81
170 82
170 83
170 84
170 86
170 87
170 88
170 91
170 92
170 93
170 94
170 95
170 96
170 97
170 98
170 99
170 101
170 102
170 103
170 104
170 105
170 106
170 108
170 109
170 111
170 112
170 113
170 114
170 115
170 116
170 117
170 118
170 119
170 121
170 122
170 123
170 124
170 125
170 126
170 127
170 128
170 129
170 131
170 132
170 133
170 134
170 135
170 136
170 137
170 138
170 139
170 141
170 143
170 145
170 146
170 147
170 148
170 149
170 151
170 152
170 153
170 154
170 156
170 157
170 158
170 159
170 161
170 162
170 164
170 165
170 166
170 167
170 168
170 169
170 171
170 172
170 173
170 174
170 175
170 176
170 177
170 178
170 181
170 182
170 183
170 185
170 186
170 187
170 188
170 189
170 191
170 193
170 194
170 196
170 197
170 198
171 16
171 26
171 29
171 36
171 48
171 62
171 67
171 69
171 84
171 93
171 94
171 99
171 113
171 125
171 129
171 134
171 137
171 139
171 144
171 146
171 158
171 177
171 184
171 186
171 189
171 194
171 196
171 197
172 4
172 6
172 7
172 8
172 9
172 15
172 16
172 18
172 19
172 23
172 24
172 27
172 29
172 33
172 43
172 44
172 45
172 46
172 48
172 49
172 54
172 55
172 56
172 57
172 59
172 63
172 64
172 66
172 67
172 73
172 74
172 77
172 79
172 83
172 84
172 85
172 87
172 88
172 89
172 93
172 94
172 95
172 99
172 103
172 108
172 113
172 114
172 115
172 117
172 118
172 125
172 126
172 129
172 133
172 134
172 137
172 138
172 139
172 143
172 145
172 147
172 153
172 156
172 158
172 159
172 164
172 165
172 169
172 174
172 175
172 183
172 184
172 185
172 187
172 189
172 193
172 194
172 195
172 196
172 197
172 198
173 4
173 5
173 6
173 7
173 9
173 14
173 15
173 16
173 17
173 24
173 27
173 28
173 29
173 34
173 35
173 36
173 37
173 38
173 46
173 47
173 49
173 54
173 55
173 57
173 58
173 64
173 65
173 66
173 67
173 74
173 75
173 78
173 79
173 85
173 86
173 88
173 89
173 94
173 95
173 96
173 97
173 98
173 105
173 107
173 108
173 109
173 115
173 116
173 118
173 119
173 124
173 125
173 126
173 127
173 128
173 129
173 134
173 137
173 145
173 146
173 147
173 155
173 157
173 158
173 159
173 165
173 168
173 169
173 174
173 175
173 176
173 177
173 179
173 184
173 186
173 187
173 188
173 189
173 194
173 196
173 197
173 198
173 199
174 6
174 15
174 19
174 37
174 38
174 45
174 56
174 58
174 59
174 65
174 67
174 95
174 117
174 119
174 127
174 147
174 157
174 167
174 179
174 187
174 196
175 6
175 7
175 8
175 16
175 26
175 27
175 28
175 29
175 37
175 38
175 46
175 48
175 56
175 57
175 58
175 59
175 68
175 78
175 79
175 86
175 88
175 89
175 96
175 99
175 107
175 108
175 109
175 116
175 117
175 119
175 126
175 127
175 128
175 129
175 136
175 139
175 146
175 156
175 157
175 158
175 167
175 168
175 169
175 176
175 178
175 179
175 187
175 189
175 196
175 198
175 199
176 27
176 49
176 78
176 97
176 117
176 148
176 149
176 157
176 179
176 188
176 199
177 8
177 18
177 28
177 38
177 39
177 48
177 49
177 58
177 69
177 78
177 79
177 88
177 89
177 98
177 99
177 108
177 109
177 119
177 129
177 138
177 139
177 148
177 149
177 158
177 159
177 169
177 179
177 188
177 189
177 198
178 9
178 19
178 29
178 59
178 79
178 99
178 109
178 119
178 139
178 149
178 169
178 179
178 189
178 199
180 3
180 4
180 11
180 18
180 22
180 43
180 55
180 66
180 68
180 74
180 84
180 86
180 87
180 105
180 106
180 114
180 116
180 123
180 126
180 142
180 154
180 164
180 177
180 183
180 184
180 199
181 14
181 44
181 74
181 123
181 147
181 158
181 196
182 6
182 43
182 54
182 127
182 137
182 183
182 197
183 44
183 47
183 57
183 58
183 117
183 155
183 158
183 189
183 198
184 6
184 8
184 9
184 15
184 17
184 18
184 26
184 37
184 39
184 45
184 47
184 55
184 59
184 66
184 67
184 68
184 75
184 76
184 88
184 89
184 96
184 106
184 107
184 109
184 115
184 116
184 117
184 126
184 127
184 128
184 129
184 137
184 139
184 145
184 146
184 148
184 149
184 155
184 156
184 165
184 166
184 168
184 177
184 186
184 187
184 195
184 196
184 197
185 17
185 18
185 19
185 38
185 48
185 49
185 59
185 68
185 76
185 87
185 88
185 97
185 109
185 117
185 126
185 127
185 129
185 138
185 149
185 186
185 188
186 8
186 17
186 27
186 28
186 29
186 38
186 39
186 47
186 58
186 59
186 67
186 68
186 79
186 87
186 88
186 97
186 98
186 107
186 108
186 109
186 117
186 137
186 139
186 148
186 149
186 159
186 177
186 178
186 179
186 188
186 199
187 8
187 18
187 19
187 28
187 38
187 48
187 49
187 68
187 88
187 98
187 99
187 108
187 109
187 128
187 138
187 139
187 148
187 149
187 158
187 159
187 169
187 189
187 198
187 199
188 39
188 89
188 179
190 3
190 5
190 14
190 29
190 31
190 39
190 42
190 44
190 52
190 54
190 56
190 58
190 63
190 67
190 68
190 69
190 72
190 76
190 86
190 87
190 89
190 93
190 95
190 103
190 104
190 105
190 107
190 111
190 112
190 116
190 117
190 119
190 125
190 126
190 127
190 132
190 135
190 136
190 139
190 145
190 147
190 148
190 152
190 154
190 155
190 162
190 164
190 169
190 173
190 176
190 177
190 178
190 179
190 185
190 192
191 2
191 3
191 4
191 5
191 6
191 7
191 8
191 9
191 12
191 13
191 14
191 15
191 16
191 18
191 19
191 22
191 23
191 24
191 25
191 26
191 28
191 29
191 32
191 33
191 34
191 35
191 36
191 38
191 39
191 42
191 43
191 44
191 46
191 47
191 48
191 49
191 52
191 53
191 54
191 55
191 56
191 57
191 58
191 59
191 62
191 63
191 64
191 65
191 66
191 67
191 68
191 69
191 72
191 73
191 74
191 75
191 76
191 77
191 78
191 79
191 82
191 83
191 84
191 85
191 86
191 87
191 88
191 89
191 92
191 93
191 94
191 95
191 97
191 102
191 103
191 104
191 106
191 107
191 108
191 109
191 112
191 113
191 114
191 115
191 116
191 117
191 118
191 119
191 122
191 123
191 124
191 125
191 127
191 128
191 129
191 132
191 133
191 134
191 135
191 136
191 137
191 138
191 139
191 142
191 143
191 144
191 145
191 146
191 147
191 148
191 149
191 152
191 153
191 154
191 155
191 156
191 157
191 158
191 159
191 162
191 163
191 164
191 165
191 166
191 167
191 168
191 169
191 172
191 173
191 174
191 175
191 176
191 177
191 178
191 179
191 182
191 183
191 184
191 185
191 186
191 188
191 189
191 192
191 193
191 194
191 195
191 196
191 197
191 198
191 199
192 3
192 4
192 6
192 8
192 9
192 15
192 18
192 23
192 24
192 25
192 27
192 33
192 35
192 36
192 37
192 38
192 44
192 45
192 46
192 47
192 48
192 53
192 54
192 55
192 56
192 57
192 58
192 59
192 63
192 64
192 65
192 66
192 67
192 69
192 74
192 75
192 77
192 78
192 83
192 85
192 86
192 87
192 89
192 93
192 95
192 97
192 98
192 103
192 105
192 107
192 108
192 114
192 115
192 118
192 119
192 123
192 124
192 125
192 128
192 129
192 139
192 143
192 144
192 145
192 146
192 148
192 149
192 153
192 155
192 156
192 157
192 158
192 159
192 163
192 164
192 165
192 166
192 167
192 168
192 169
192 174
192 175
192 176
192 177
192 178
192 179
192 183
192 185
192 186
192 193
192 195
192 196
192 197
192 198
192 199
193 7
193 14
193 19
193 26
193 28
193 34
193 37
193 38
193 54
193 56
193 58
193 66
193 78
193 88
193 96
193 97
193 99
193 104
193 106
193 107
193 124
193 127
193 128
193 134
193 135
193 146
193 156
193 159
193 165
193 167
193 169
193 174
193 175
193 176
193 179
193 186
193 194
193 197
193 198
194 6
194 7
194 8
194 9
194 15
194 16
194 17
194 18
194 19
194 25
194 26
194 27
194 28
194 29
194 35
194 36
194 37
194 38
194 39
194 45
194 46
194 47
194 48
194 49
194 55
194 56
194 58
194 59
194 65
194 67
194 68
194 69
194 75
194 76
194 77
194 78
194 85
194 87
194 88
194 89
194 96
194 97
194 98
194 99
194 107
194 108
194 115
194 116
194 117
194 119
194 125
194 126
194 127
194 128
194 129
194 135
194 136
194 137
194 138
194 139
194 145
194 146
194 147
194 148
194 149
194 155
194 156
194 158
194 159
194 165
194 166
194 167
194 168
194 175
194 176
194 177
194 178
194 179
194 186
194 187
194 188
194 189
194 195
194 196
194 197
194 198
194 199
195 19
195 26
195 38
195 68
195 69
195 107
195 109
195 128
195 146
195 148
195 166
195 186
195 189
195 196
195 197
195 198
196 9
196 17
196 18
196 19
196 27
196 29
196 38
196 39
196 47
196 48
196 49
196 57
196 58
196 59
196 67
196 68
196 69
196 77
196 78
196 87
196 88
196 89
196 97
196 98
196 99
196 107
196 108
196 109
196 117
196 127
196 128
196 129
196 148
196 149
196 158
196 159
196 167
196 168
196 169
196 177
196 178
196 179
196 187
196 188
196 189
196 197
196 198
196 199
197 8
197 9
197 18
197 19
197 28
197 29
197 38
197 39
197 48
197 49
197 58
197 59
197 68
197 69
197 78
197 79
197 88
197 89
197 98
197 99
197 108
197 109
197 118
197 128
197 129
197 138
197 139
197 148
197 149
197 158
197 159
197 169
197 178
197 179
197 188
197 198
197 199
198 9
198 29
198 69
198 99
198 189
