200
0 2000 3.8
1 2000 3.8
2 2000 3.9
3 2000 3.9
4 2000 3.8
5 2000 3.8
6 2000 3.8
7 2000 3.8
8 2000 3.9
9 2000 3.9
10 2000 3.8
11 2000 3.8
12 2000 3.9
13 2000 3.9
14 2000 3.9
15 2000 3.9
16 2000 3.8
17 2000 3.8
18 2000 3.9
19 2000 3.9
20 2000 3.8
21 2000 3.8
22 2000 3.8
23 2000 3.8
24 2000 3.8
25 2000 3.8
26 2000 3.9
27 2000 3.9
28 2000 3.8
29 2000 3.8
30 2000 3.9
31 2000 3.9
32 2000 3.8
33 2000 3.8
34 2000 3.8
35 2000 3.8
36 2000 3.8
37 2000 3.8
38 2000 3.8
39 2000 3.8
40 2000 3.9
41 2000 3.9
42 2000 3.9
43 2000 3.9
44 2000 3.9
45 2000 3.9
46 2000 3.9
47 2000 3.9
48 2000 3.9
49 2000 3.9
50 2000 3.9
51 2000 3.9
52 2000 3.9
53 2000 3.9
54 2000 3.8
55 2000 3.8
56 2000 3.8
57 2000 3.8
58 2000 3.9
59 2000 3.9
60 2000 3.8
61 2000 3.8
62 2000 3.8
63 2000 3.8
64 2000 3.8
65 2000 3.8
66 2000 3.8
67 2000 3.8
68 2000 3.9
69 2000 3.9
70 2000 3.9
71 2000 3.9
72 2000 3.8
73 2000 3.8
74 2000 3.8
75 2000 3.8
76 2000 3.8
77 2000 3.8
78 2000 3.8
79 2000 3.8
80 2000 3.8
81 2000 3.8
82 2000 3.8
83 2000 3.8
84 2000 3.9
85 2000 3.9
86 2000 3.9
87 2000 3.9
88 2000 3.9
89 2000 3.9
90 2000 3.9
91 2000 3.9
92 2000 3.9
93 2000 3.9
94 2000 3.8
95 2000 3.8
96 2000 3.8
97 2000 3.8
98 2000 3.8
99 2000 3.8
100 2000 3.9
101 2000 3.9
102 2000 3.9
103 2000 3.9
104 2000 3.8
105 2000 3.8
106 2000 3.9
107 2000 3.9
108 2000 3.8
109 2000 3.8
110 2000 3.8
111 2000 3.8
112 2000 3.8
113 2000 3.8
114 2000 3.8
115 2000 3.8
116 2000 3.8
117 2000 3.8
118 2000 3.8
119 2000 3.8
120 2000 3.9
121 2000 3.9
122 2000 3.9
123 2000 3.9
124 2000 3.8
125 2000 3.8
126 2000 3.9
127 2000 3.9
128 2000 3.8
129 2000 3.8
130 2000 3.9
131 2000 3.9
132 2000 3.9
133 2000 3.9
134 2000 3.8
135 2000 3.8
136 2000 3.9
137 2000 3.9
138 2000 3.9
139 2000 3.9
140 2000 3.9
141 2000 3.9
142 2000 3.8
143 2000 3.8
144 2000 3.9
145 2000 3.9
146 2000 3.9
147 2000 3.9
148 2000 3.8
149 2000 3.8
150 2000 3.8
151 2000 3.8
152 2000 3.9
153 2000 3.9
154 2000 3.9
155 2000 3.9
156 2000 3.9
157 2000 3.9
158 95 3.9
159 95 3.9
160 95 3.9
161 95 3.9
162 95 3.9
163 95 3.9
164 95 3.9
165 95 3.9
166 95 3.9
167 95 3.9
168 95 3.9
169 95 3.9
170 95 3.9
171 95 3.9
172 95 3.9
173 95 3.9
174 95 3.9
175 95 3.9
176 95 3.9
177 95 3.9
178 95 3.9
179 95 3.9
180 95 3.9
181 95 3.9
182 95 3.9
183 95 3.9
184 95 3.9
185 95 3.9
186 95 3.9
187 95 3.9
188 95 3.9
189 95 3.9
190 95 3.9
191 95 3.9
192 95 3.9
193 95 3.9
194 95 3.9
195 95 3.9
196 95 3.9
197 95 3.9
198 95 3.9
199 105 3.9
0 3
0 19
0 51
0 53
0 77
0 101
0 107
0 131
0 137
0 143
0 180
0 187
0 193
0 195
2 1
2 3
2 7
2 9
2 11
2 15
2 17
2 19
2 21
2 23
2 25
2 27
2 29
2 31
2 33
2 35
2 37
2 39
2 41
2 43
2 45
2 47
2 49
2 51
2 55
2 57
2 59
2 61
2 63
2 65
2 67
2 69
2 71
2 73
2 75
2 77
2 79
2 81
2 83
2 85
2 87
2 89
2 91
2 93
2 95
2 97
2 99
2 101
2 103
2 105
2 107
2 109
2 111
2 113
2 115
2 117
2 119
2 121
2 123
2 125
2 129
2 131
2 133
2 135
2 137
2 139
2 141
2 143
2 145
2 147
2 149
2 151
2 155
2 157
2 180
2 181
2 182
2 183
2 184
2 185
2 186
2 187
2 188
2 189
2 190
2 191
2 192
2 193
2 194
2 195
2 196
2 197
2 198
2 199
4 3
4 7
4 9
4 15
4 17
4 19
4 21
4 25
4 29
4 31
4 33
4 35
4 39
4 43
4 45
4 49
4 53
4 57
4 59
4 61
4 63
4 65
4 67
4 69
4 71
4 73
4 75
4 77
4 79
4 81
4 83
4 85
4 87
4 89
4 91
4 93
4 95
4 97
4 101
4 103
4 105
4 107
4 109
4 111
4 113
4 115
4 117
4 121
4 123
4 125
4 127
4 129
4 131
4 133
4 135
4 137
4 139
4 141
4 143
4 145
4 147
4 151
4 155
4 180
4 182
4 184
4 185
4 187
4 188
4 190
4 191
4 193
4 195
4 197
4 199
6 5
6 7
6 11
6 23
6 29
6 31
6 33
6 35
6 39
6 41
6 43
6 45
6 47
6 53
6 55
6 57
6 63
6 65
6 67
6 81
6 83
6 87
6 97
6 99
6 103
6 113
6 119
6 121
6 125
6 129
6 131
6 135
6 141
6 145
6 147
6 155
6 180
6 182
6 183
6 185
6 189
6 191
6 192
6 194
6 195
6 198
8 13
8 39
8 51
8 61
8 81
8 85
8 89
8 180
8 186
10 3
10 9
10 15
10 21
10 29
10 43
10 57
10 61
10 71
10 75
10 81
10 83
10 89
10 91
10 95
10 101
10 107
10 113
10 115
10 119
10 125
10 133
10 141
10 145
10 149
10 157
10 182
10 184
10 192
10 194
12 39
12 49
14 5
14 7
14 19
14 23
14 25
14 27
14 31
14 35
14 37
14 41
14 49
14 55
14 61
14 63
14 65
14 67
14 79
14 83
14 85
14 97
14 99
14 101
14 111
14 119
14 123
14 133
14 143
14 180
14 185
14 187
14 189
14 191
14 195
16 5
16 7
16 21
16 29
16 43
16 53
16 67
16 75
16 83
16 87
16 99
16 117
16 123
16 133
16 139
16 147
16 153
16 180
18 11
18 29
18 39
18 53
18 55
18 73
18 81
18 95
18 107
18 123
18 133
18 147
18 193
18 195
20 1
20 5
20 7
20 11
20 17
20 25
20 29
20 31
20 33
20 37
20 47
20 53
20 59
20 61
20 65
20 67
20 71
20 75
20 79
20 81
20 83
20 85
20 87
20 89
20 97
20 101
20 105
20 113
20 123
20 139
20 143
20 147
20 149
20 153
20 157
20 185
20 186
20 187
20 188
20 198
20 199
22 3
22 9
22 11
22 23
22 41
22 51
22 65
22 89
22 101
22 139
22 141
22 157
22 190
22 191
22 199
24 1
24 3
24 5
24 7
24 11
24 15
24 17
24 21
24 23
24 25
24 27
24 31
24 33
24 37
24 39
24 41
24 43
24 47
24 49
24 51
24 53
24 55
24 57
24 59
24 61
24 63
24 67
24 69
24 71
24 73
24 77
24 79
24 81
24 83
24 85
24 87
24 89
24 91
24 93
24 95
24 97
24 99
24 101
24 103
24 105
24 107
24 109
24 115
24 117
24 119
24 121
24 123
24 125
24 127
24 129
24 131
24 133
24 135
24 139
24 141
24 143
24 145
24 147
24 151
24 155
24 157
24 180
24 181
24 182
24 183
24 184
24 185
24 186
24 187
24 188
24 189
24 190
24 192
24 193
24 194
24 195
24 196
24 197
24 198
24 199
26 1
26 7
26 11
26 13
26 19
26 21
26 23
26 25
26 37
26 39
26 41
26 45
26 47
26 49
26 51
26 53
26 55
26 57
26 59
26 63
26 65
26 69
26 71
26 79
26 81
26 83
26 85
26 91
26 93
26 99
26 103
26 105
26 107
26 113
26 115
26 119
26 121
26 123
26 125
26 129
26 131
26 133
26 137
26 139
26 143
26 149
26 153
26 157
26 181
26 182
26 183
26 185
26 186
26 187
26 188
26 189
26 190
26 192
26 194
26 195
26 197
26 198
26 199
28 1
28 3
28 5
28 7
28 9
28 13
28 15
28 17
28 19
28 21
28 23
28 27
28 29
28 33
28 35
28 39
28 41
28 43
28 45
28 47
28 49
28 51
28 53
28 57
28 59
28 61
28 63
28 65
28 67
28 69
28 71
28 73
28 75
28 81
28 85
28 87
28 89
28 91
28 93
28 95
28 97
28 99
28 101
28 103
28 105
28 107
28 109
28 111
28 117
28 119
28 121
28 123
28 127
28 129
28 131
28 133
28 135
28 137
28 139
28 141
28 143
28 149
28 151
28 153
28 155
28 157
28 181
28 182
28 184
28 185
28 186
28 187
28 188
28 189
28 190
28 192
28 193
28 194
28 195
28 196
28 197
28 198
28 199
30 1
30 3
30 5
30 7
30 9
30 11
30 13
30 15
30 17
30 19
30 21
30 23
30 25
30 27
30 29
30 31
30 33
30 35
30 37
30 39
30 41
30 45
30 47
30 49
30 51
30 53
30 55
30 59
30 61
30 63
30 65
30 69
30 71
30 73
30 75
30 77
30 79
30 81
30 83
30 87
30 89
30 91
30 93
30 95
30 97
30 99
30 101
30 103
30 105
30 107
30 109
30 111
30 113
30 115
30 117
30 119
30 121
30 123
30 125
30 127
30 129
30 131
30 133
30 135
30 137
30 139
30 143
30 145
30 147
30 149
30 151
30 155
30 157
30 181
30 182
30 183
30 184
30 185
30 186
30 187
30 188
30 189
30 190
30 191
30 192
30 193
30 194
30 195
30 196
30 197
30 198
30 199
32 1
32 5
32 7
32 9
32 11
32 13
32 15
32 17
32 19
32 21
32 23
32 25
32 27
32 33
32 35
32 39
32 43
32 45
32 47
32 51
32 53
32 55
32 57
32 59
32 61
32 63
32 65
32 67
32 71
32 75
32 77
32 79
32 81
32 83
32 85
32 87
32 89
32 93
32 95
32 97
32 99
32 101
32 105
32 107
32 109
32 111
32 113
32 121
32 123
32 125
32 129
32 131
32 133
32 137
32 139
32 141
32 143
32 147
32 149
32 151
32 155
32 157
32 180
32 181
32 182
32 183
32 186
32 187
32 188
32 189
32 190
32 191
32 193
32 194
32 195
32 196
32 197
32 198
34 13
34 31
34 81
34 133
34 151
34 184
34 187
36 1
36 3
36 5
36 7
36 9
36 11
36 13
36 15
36 17
36 19
36 21
36 23
36 25
36 27
36 29
36 31
36 33
36 35
36 37
36 39
36 41
36 43
36 45
36 47
36 49
36 51
36 53
36 55
36 57
36 59
36 61
36 63
36 65
36 67
36 69
36 71
36 73
36 75
36 77
36 79
36 83
36 87
36 89
36 91
36 93
36 95
36 97
36 99
36 101
36 103
36 105
36 107
36 109
36 111
36 113
36 115
36 117
36 119
36 121
36 123
36 125
36 127
36 129
36 131
36 133
36 135
36 137
36 139
36 141
36 143
36 145
36 147
36 149
36 151
36 153
36 155
36 157
36 180
36 181
36 182
36 183
36 184
36 185
36 186
36 187
36 188
36 189
36 190
36 191
36 192
36 193
36 194
36 195
36 196
36 197
36 198
36 199
38 5
38 17
38 23
38 25
38 33
38 35
38 37
38 41
38 43
38 45
38 47
38 55
38 61
38 63
38 65
38 67
38 73
38 85
38 89
38 97
38 99
38 103
38 111
38 113
38 115
38 117
38 119
38 121
38 127
38 129
38 137
38 139
38 143
38 145
38 147
38 149
38 153
38 155
38 180
38 181
38 186
38 191
38 193
38 194
38 196
38 198
38 199
40 1
40 3
40 5
40 9
40 11
40 13
40 15
40 19
40 21
40 23
40 25
40 29
40 31
40 35
40 39
40 41
40 43
40 45
40 47
40 49
40 51
40 55
40 59
40 61
40 65
40 69
40 71
40 73
40 75
40 77
40 81
40 83
40 85
40 87
40 89
40 91
40 95
40 97
40 99
40 101
40 103
40 105
40 107
40 109
40 111
40 113
40 117
40 121
40 123
40 127
40 129
40 131
40 135
40 137
40 139
40 141
40 143
40 145
40 147
40 153
40 155
40 157
40 181
40 182
40 183
40 184
40 185
40 186
40 187
40 188
40 189
40 190
40 191
40 192
40 193
40 194
40 196
40 197
40 199
42 7
42 9
42 11
42 15
42 35
42 37
42 45
42 49
42 55
42 59
42 61
42 73
42 85
42 91
42 93
42 99
42 103
42 109
42 115
42 117
42 133
42 135
42 180
42 182
42 183
42 190
42 196
44 131
46 39
46 85
46 97
46 113
46 125
46 192
48 5
48 9
48 11
48 13
48 17
48 21
48 25
48 29
48 33
48 35
48 37
48 41
48 43
48 45
48 53
48 59
48 61
48 63
48 65
48 67
48 69
48 71
48 73
48 77
48 81
48 85
48 87
48 91
48 93
48 95
48 97
48 103
48 105
48 107
48 109
48 111
48 117
48 121
48 123
48 125
48 127
48 129
48 131
48 135
48 137
48 147
48 149
48 151
48 153
48 155
48 157
48 181
48 182
48 184
48 185
48 186
48 188
48 190
48 192
48 194
48 197
50 45
50 49
50 79
50 119
50 125
50 131
50 143
52 3
52 5
52 9
52 13
52 19
52 21
52 27
52 33
52 37
52 53
52 61
52 73
52 75
52 83
52 85
52 87
52 89
52 91
52 93
52 103
52 105
52 109
52 111
52 119
52 121
52 123
52 127
52 133
52 137
52 139
52 141
52 145
52 147
52 151
52 153
52 180
52 182
52 183
52 186
52 188
52 189
52 190
52 192
52 195
52 198
54 7
54 9
54 15
54 23
54 29
54 33
54 37
54 41
54 47
54 55
54 67
54 83
54 103
54 105
54 109
54 117
54 119
54 123
54 180
54 186
54 191
54 195
54 198
56 19
56 21
56 23
56 25
56 27
56 33
56 41
56 49
56 51
56 53
56 55
56 59
56 67
56 71
56 75
56 79
56 81
56 83
56 87
56 89
56 91
56 93
56 95
56 99
56 101
56 105
56 109
56 113
56 115
56 117
56 119
56 121
56 123
56 129
56 131
56 135
56 141
56 145
56 147
56 153
56 155
56 157
56 180
56 181
56 182
56 186
56 190
56 192
56 193
56 197
56 198
58 3
58 5
58 9
58 11
58 13
58 27
58 31
58 33
58 35
58 55
58 65
58 69
58 75
58 77
58 85
58 91
58 95
58 107
58 113
58 123
58 131
58 133
58 137
58 143
58 149
58 151
58 155
58 157
58 181
58 182
58 188
58 189
58 192
58 193
60 15
60 17
60 21
60 29
60 51
60 53
60 55
60 57
60 69
60 71
60 77
60 89
60 99
60 105
60 107
60 109
60 117
60 119
60 127
60 131
60 133
60 135
60 141
60 151
60 153
60 180
60 182
60 183
60 185
60 189
60 199
62 3
62 5
62 7
62 17
62 31
62 39
62 47
62 49
62 51
62 53
62 57
62 59
62 61
62 67
62 69
62 75
62 79
62 83
62 85
62 91
62 97
62 99
62 101
62 105
62 107
62 109
62 111
62 117
62 119
62 123
62 125
62 127
62 129
62 137
62 139
62 141
62 143
62 145
62 149
62 151
62 153
62 155
62 181
62 183
62 184
62 186
62 187
62 189
62 192
62 193
62 194
62 195
62 198
62 199
64 1
64 3
64 5
64 9
64 13
64 15
64 19
64 21
64 23
64 25
64 29
64 31
64 33
64 35
64 37
64 43
64 57
64 59
64 61
64 63
64 65
64 67
64 69
64 71
64 73
64 75
64 79
64 81
64 83
64 85
64 87
64 89
64 91
64 93
64 95
64 97
64 99
64 101
64 103
64 105
64 111
64 113
64 115
64 117
64 119
64 121
64 123
64 125
64 127
64 129
64 135
64 137
64 139
64 141
64 143
64 145
64 147
64 149
64 151
64 153
64 155
64 157
64 180
64 181
64 182
64 183
64 184
64 186
64 187
64 189
64 191
64 192
64 194
64 195
64 196
64 197
64 198
64 199
66 1
66 3
66 15
66 23
66 37
66 51
66 61
66 63
66 65
66 69
66 79
66 83
66 95
66 97
66 101
66 105
66 131
66 137
66 149
66 151
66 180
66 184
66 188
66 189
66 192
66 193
68 3
68 11
68 15
68 19
68 21
68 27
68 31
68 33
68 41
68 43
68 51
68 55
68 59
68 65
68 67
68 71
68 75
68 79
68 83
68 85
68 93
68 95
68 99
68 103
68 107
68 109
68 115
68 117
68 121
68 125
68 127
68 137
68 139
68 143
68 145
68 153
68 155
68 181
68 182
68 183
68 186
68 188
68 191
68 192
68 193
68 199
70 7
70 15
70 23
70 25
70 41
70 79
70 87
70 105
70 111
70 119
70 123
70 186
70 188
70 190
70 194
72 3
72 5
72 13
72 15
72 17
72 19
72 21
72 23
72 25
72 29
72 35
72 37
72 45
72 47
72 51
72 53
72 55
72 59
72 63
72 65
72 67
72 69
72 71
72 75
72 77
72 79
72 87
72 89
72 91
72 93
72 95
72 97
72 99
72 101
72 103
72 105
72 109
72 111
72 119
72 121
72 123
72 129
72 131
72 133
72 135
72 137
72 141
72 143
72 145
72 147
72 151
72 153
72 155
72 157
72 180
72 181
72 183
72 184
72 185
72 186
72 187
72 188
72 189
72 190
72 192
72 193
72 194
72 195
72 196
72 198
74 1
74 3
74 9
74 11
74 23
74 25
74 29
74 31
74 35
74 53
74 55
74 65
74 67
74 79
74 83
74 91
74 97
74 99
74 101
74 105
74 115
74 117
74 121
74 131
74 137
74 153
74 155
74 185
74 187
74 194
74 197
76 1
76 3
76 5
76 7
76 9
76 11
76 13
76 15
76 17
76 19
76 21
76 23
76 25
76 27
76 29
76 31
76 33
76 35
76 37
76 41
76 43
76 45
76 47
76 49
76 51
76 53
76 55
76 57
76 59
76 61
76 63
76 65
76 67
76 69
76 73
76 75
76 77
76 81
76 83
76 85
76 87
76 89
76 91
76 93
76 95
76 97
76 99
76 101
76 103
76 105
76 107
76 109
76 111
76 113
76 115
76 117
76 119
76 121
76 123
76 125
76 127
76 129
76 131
76 133
76 135
76 137
76 139
76 141
76 143
76 145
76 147
76 149
76 151
76 153
76 155
76 157
76 180
76 181
76 182
76 183
76 184
76 185
76 186
76 187
76 188
76 189
76 190
76 191
76 192
76 193
76 194
76 195
76 196
76 197
76 198
76 199
78 11
78 27
78 33
78 57
78 63
78 75
78 79
78 83
78 85
78 95
78 125
78 135
78 139
78 143
78 145
78 151
78 182
78 184
78 186
78 187
78 190
78 191
78 197
80 3
80 7
80 15
80 17
80 19
80 21
80 25
80 27
80 29
80 33
80 35
80 37
80 41
80 45
80 53
80 55
80 57
80 59
80 67
80 71
80 73
80 77
80 79
80 85
80 87
80 93
80 101
80 103
80 105
80 109
80 125
80 131
80 149
80 180
80 182
80 187
80 188
80 189
80 190
80 192
80 199
82 31
82 39
82 41
82 55
82 79
82 81
82 93
82 111
82 117
82 125
82 129
82 135
82 157
82 181
82 187
84 5
84 9
84 11
84 13
84 19
84 21
84 27
84 41
84 55
84 63
84 67
84 71
84 73
84 75
84 99
84 119
84 121
84 127
84 129
84 143
84 149
84 180
84 181
84 184
84 186
84 190
84 191
84 194
84 196
86 1
86 3
86 5
86 7
86 9
86 11
86 13
86 15
86 19
86 21
86 23
86 25
86 27
86 29
86 31
86 33
86 35
86 37
86 39
86 43
86 45
86 47
86 49
86 51
86 53
86 55
86 57
86 59
86 61
86 63
86 65
86 67
86 69
86 71
86 73
86 77
86 79
86 81
86 83
86 85
86 87
86 89
86 91
86 93
86 95
86 97
86 99
86 101
86 103
86 105
86 107
86 111
86 113
86 115
86 117
86 119
86 121
86 123
86 125
86 127
86 129
86 133
86 135
86 137
86 139
86 141
86 143
86 145
86 147
86 149
86 151
86 153
86 155
86 157
86 180
86 181
86 182
86 183
86 184
86 185
86 186
86 187
86 188
86 189
86 190
86 191
86 192
86 193
86 194
86 195
86 196
86 197
86 198
86 199
88 31
88 33
88 55
88 69
88 89
88 93
88 99
88 109
88 123
88 129
88 133
88 139
88 143
88 151
88 199
90 9
90 95
90 143
90 193
92 1
92 5
92 9
92 13
92 15
92 17
92 19
92 21
92 29
92 37
92 39
92 41
92 45
92 47
92 51
92 55
92 57
92 61
92 63
92 65
92 69
92 77
92 81
92 87
92 91
92 93
92 95
92 101
92 103
92 105
92 107
92 111
92 115
92 117
92 119
92 121
92 125
92 131
92 133
92 135
92 137
92 139
92 145
92 149
92 151
92 153
92 155
92 180
92 182
92 183
92 187
92 188
92 189
92 190
92 191
92 192
92 193
92 194
92 195
92 196
92 198
92 199
94 1
94 5
94 7
94 9
94 19
94 21
94 25
94 27
94 29
94 31
94 33
94 35
94 39
94 41
94 43
94 45
94 47
94 49
94 51
94 55
94 57
94 59
94 63
94 65
94 69
94 71
94 73
94 77
94 83
94 85
94 91
94 93
94 95
94 99
94 101
94 103
94 105
94 107
94 109
94 113
94 117
94 119
94 121
94 123
94 125
94 127
94 129
94 131
94 133
94 135
94 137
94 139
94 141
94 143
94 145
94 147
94 151
94 153
94 155
94 182
94 183
94 184
94 185
94 186
94 187
94 188
94 189
94 190
94 191
94 192
94 193
94 194
94 195
94 196
94 199
96 1
96 3
96 5
96 9
96 11
96 13
96 15
96 17
96 19
96 21
96 23
96 25
96 27
96 29
96 31
96 33
96 35
96 37
96 39
96 41
96 45
96 49
96 51
96 53
96 55
96 57
96 61
96 63
96 65
96 67
96 69
96 71
96 73
96 75
96 77
96 79
96 83
96 85
96 89
96 93
96 97
96 99
96 105
96 107
96 109
96 111
96 113
96 115
96 121
96 123
96 125
96 129
96 133
96 135
96 137
96 139
96 141
96 143
96 145
96 147
96 149
96 151
96 155
96 157
96 181
96 182
96 184
96 185
96 186
96 188
96 190
96 192
96 194
96 195
96 196
96 197
96 198
98 1
98 3
98 7
98 9
98 13
98 17
98 21
98 23
98 27
98 35
98 39
98 43
98 45
98 49
98 51
98 55
98 57
98 59
98 63
98 65
98 67
98 69
98 71
98 73
98 77
98 81
98 83
98 85
98 87
98 89
98 91
98 93
98 97
98 101
98 103
98 105
98 109
98 111
98 115
98 117
98 119
98 121
98 123
98 125
98 127
98 129
98 131
98 133
98 135
98 137
98 139
98 141
98 143
98 145
98 149
98 151
98 153
98 157
98 180
98 182
98 186
98 187
98 188
98 190
98 192
98 193
98 196
98 197
98 198
100 1
100 3
100 7
100 9
100 11
100 13
100 15
100 17
100 19
100 21
100 23
100 25
100 27
100 31
100 33
100 37
100 39
100 41
100 43
100 45
100 47
100 51
100 53
100 55
100 57
100 65
100 67
100 69
100 71
100 75
100 79
100 83
100 85
100 89
100 91
100 93
100 95
100 99
100 101
100 103
100 105
100 107
100 109
100 111
100 113
100 115
100 117
100 121
100 123
100 125
100 129
100 131
100 133
100 135
100 139
100 143
100 145
100 149
100 153
100 157
100 180
100 181
100 182
100 184
100 185
100 186
100 187
100 188
100 189
100 190
100 191
100 193
100 194
100 195
100 197
100 198
100 199
102 1
102 3
102 5
102 7
102 9
102 11
102 13
102 15
102 17
102 21
102 23
102 25
102 27
102 31
102 33
102 35
102 37
102 39
102 41
102 43
102 45
102 47
102 51
102 53
102 55
102 57
102 59
102 61
102 65
102 67
102 69
102 71
102 73
102 75
102 77
102 79
102 81
102 83
102 85
102 87
102 89
102 91
102 93
102 95
102 97
102 99
102 101
102 103
102 105
102 107
102 109
102 111
102 113
102 115
102 119
102 121
102 123
102 125
102 127
102 129
102 131
102 133
102 135
102 137
102 139
102 141
102 143
102 145
102 147
102 149
102 151
102 153
102 155
102 157
102 180
102 181
102 182
102 183
102 184
102 185
102 186
102 187
102 188
102 189
102 190
102 191
102 192
102 193
102 195
102 196
102 197
102 198
102 199
104 1
104 11
104 13
104 19
104 21
104 25
104 33
104 39
104 41
104 51
104 53
104 63
104 75
104 83
104 99
104 101
104 107
104 123
104 125
104 127
104 133
104 137
104 139
104 145
104 147
104 157
104 183
104 186
104 188
104 195
104 197
104 198
106 1
106 3
106 5
106 7
106 9
106 13
106 15
106 17
106 19
106 21
106 23
106 25
106 27
106 29
106 31
106 33
106 37
106 39
106 41
106 45
106 47
106 49
106 51
106 55
106 57
106 59
106 61
106 63
106 65
106 67
106 69
106 71
106 73
106 79
106 81
106 85
106 87
106 89
106 93
106 95
106 99
106 103
106 107
106 109
106 113
106 115
106 117
106 119
106 121
106 123
106 125
106 127
106 129
106 131
106 133
106 135
106 139
106 141
106 147
106 151
106 153
106 155
106 157
106 180
106 181
106 182
106 183
106 184
106 185
106 186
106 187
106 189
106 190
106 191
106 192
106 193
106 194
106 196
106 197
106 198
108 23
108 27
108 45
108 49
108 75
108 85
108 95
108 99
108 125
108 147
108 153
108 182
108 185
108 189
108 191
108 193
108 197
110 41
112 1
112 3
112 5
112 7
112 9
112 11
112 13
112 15
112 17
112 19
112 23
112 25
112 27
112 29
112 33
112 35
112 37
112 39
112 41
112 43
112 45
112 47
112 49
112 51
112 53
112 55
112 59
112 61
112 63
112 65
112 67
112 69
112 71
112 73
112 75
112 81
112 83
112 85
112 87
112 89
112 91
112 93
112 95
112 97
112 99
112 101
112 105
112 107
112 109
112 111
112 113
112 115
112 117
112 119
112 125
112 127
112 129
112 131
112 133
112 135
112 137
112 139
112 141
112 143
112 145
112 147
112 149
112 151
112 153
112 155
112 157
112 180
112 182
112 183
112 184
112 185
112 186
112 188
112 189
112 190
112 191
112 192
112 193
112 194
112 196
112 197
112 198
114 1
114 3
114 7
114 9
114 11
114 13
114 15
114 17
114 19
114 21
114 23
114 27
114 29
114 31
114 33
114 35
114 39
114 41
114 45
114 49
114 55
114 57
114 59
114 65
114 67
114 69
114 71
114 75
114 77
114 81
114 83
114 87
114 91
114 93
114 97
114 99
114 101
114 103
114 105
114 107
114 109
114 111
114 115
114 117
114 121
114 125
114 127
114 131
114 137
114 139
114 141
114 143
114 147
114 149
114 153
114 157
114 181
114 182
114 183
114 184
114 185
114 186
114 188
114 189
114 192
114 194
114 196
114 197
114 198
114 199
116 13
116 21
116 27
116 45
116 47
116 49
116 53
116 65
116 67
116 71
116 75
116 123
116 181
116 197
118 1
118 5
118 7
118 11
118 13
118 15
118 23
118 25
118 27
118 29
118 31
118 35
118 37
118 39
118 43
118 45
118 47
118 49
118 51
118 53
118 55
118 59
118 61
118 63
118 65
118 67
118 71
118 73
118 75
118 77
118 79
118 83
118 87
118 91
118 93
118 95
118 99
118 101
118 103
118 105
118 107
118 113
118 115
118 117
118 119
118 121
118 125
118 127
118 129
118 131
118 135
118 137
118 139
118 141
118 143
118 145
118 147
118 149
118 151
118 155
118 157
118 180
118 181
118 182
118 184
118 185
118 186
118 189
118 190
118 191
118 192
118 193
118 194
118 195
118 196
118 197
118 198
118 199
120 1
120 3
120 17
120 19
120 23
120 25
120 27
120 29
120 31
120 33
120 37
120 39
120 41
120 43
120 45
120 51
120 53
120 63
120 67
120 73
120 75
120 77
120 79
120 85
120 91
120 93
120 95
120 97
120 99
120 101
120 103
120 105
120 107
120 113
120 115
120 117
120 119
120 121
120 127
120 129
120 131
120 133
120 137
120 139
120 143
120 149
120 151
120 153
120 155
120 180
120 182
120 185
120 187
120 192
120 194
120 196
120 197
122 3
122 11
122 13
122 17
122 19
122 25
122 37
122 45
122 47
122 57
122 61
122 63
122 75
122 79
122 81
122 83
122 87
122 99
122 105
122 107
122 109
122 111
122 115
122 119
122 121
122 123
122 127
122 129
122 131
122 133
122 137
122 141
122 145
122 149
122 153
122 155
122 182
122 184
122 185
122 188
122 190
122 191
122 192
122 197
122 198
122 199
124 1
124 3
124 5
124 7
124 9
124 11
124 13
124 15
124 21
124 23
124 29
124 31
124 35
124 37
124 39
124 43
124 49
124 53
124 59
124 61
124 65
124 69
124 73
124 75
124 81
124 85
124 91
124 93
124 97
124 99
124 101
124 107
124 111
124 113
124 115
124 117
124 119
124 121
124 123
124 125
124 127
124 129
124 131
124 133
124 139
124 143
124 145
124 147
124 149
124 151
124 153
124 155
124 180
124 181
124 185
124 186
124 187
124 188
124 189
124 191
124 192
124 193
124 194
124 195
124 197
124 198
124 199
126 5
126 9
126 13
126 15
126 17
126 19
126 27
126 29
126 33
126 37
126 53
126 61
126 63
126 69
126 71
126 77
126 89
126 95
126 107
126 119
126 123
126 125
126 131
126 147
126 157
126 182
126 184
126 186
126 187
126 193
126 194
126 196
126 198
126 199
128 1
128 3
128 5
128 7
128 9
128 11
128 13
128 15
128 17
128 19
128 23
128 25
128 27
128 29
128 31
128 33
128 35
128 37
128 39
128 41
128 43
128 45
128 47
128 49
128 51
128 53
128 55
128 57
128 59
128 61
128 63
128 65
128 67
128 69
128 71
128 73
128 75
128 77
128 79
128 81
128 83
128 85
128 87
128 89
128 91
128 93
128 95
128 97
128 99
128 101
128 103
128 105
128 107
128 109
128 111
128 113
128 115
128 117
128 119
128 121
128 123
128 125
128 127
128 129
128 131
128 133
128 135
128 137
128 139
128 141
128 143
128 145
128 147
128 149
128 151
128 155
128 157
128 180
128 181
128 182
128 183
128 185
128 186
128 187
128 188
128 189
128 190
128 191
128 192
128 193
128 194
128 195
128 196
128 197
128 198
128 199
130 1
130 3
130 7
130 9
130 11
130 17
130 19
130 23
130 25
130 27
130 29
130 33
130 37
130 39
130 41
130 43
130 47
130 49
130 51
130 53
130 55
130 57
130 61
130 65
130 67
130 69
130 71
130 73
130 75
130 77
130 81
130 83
130 85
130 87
130 93
130 95
130 97
130 99
130 101
130 103
130 105
130 107
130 109
130 111
130 113
130 115
130 117
130 123
130 125
130 127
130 129
130 131
130 135
130 137
130 141
130 145
130 147
130 149
130 151
130 155
130 157
130 181
130 182
130 183
130 184
130 185
130 186
130 187
130 188
130 189
130 190
130 191
130 192
130 193
130 194
130 195
130 196
130 197
130 198
130 199
132 13
132 53
132 73
132 95
132 137
134 9
134 19
134 25
134 61
134 73
134 111
134 125
134 189
134 196
136 1
136 3
136 7
136 9
136 13
136 17
136 19
136 21
136 33
136 39
136 43
136 47
136 49
136 51
136 57
136 59
136 63
136 65
136 69
136 71
136 73
136 81
136 83
136 87
136 91
136 93
136 95
136 97
136 99
136 101
136 103
136 107
136 113
136 119
136 121
136 127
136 129
136 131
136 135
136 137
136 141
136 143
136 145
136 149
136 153
136 155
136 157
136 180
136 183
136 184
136 185
136 186
136 187
136 188
136 189
136 190
136 191
136 192
136 194
136 197
136 198
136 199
138 1
138 3
138 5
138 11
138 13
138 15
138 17
138 19
138 21
138 23
138 25
138 27
138 29
138 31
138 35
138 37
138 41
138 43
138 45
138 47
138 49
138 51
138 53
138 57
138 59
138 61
138 65
138 67
138 69
138 75
138 81
138 87
138 91
138 93
138 95
138 97
138 101
138 107
138 109
138 111
138 117
138 119
138 121
138 127
138 129
138 131
138 141
138 147
138 151
138 153
138 181
138 182
138 183
138 184
138 185
138 186
138 187
138 188
138 191
138 194
138 195
138 196
138 197
138 198
140 1
140 3
140 7
140 11
140 13
140 15
140 17
140 21
140 25
140 27
140 29
140 33
140 35
140 37
140 39
140 41
140 45
140 49
140 51
140 53
140 55
140 59
140 61
140 67
140 69
140 83
140 85
140 89
140 91
140 95
140 99
140 101
140 103
140 105
140 113
140 115
140 119
140 121
140 123
140 125
140 127
140 129
140 133
140 135
140 139
140 141
140 143
140 147
140 149
140 151
140 153
140 155
140 180
140 181
140 182
140 184
140 187
140 192
140 195
140 196
140 199
142 3
142 5
142 7
142 9
142 11
142 15
142 17
142 19
142 21
142 23
142 27
142 29
142 33
142 35
142 37
142 39
142 41
142 43
142 45
142 47
142 49
142 51
142 55
142 57
142 59
142 61
142 63
142 65
142 67
142 69
142 71
142 73
142 75
142 77
142 79
142 81
142 83
142 85
142 87
142 89
142 91
142 93
142 95
142 99
142 103
142 105
142 107
142 109
142 111
142 113
142 115
142 117
142 119
142 121
142 123
142 129
142 133
142 135
142 137
142 141
142 143
142 145
142 149
142 151
142 157
142 180
142 181
142 182
142 183
142 184
142 185
142 186
142 187
142 188
142 189
142 190
142 191
142 193
142 194
142 195
142 198
142 199
144 1
144 3
144 5
144 7
144 9
144 11
144 13
144 15
144 17
144 19
144 21
144 25
144 27
144 29
144 31
144 33
144 37
144 39
144 41
144 43
144 45
144 47
144 49
144 51
144 53
144 55
144 57
144 59
144 61
144 63
144 65
144 67
144 69
144 71
144 73
144 75
144 77
144 79
144 81
144 83
144 87
144 91
144 93
144 95
144 97
144 99
144 101
144 103
144 105
144 107
144 109
144 111
144 113
144 115
144 117
144 119
144 123
144 125
144 127
144 129
144 131
144 133
144 135
144 137
144 139
144 141
144 143
144 145
144 147
144 149
144 151
144 155
144 157
144 180
144 181
144 182
144 183
144 184
144 185
144 186
144 187
144 188
144 189
144 190
144 191
144 192
144 193
144 194
144 196
144 197
144 198
144 199
146 15
146 41
146 73
146 85
146 103
146 115
146 139
146 153
146 157
146 184
146 186
146 198
148 3
148 13
148 15
148 23
148 27
148 33
148 41
148 47
148 51
148 55
148 67
148 73
148 77
148 79
148 81
148 83
148 91
148 111
148 113
148 117
148 119
148 127
148 139
148 145
148 149
148 151
148 155
148 157
148 181
148 185
148 186
148 189
148 190
148 191
148 196
148 197
148 198
150 1
150 3
150 5
150 7
150 9
150 15
150 17
150 27
150 29
150 31
150 33
150 37
150 39
150 41
150 43
150 45
150 49
150 51
150 55
150 63
150 67
150 69
150 71
150 73
150 75
150 79
150 81
150 83
150 91
150 95
150 97
150 99
150 101
150 103
150 105
150 107
150 109
150 111
150 113
150 115
150 119
150 123
150 125
150 127
150 129
150 131
150 137
150 139
150 141
150 145
150 147
150 149
150 153
150 155
150 180
150 182
150 183
150 185
150 186
150 187
150 188
150 189
150 190
150 191
150 192
150 193
150 199
152 1
152 3
152 5
152 7
152 9
152 11
152 13
152 15
152 17
152 19
152 21
152 23
152 25
152 27
152 29
152 31
152 33
152 35
152 37
152 39
152 41
152 43
152 45
152 47
152 49
152 51
152 53
152 55
152 57
152 59
152 61
152 63
152 65
152 67
152 69
152 71
152 73
152 75
152 77
152 79
152 81
152 83
152 85
152 87
152 89
152 91
152 93
152 97
152 99
152 101
152 103
152 105
152 107
152 109
152 111
152 113
152 115
152 117
152 119
152 121
152 123
152 125
152 127
152 129
152 131
152 133
152 135
152 137
152 139
152 141
152 143
152 145
152 147
152 149
152 151
152 153
152 155
152 157
152 180
152 181
152 182
152 183
152 184
152 185
152 186
152 187
152 188
152 189
152 190
152 191
152 192
152 193
152 194
152 195
152 196
152 197
152 198
152 199
154 1
154 7
154 9
154 11
154 13
154 19
154 21
154 25
154 27
154 29
154 33
154 35
154 37
154 39
154 41
154 47
154 49
154 51
154 53
154 55
154 57
154 59
154 61
154 63
154 65
154 69
154 71
154 73
154 75
154 77
154 79
154 81
154 85
154 87
154 89
154 93
154 97
154 101
154 105
154 109
154 111
154 113
154 115
154 117
154 119
154 121
154 123
154 125
154 127
154 129
154 131
154 133
154 135
154 141
154 143
154 145
154 147
154 153
154 155
154 157
154 180
154 181
154 183
154 185
154 186
154 187
154 189
154 190
154 192
154 193
154 195
154 198
156 1
156 3
156 5
156 7
156 9
156 11
156 13
156 15
156 17
156 21
156 27
156 29
156 31
156 33
156 37
156 39
156 41
156 43
156 45
156 47
156 51
156 53
156 55
156 69
156 71
156 73
156 75
156 77
156 79
156 81
156 83
156 85
156 87
156 89
156 93
156 99
156 101
156 103
156 107
156 109
156 111
156 115
156 121
156 123
156 125
156 129
156 135
156 137
156 141
156 143
156 153
156 155
156 157
156 181
156 182
156 183
156 184
156 185
156 186
156 187
156 191
156 195
156 196
156 197
156 198
158 3
158 5
158 7
158 15
158 17
158 19
158 21
158 27
158 35
158 37
158 39
158 51
158 53
158 55
158 65
158 67
158 79
158 85
158 87
158 89
158 95
158 97
158 99
158 101
158 113
158 119
158 121
158 123
158 129
158 131
158 149
158 151
158 155
158 157
158 159
158 161
158 163
158 165
158 166
158 167
158 170
158 171
158 173
158 175
158 176
158 183
158 184
158 185
158 187
158 188
158 189
158 190
158 192
158 193
158 194
158 196
159 7
159 17
159 19
159 29
159 39
159 53
159 55
159 57
159 61
159 65
159 71
159 75
159 89
159 93
159 95
159 109
159 111
159 113
159 115
159 119
159 137
159 153
159 155
159 157
159 160
159 161
159 163
159 166
159 173
159 176
159 178
159 180
159 183
159 187
159 190
159 194
159 195
159 197
159 198
160 3
160 29
160 33
160 45
160 53
160 77
160 79
160 87
160 93
160 101
160 107
160 109
160 117
160 123
160 135
160 143
160 162
160 169
160 177
160 180
160 184
160 186
160 189
160 190
160 194
160 195
160 198
161 1
161 7
161 9
161 13
161 17
161 19
161 27
161 29
161 33
161 35
161 37
161 39
161 45
161 47
161 51
161 53
161 73
161 75
161 77
161 79
161 83
161 93
161 95
161 97
161 99
161 105
161 117
161 129
161 131
161 133
161 135
161 141
161 143
161 145
161 147
161 153
161 155
161 162
161 163
161 164
161 167
161 170
161 171
161 173
161 176
161 177
161 178
161 181
161 183
161 184
161 186
161 187
161 189
161 190
161 191
161 192
161 193
161 196
161 197
161 198
162 13
162 21
162 23
162 29
162 33
162 49
162 59
162 75
162 83
162 89
162 95
162 103
162 109
162 117
162 133
162 135
162 157
162 166
162 176
162 178
162 182
162 185
162 191
162 193
163 1
163 3
163 5
163 7
163 9
163 11
163 13
163 15
163 17
163 19
163 21
163 23
163 25
163 27
163 29
163 31
163 33
163 35
163 37
163 39
163 41
163 43
163 45
163 47
163 49
163 51
163 53
163 55
163 57
163 59
163 61
163 63
163 65
163 67
163 69
163 71
163 73
163 75
163 77
163 79
163 81
163 83
163 85
163 87
163 89
163 91
163 93
163 95
163 97
163 99
163 101
163 103
163 105
163 107
163 109
163 111
163 113
163 115
163 117
163 119
163 121
163 123
163 125
163 127
163 129
163 131
163 133
163 135
163 137
163 139
163 141
163 143
163 145
163 147
163 149
163 151
163 153
163 157
163 164
163 165
163 166
163 167
163 168
163 169
163 170
163 171
163 172
163 173
163 174
163 175
163 176
163 177
163 178
163 179
163 180
163 181
163 182
163 183
163 184
163 185
163 186
163 187
163 188
163 189
163 190
163 191
163 192
163 193
163 194
163 195
163 196
163 197
163 198
163 199
164 17
164 29
164 31
164 33
164 75
164 81
164 113
164 145
164 176
164 191
165 61
165 83
165 125
165 197
166 1
166 3
166 7
166 9
166 11
166 17
166 23
166 25
166 31
166 37
166 39
166 43
166 53
166 55
166 59
166 63
166 65
166 69
166 71
166 73
166 75
166 79
166 81
166 87
166 93
166 95
166 105
166 107
166 113
166 115
166 121
166 127
166 129
166 133
166 135
166 143
166 149
166 151
166 155
166 167
166 168
166 169
166 170
166 172
166 174
166 175
166 176
166 177
166 178
166 180
166 181
166 185
166 188
166 189
166 190
166 192
166 193
166 194
166 199
167 1
167 5
167 7
167 9
167 11
167 13
167 15
167 19
167 25
167 27
167 29
167 31
167 35
167 37
167 41
167 43
167 45
167 47
167 51
167 53
167 57
167 63
167 65
167 67
167 69
167 71
167 75
167 77
167 81
167 83
167 87
167 93
167 95
167 97
167 99
167 103
167 109
167 111
167 117
167 119
167 121
167 125
167 129
167 131
167 133
167 135
167 137
167 139
167 145
167 147
167 149
167 155
167 157
167 168
167 169
167 170
167 171
167 172
167 177
167 178
167 179
167 182
167 184
167 186
167 188
167 190
167 194
167 195
167 196
167 197
167 198
167 199
168 131
169 1
169 3
169 7
169 9
169 11
169 17
169 19
169 21
169 25
169 27
169 31
169 35
169 37
169 39
169 41
169 43
169 45
169 47
169 53
169 55
169 57
169 59
169 61
169 65
169 69
169 71
169 75
169 77
169 79
169 81
169 83
169 85
169 91
169 93
169 95
169 97
169 101
169 103
169 105
169 111
169 117
169 119
169 121
169 125
169 127
169 129
169 131
169 133
169 135
169 139
169 141
169 143
169 145
169 147
169 149
169 151
169 153
169 155
169 157
169 171
169 172
169 174
169 175
169 176
169 177
169 178
169 179
169 180
169 181
169 182
169 183
169 184
169 185
169 188
169 191
169 192
169 193
169 194
169 195
169 196
169 198
169 199
170 1
170 5
170 15
170 31
170 37
170 39
170 45
170 55
170 65
170 69
170 79
170 83
170 85
170 89
170 117
170 129
170 131
170 135
170 171
170 173
170 179
170 181
170 182
170 185
170 186
170 188
170 189
170 190
171 3
171 19
171 33
171 35
171 39
171 47
171 49
171 53
171 59
171 63
171 75
171 83
171 89
171 91
171 107
171 115
171 135
171 143
171 149
171 178
171 180
171 181
171 183
171 185
171 187
171 189
171 194
171 196
171 198
172 3
172 5
172 11
172 13
172 19
172 23
172 27
172 29
172 33
172 39
172 41
172 45
172 47
172 49
172 51
172 53
172 55
172 61
172 63
172 65
172 69
172 73
172 75
172 79
172 83
172 85
172 91
172 99
172 101
172 105
172 111
172 115
172 123
172 125
172 127
172 131
172 145
172 149
172 151
172 155
172 157
172 173
172 177
172 180
172 182
172 188
172 190
172 191
172 192
172 194
172 199
173 5
173 9
173 21
173 35
173 41
173 49
173 55
173 59
173 65
173 85
173 87
173 97
173 105
173 127
173 137
173 139
173 141
173 145
173 147
173 153
173 157
173 175
173 177
173 178
173 180
173 184
173 185
173 186
173 189
173 197
174 1
174 3
174 5
174 9
174 11
174 15
174 17
174 19
174 21
174 29
174 31
174 35
174 37
174 39
174 41
174 43
174 45
174 47
174 49
174 51
174 55
174 57
174 61
174 63
174 67
174 71
174 75
174 77
174 79
174 81
174 83
174 85
174 91
174 93
174 95
174 101
174 103
174 105
174 107
174 109
174 113
174 115
174 125
174 129
174 135
174 137
174 143
174 145
174 147
174 149
174 153
174 155
174 177
174 178
174 180
174 181
174 182
174 183
174 185
174 186
174 187
174 189
174 190
174 191
174 193
174 195
174 196
174 198
175 1
175 3
175 5
175 7
175 9
175 11
175 13
175 15
175 17
175 19
175 21
175 23
175 25
175 27
175 29
175 31
175 33
175 35
175 37
175 39
175 41
175 43
175 45
175 47
175 49
175 51
175 53
175 55
175 57
175 59
175 61
175 63
175 65
175 67
175 69
175 71
175 73
175 75
175 77
175 79
175 81
175 83
175 85
175 87
175 89
175 91
175 93
175 95
175 97
175 99
175 101
175 103
175 105
175 107
175 109
175 111
175 113
175 115
175 117
175 119
175 121
175 123
175 125
175 127
175 129
175 131
175 133
175 135
175 137
175 139
175 141
175 143
175 145
175 147
175 149
175 153
175 157
175 176
175 177
175 178
175 179
175 180
175 181
175 182
175 183
175 184
175 185
175 186
175 187
175 188
175 189
175 190
175 191
175 192
175 193
175 194
175 195
175 196
175 197
175 198
175 199
176 5
176 9
176 11
176 13
176 17
176 19
176 23
176 27
176 31
176 33
176 35
176 39
176 45
176 47
176 49
176 55
176 61
176 67
176 69
176 75
176 83
176 89
176 91
176 105
176 107
176 109
176 111
176 113
176 115
176 117
176 121
176 125
176 127
176 129
176 135
176 139
176 141
176 143
176 145
176 147
176 157
176 178
176 181
176 185
176 186
176 189
176 190
176 192
176 196
176 197
176 198
177 29
177 75
177 103
177 117
177 141
177 143
177 185
177 197
178 3
178 5
178 9
178 11
178 13
178 15
178 17
178 19
178 21
178 23
178 25
178 27
178 29
178 31
178 35
178 37
178 39
178 41
178 43
178 45
178 47
178 49
178 51
178 53
178 55
178 57
178 59
178 61
178 63
178 65
178 67
178 69
178 71
178 73
178 75
178 77
178 79
178 81
178 83
178 85
178 87
178 91
178 93
178 95
178 97
178 99
178 101
178 103
178 105
178 107
178 111
178 113
178 115
178 117
178 121
178 123
178 125
178 129
178 131
178 133
178 135
178 137
178 139
178 141
178 143
178 145
178 147
178 151
178 153
178 155
178 157
178 180
178 181
178 183
178 184
178 185
178 186
178 187
178 188
178 189
178 190
178 191
178 192
178 194
178 195
178 197
178 198
178 199
179 180
179 188
179 189
179 192
179 194
179 196
179 199
180 183
180 186
180 187
180 188
180 194
180 195
180 198
181 182
181 183
181 185
181 186
181 188
181 189
181 190
181 191
181 192
181 193
181 194
181 195
181 196
181 199
182 184
182 185
182 195
182 198
183 184
183 186
184 185
184 187
184 188
184 189
184 191
184 192
184 193
184 194
184 195
184 197
184 198
184 199
185 186
185 187
185 188
185 189
185 190
185 191
185 192
185 193
185 194
185 195
185 199
186 187
186 188
186 189
186 191
186 193
186 197
187 188
187 189
187 190
187 191
187 193
187 194
187 196
187 197
187 198
187 199
188 191
188 192
188 194
188 195
189 192
189 193
189 195
189 199
190 191
190 192
190 193
190 194
190 195
190 197
190 199
191 192
191 197
191 199
192 195
192 196
192 197
192 198
192 199
193 199
194 197
194 199
195 196
195 197
195 199
196 197
197 199
198 199
