200
0 800 3.5
1 800 3.5
2 800 3.5
3 800 3.5
4 800 3.5
5 800 3.5
6 800 3.5
7 800 3.5
8 800 3.5
9 800 3.5
10 800 3.5
11 800 3.5
12 800 3.5
13 800 3.5
14 800 3.5
15 800 3.5
16 800 3.5
17 800 3.5
18 800 3.5
19 800 3.5
20 800 3.7
21 800 3.7
22 800 3.7
23 800 3.7
24 800 3.7
25 800 3.5
26 800 3.5
27 800 3.5
28 800 3.5
29 800 3.5
30 800 3.7
31 800 3.7
32 800 3.7
33 800 3.7
34 800 3.7
35 800 3.5
36 800 3.5
37 800 3.5
38 800 3.5
39 800 3.5
40 800 3.7
41 800 3.7
42 800 3.7
43 800 3.7
44 800 3.7
45 800 3.5
46 800 3.5
47 800 3.5
48 800 3.5
49 800 3.5
50 800 3.7
51 800 3.7
52 800 3.7
53 800 3.7
54 800 3.7
55 800 3.6
56 800 3.6
57 800 3.6
58 800 3.6
59 800 3.6
60 800 3.6
61 800 3.6
62 800 3.6
63 800 3.6
64 800 3.6
65 800 3.7
66 800 3.7
67 800 3.7
68 800 3.7
69 800 3.7
70 800 3.5
71 800 3.5
72 800 3.5
73 800 3.5
74 800 3.5
75 800 3.7
76 800 3.7
77 800 3.7
78 800 3.7
79 800 3.7
80 800 3.5
81 800 3.5
82 800 3.5
83 800 3.5
84 800 3.5
85 800 3.7
86 800 3.7
87 800 3.7
88 800 3.7
89 800 3.7
90 800 3.5
91 800 3.5
92 800 3.5
93 800 3.5
94 800 3.5
95 800 3.7
96 800 3.7
97 800 3.7
98 800 3.7
99 800 3.7
100 800 3.6
101 800 3.6
102 800 3.6
103 800 3.6
104 800 3.6
105 800 3.7
106 800 3.7
107 800 3.7
108 800 3.7
109 800 3.7
110 800 3.7
111 800 3.7
112 800 3.7
113 800 3.7
114 800 3.7
115 800 3.5
116 800 3.5
117 800 3.5
118 800 3.5
119 800 3.5
120 800 3.7
121 800 3.7
122 800 3.7
123 800 3.7
124 800 3.7
125 800 3.5
126 800 3.5
127 800 3.5
128 800 3.5
129 800 3.5
130 800 3.5
131 800 3.5
132 800 3.5
133 800 3.5
134 800 3.5
135 800 3.7
136 800 3.7
137 800 3.7
138 800 3.7
139 800 3.7
140 800 3.7
141 800 3.7
142 800 3.7
143 800 3.7
144 800 3.7
145 800 3.6
146 800 3.6
147 800 3.6
148 800 3.6
149 800 3.6
150 800 3.6
151 800 3.6
152 800 3.6
153 800 3.6
154 800 3.6
155 800 3.6
156 800 3.6
157 800 3.6
158 800 3.6
159 800 3.6
160 800 3.7
161 800 3.7
162 800 3.7
163 800 3.7
164 800 3.7
165 800 3.5
166 800 3.5
167 800 3.5
168 800 3.5
169 800 3.5
170 800 3.7
171 800 3.7
172 800 3.7
173 800 3.7
174 800 3.7
175 800 3.7
176 800 3.7
177 800 3.7
178 800 3.7
179 800 3.7
180 800 3.7
181 800 3.7
182 800 3.7
183 800 3.7
184 800 3.7
185 800 3.6
186 800 3.6
187 800 3.6
188 800 3.6
189 800 3.6
190 800 3.5
191 800 3.5
192 800 3.5
193 800 3.5
194 800 3.5
195 800 3.5
196 800 3.5
197 800 3.5
198 800 3.5
199 800 3.5
0 1
0 2
0 3
0 4
0 6
0 9
0 11
0 13
0 16
0 19
0 21
0 22
0 24
0 28
0 29
0 31
0 32
0 37
0 39
0 41
0 42
0 43
0 44
0 46
0 47
0 51
0 52
0 53
0 56
0 57
0 59
0 66
0 68
0 72
0 74
0 82
0 83
0 84
0 91
0 92
0 96
0 99
0 103
0 106
0 107
0 108
0 111
0 113
0 114
0 116
0 118
0 124
0 126
0 127
0 128
0 136
0 137
0 142
0 144
0 146
0 147
0 149
0 163
0 167
0 169
0 171
0 173
0 174
0 177
0 178
0 181
0 183
0 184
0 189
0 191
0 196
1 2
1 3
1 8
1 17
1 18
1 19
1 33
1 34
1 37
1 38
1 39
1 43
1 44
1 53
1 57
1 63
1 69
1 73
1 74
1 77
1 82
1 87
1 89
1 93
1 104
1 108
1 129
1 132
1 137
1 142
1 144
1 147
1 152
1 154
1 163
1 167
1 172
1 174
1 187
1 189
1 199
2 3
2 13
2 18
2 23
2 24
2 39
2 43
2 48
2 58
2 63
2 84
2 93
2 94
2 103
2 104
2 113
2 114
2 124
2 138
2 139
2 148
2 164
2 179
2 188
2 189
3 14
3 19
3 24
3 34
3 59
3 69
3 74
3 79
3 84
3 99
3 104
3 139
3 184
5 2
5 3
5 4
5 6
5 7
5 8
5 9
5 13
5 14
5 16
5 17
5 18
5 19
5 24
5 26
5 29
5 33
5 34
5 36
5 37
5 39
5 41
5 42
5 43
5 44
5 46
5 47
5 49
5 54
5 56
5 57
5 58
5 62
5 63
5 69
5 71
5 74
5 76
5 77
5 78
5 81
5 91
5 94
5 96
5 99
5 101
5 102
5 103
5 104
5 106
5 108
5 109
5 111
5 112
5 116
5 117
5 118
5 122
5 123
5 124
5 126
5 127
5 128
5 129
5 131
5 133
5 134
5 137
5 138
5 141
5 142
5 143
5 146
5 149
5 154
5 156
5 157
5 158
5 159
5 161
5 163
5 164
5 166
5 169
5 171
5 172
5 173
5 174
5 176
5 177
5 178
5 179
5 181
5 182
5 183
5 184
5 186
5 187
5 188
5 189
5 191
5 192
5 193
5 194
5 197
6 2
6 4
6 7
6 18
6 23
6 24
6 72
6 112
6 114
6 119
6 122
6 132
6 174
6 179
6 184
6 188
6 192
6 199
7 4
7 8
7 9
7 13
7 18
7 19
7 24
7 28
7 29
7 33
7 34
7 39
7 43
7 44
7 48
7 53
7 54
7 58
7 63
7 69
7 73
7 74
7 78
7 79
7 83
7 84
7 88
7 93
7 94
7 104
7 108
7 109
7 113
7 119
7 123
7 128
7 129
7 133
7 134
7 138
7 139
7 148
7 149
7 153
7 154
7 159
7 163
7 164
7 169
7 173
7 174
7 178
7 179
7 184
7 189
7 193
7 194
7 198
8 29
8 94
10 1
10 2
10 3
10 14
10 16
10 18
10 23
10 24
10 26
10 27
10 32
10 42
10 46
10 47
10 53
10 54
10 58
10 59
10 66
10 69
10 74
10 86
10 89
10 91
10 97
10 102
10 106
10 107
10 109
10 113
10 116
10 117
10 119
10 121
10 122
10 123
10 124
10 128
10 129
10 132
10 133
10 138
10 142
10 143
10 144
10 146
10 153
10 156
10 157
10 158
10 159
10 161
10 162
10 168
10 173
10 188
10 198
10 199
11 4
11 8
11 12
11 13
11 17
11 24
11 27
11 28
11 39
11 43
11 49
11 57
11 63
11 64
11 67
11 68
11 73
11 77
11 84
11 89
11 92
11 98
11 99
11 103
11 104
11 109
11 123
11 128
11 129
11 137
11 143
11 144
11 158
11 162
11 168
11 172
11 174
11 177
11 183
11 187
11 189
12 3
12 4
12 8
12 9
12 13
12 14
12 18
12 19
12 24
12 28
12 29
12 33
12 34
12 38
12 39
12 43
12 44
12 48
12 49
12 53
12 54
12 58
12 59
12 63
12 64
12 68
12 69
12 74
12 78
12 79
12 83
12 84
12 88
12 89
12 93
12 98
12 99
12 103
12 104
12 108
12 109
12 113
12 114
12 118
12 119
12 123
12 124
12 128
12 129
12 133
12 134
12 138
12 139
12 143
12 144
12 148
12 149
12 153
12 154
12 158
12 159
12 163
12 164
12 168
12 169
12 173
12 174
12 179
12 183
12 184
12 188
12 189
12 194
12 198
12 199
13 4
13 14
13 24
13 34
13 54
13 64
13 84
13 99
13 124
13 129
13 149
13 159
15 1
15 11
15 27
15 38
15 44
15 56
15 58
15 63
15 66
15 76
15 87
15 89
15 97
15 101
15 102
15 103
15 104
15 111
15 113
15 117
15 118
15 122
15 124
15 127
15 131
15 136
15 144
15 148
15 149
15 151
15 153
15 156
15 164
15 167
15 172
15 173
15 177
15 181
15 183
15 193
15 198
15 199
16 8
16 9
16 24
16 32
16 33
16 34
16 38
16 42
16 43
16 48
16 54
16 64
16 67
16 79
16 82
16 83
16 84
16 99
16 103
16 104
16 107
16 122
16 132
16 143
16 144
16 147
16 153
16 154
16 157
16 159
16 164
16 172
16 173
16 174
16 177
16 182
16 192
16 194
16 199
17 3
17 4
17 8
17 9
17 13
17 14
17 18
17 19
17 23
17 28
17 29
17 33
17 34
17 38
17 39
17 43
17 44
17 48
17 54
17 58
17 63
17 64
17 68
17 69
17 73
17 74
17 78
17 79
17 84
17 93
17 94
17 98
17 103
17 104
17 108
17 113
17 118
17 119
17 123
17 124
17 128
17 129
17 133
17 134
17 139
17 143
17 144
17 148
17 149
17 153
17 154
17 158
17 159
17 163
17 164
17 168
17 169
17 173
17 174
17 178
17 183
17 184
17 188
17 189
17 193
17 194
17 198
17 199
18 4
18 9
18 14
18 19
18 24
18 34
18 49
18 54
18 59
18 64
18 69
18 79
18 94
18 99
18 104
18 109
18 114
18 124
18 129
18 134
18 139
18 144
18 149
18 154
18 159
18 164
18 184
18 189
18 194
18 199
20 2
20 4
20 6
20 7
20 9
20 12
20 13
20 14
20 19
20 21
20 22
20 23
20 24
20 26
20 33
20 34
20 37
20 41
20 42
20 47
20 49
20 52
20 56
20 59
20 61
20 63
20 64
20 66
20 67
20 68
20 71
20 72
20 74
20 77
20 78
20 79
20 81
20 82
20 89
20 92
20 93
20 97
20 98
20 99
20 101
20 104
20 107
20 108
20 111
20 112
20 116
20 117
20 118
20 119
20 122
20 123
20 124
20 126
20 127
20 131
20 132
20 133
20 134
20 136
20 139
20 141
20 142
20 143
20 144
20 146
20 148
20 151
20 152
20 153
20 154
20 157
20 158
20 159
20 161
20 162
20 163
20 164
20 166
20 168
20 169
20 171
20 172
20 174
20 177
20 179
20 181
20 183
20 184
20 187
20 188
20 191
20 192
20 193
20 194
20 198
21 8
21 9
21 13
21 18
21 23
21 24
21 28
21 32
21 34
21 43
21 47
21 49
21 52
21 62
21 63
21 69
21 72
21 73
21 78
21 82
21 84
21 87
21 92
21 94
21 97
21 107
21 129
21 133
21 134
21 142
21 143
21 149
21 172
21 173
21 178
21 179
21 192
21 193
22 4
22 29
22 34
22 39
22 43
22 53
22 59
22 63
22 73
22 83
22 84
22 93
22 98
22 103
22 118
22 129
22 143
22 153
22 163
22 168
22 169
22 183
22 188
22 194
22 198
23 9
23 19
23 24
23 34
23 39
23 54
23 74
23 89
23 94
23 104
23 114
23 129
23 144
23 154
23 179
23 189
25 1
25 2
25 3
25 4
25 6
25 7
25 8
25 9
25 11
25 12
25 13
25 14
25 16
25 17
25 18
25 19
25 21
25 22
25 23
25 24
25 26
25 27
25 28
25 29
25 31
25 32
25 33
25 34
25 36
25 37
25 38
25 39
25 41
25 42
25 43
25 44
25 46
25 47
25 48
25 49
25 51
25 52
25 53
25 54
25 56
25 57
25 58
25 59
25 62
25 63
25 64
25 66
25 67
25 68
25 69
25 71
25 72
25 73
25 74
25 76
25 77
25 78
25 79
25 81
25 82
25 83
25 84
25 86
25 87
25 88
25 89
25 91
25 92
25 93
25 94
25 96
25 97
25 98
25 99
25 101
25 102
25 103
25 104
25 106
25 107
25 108
25 109
25 111
25 112
25 113
25 114
25 116
25 117
25 118
25 119
25 122
25 123
25 124
25 126
25 127
25 128
25 129
25 131
25 132
25 133
25 134
25 136
25 137
25 138
25 141
25 142
25 143
25 144
25 146
25 147
25 148
25 149
25 151
25 152
25 153
25 154
25 156
25 157
25 158
25 159
25 161
25 162
25 163
25 164
25 166
25 167
25 168
25 169
25 171
25 172
25 173
25 174
25 177
25 178
25 179
25 181
25 182
25 183
25 184
25 186
25 187
25 188
25 189
25 191
25 192
25 193
25 194
25 197
25 198
25 199
26 2
26 13
26 19
26 22
26 23
26 32
26 33
26 49
26 58
26 62
26 74
26 78
26 82
26 107
26 108
26 109
26 118
26 154
26 157
26 168
26 187
26 194
27 3
27 4
27 8
27 9
27 13
27 18
27 19
27 23
27 33
27 34
27 43
27 44
27 48
27 53
27 54
27 58
27 59
27 63
27 69
27 74
27 78
27 79
27 83
27 84
27 93
27 98
27 103
27 104
27 108
27 113
27 114
27 118
27 119
27 123
27 129
27 138
27 143
27 144
27 148
27 149
27 153
27 154
27 158
27 164
27 168
27 169
27 173
27 174
27 178
27 193
27 198
27 199
28 4
28 9
28 14
28 19
28 24
28 29
28 34
28 39
28 44
28 49
28 54
28 59
28 64
28 69
28 74
28 79
28 84
28 94
28 99
28 104
28 109
28 114
28 119
28 124
28 129
28 134
28 139
28 144
28 149
28 154
28 159
28 164
28 169
28 174
28 179
28 184
28 189
28 194
28 199
30 1
30 3
30 4
30 11
30 12
30 14
30 16
30 17
30 19
30 21
30 22
30 23
30 24
30 26
30 27
30 29
30 31
30 33
30 36
30 39
30 43
30 46
30 49
30 51
30 56
30 57
30 58
30 61
30 64
30 66
30 67
30 68
30 69
30 72
30 73
30 74
30 76
30 77
30 78
30 79
30 81
30 82
30 83
30 84
30 86
30 87
30 89
30 91
30 92
30 93
30 96
30 97
30 99
30 102
30 107
30 109
30 111
30 112
30 113
30 114
30 116
30 119
30 121
30 122
30 124
30 126
30 133
30 134
30 136
30 137
30 138
30 141
30 143
30 147
30 151
30 152
30 153
30 154
30 158
30 159
30 161
30 162
30 164
30 167
30 169
30 171
30 174
30 176
30 179
30 183
30 186
30 191
30 193
30 197
30 199
31 2
31 3
31 4
31 7
31 8
31 9
31 13
31 17
31 18
31 19
31 22
31 24
31 27
31 28
31 33
31 34
31 37
31 38
31 39
31 42
31 43
31 44
31 48
31 49
31 52
31 53
31 54
31 57
31 58
31 59
31 62
31 63
31 64
31 67
31 68
31 69
31 72
31 73
31 74
31 77
31 78
31 79
31 82
31 83
31 84
31 87
31 88
31 92
31 93
31 94
31 97
31 99
31 103
31 104
31 107
31 108
31 112
31 113
31 114
31 117
31 118
31 119
31 124
31 127
31 129
31 132
31 137
31 139
31 142
31 144
31 147
31 149
31 152
31 154
31 157
31 162
31 163
31 164
31 167
31 168
31 172
31 173
31 174
31 177
31 178
31 179
31 182
31 183
31 184
31 187
31 188
31 189
31 192
31 193
31 197
31 199
32 3
32 8
32 13
32 19
32 23
32 24
32 29
32 33
32 38
32 39
32 43
32 48
32 54
32 58
32 59
32 69
32 73
32 74
32 78
32 83
32 89
32 98
32 104
32 109
32 113
32 118
32 123
32 124
32 128
32 143
32 149
32 153
32 154
32 158
32 159
32 163
32 164
32 168
32 169
32 173
32 174
32 179
32 183
32 184
32 189
32 193
32 199
33 4
33 9
33 14
33 19
33 24
33 29
33 34
33 39
33 44
33 49
33 54
33 59
33 64
33 69
33 74
33 84
33 89
33 94
33 109
33 124
33 129
33 134
33 139
33 149
33 154
33 159
33 164
33 169
33 179
33 184
33 189
33 194
35 19
35 22
35 36
35 47
35 51
35 56
35 57
35 73
35 76
35 81
35 83
35 84
35 92
35 93
35 98
35 102
35 106
35 108
35 111
35 123
35 133
35 134
35 139
35 143
35 144
35 151
35 158
35 163
35 167
35 178
35 179
35 196
35 197
36 4
36 8
36 17
36 18
36 22
36 23
36 24
36 27
36 29
36 33
36 37
36 38
36 42
36 44
36 47
36 48
36 53
36 54
36 57
36 58
36 63
36 67
36 68
36 69
36 72
36 74
36 78
36 79
36 82
36 84
36 87
36 88
36 89
36 94
36 97
36 98
36 99
36 102
36 104
36 108
36 109
36 112
36 118
36 119
36 122
36 137
36 138
36 148
36 149
36 154
36 159
36 162
36 167
36 168
36 173
36 174
36 177
36 178
36 179
36 184
36 187
36 188
36 193
36 194
36 198
36 199
37 3
37 8
37 18
37 33
37 38
37 43
37 48
37 64
37 68
37 69
37 73
37 74
37 79
37 93
37 94
37 98
37 99
37 119
37 129
37 134
37 139
37 178
38 9
38 14
38 19
38 34
38 129
38 159
38 164
38 169
38 194
40 1
40 3
40 4
40 6
40 7
40 8
40 9
40 11
40 12
40 13
40 14
40 16
40 17
40 18
40 19
40 21
40 23
40 26
40 27
40 28
40 29
40 31
40 32
40 34
40 36
40 38
40 39
40 41
40 42
40 43
40 46
40 48
40 51
40 53
40 54
40 56
40 57
40 58
40 59
40 62
40 63
40 64
40 67
40 68
40 71
40 72
40 73
40 74
40 76
40 77
40 78
40 79
40 81
40 82
40 83
40 84
40 86
40 87
40 89
40 91
40 92
40 93
40 94
40 96
40 97
40 98
40 99
40 101
40 103
40 104
40 106
40 107
40 112
40 113
40 114
40 117
40 118
40 119
40 121
40 122
40 124
40 126
40 127
40 128
40 129
40 131
40 132
40 133
40 134
40 136
40 137
40 139
40 141
40 142
40 143
40 144
40 146
40 147
40 148
40 149
40 151
40 152
40 153
40 154
40 156
40 157
40 158
40 159
40 161
40 162
40 166
40 167
40 171
40 172
40 173
40 174
40 176
40 177
40 178
40 179
40 181
40 182
40 183
40 184
40 186
40 187
40 188
40 189
40 191
40 192
40 193
40 194
40 196
40 197
40 198
41 2
41 3
41 4
41 7
41 8
41 9
41 12
41 13
41 14
41 17
41 18
41 19
41 22
41 23
41 24
41 27
41 28
41 29
41 32
41 33
41 34
41 37
41 38
41 39
41 42
41 43
41 44
41 47
41 48
41 49
41 52
41 53
41 54
41 57
41 58
41 59
41 62
41 63
41 64
41 67
41 68
41 69
41 72
41 73
41 74
41 77
41 78
41 79
41 82
41 83
41 84
41 87
41 88
41 89
41 92
41 93
41 94
41 97
41 98
41 99
41 102
41 103
41 104
41 107
41 108
41 109
41 112
41 113
41 114
41 117
41 118
41 119
41 122
41 123
41 124
41 127
41 129
41 133
41 134
41 137
41 138
41 139
41 142
41 143
41 144
41 147
41 148
41 149
41 152
41 153
41 154
41 157
41 158
41 159
41 162
41 163
41 164
41 167
41 168
41 169
41 172
41 173
41 174
41 177
41 178
41 179
41 182
41 184
41 187
41 188
41 189
41 192
41 193
41 194
41 197
41 198
41 199
42 3
42 4
42 9
42 13
42 24
42 38
42 58
42 73
42 74
42 79
42 84
42 88
42 94
42 98
42 104
42 114
42 119
42 134
42 143
42 149
42 154
42 159
42 169
42 173
42 178
42 179
42 183
42 189
42 193
42 194
43 4
43 9
43 34
43 49
43 54
43 64
43 69
43 84
43 99
43 114
43 119
43 129
43 149
43 159
45 2
45 3
45 13
45 14
45 17
45 18
45 23
45 31
45 33
45 37
45 38
45 39
45 44
45 54
45 58
45 59
45 61
45 68
45 69
45 79
45 88
45 92
45 94
45 97
45 98
45 108
45 109
45 117
45 121
45 122
45 123
45 134
45 137
45 139
45 142
45 151
45 153
45 154
45 159
45 162
45 163
45 164
45 166
45 167
45 168
45 171
45 177
45 179
45 187
45 188
45 191
45 194
45 198
45 199
46 2
46 3
46 4
46 8
46 9
46 12
46 13
46 17
46 18
46 19
46 22
46 23
46 24
46 27
46 29
46 32
46 34
46 37
46 38
46 39
46 42
46 43
46 44
46 47
46 48
46 49
46 53
46 54
46 58
46 59
46 62
46 63
46 64
46 67
46 68
46 69
46 72
46 73
46 74
46 77
46 78
46 79
46 82
46 83
46 84
46 87
46 89
46 92
46 93
46 94
46 97
46 98
46 99
46 102
46 103
46 104
46 107
46 108
46 109
46 112
46 113
46 114
46 117
46 118
46 119
46 122
46 123
46 124
46 127
46 128
46 129
46 132
46 133
46 134
46 137
46 138
46 139
46 142
46 144
46 147
46 148
46 152
46 153
46 154
46 157
46 158
46 159
46 162
46 163
46 164
46 167
46 169
46 172
46 173
46 177
46 178
46 179
46 182
46 183
46 184
46 187
46 188
46 192
46 193
46 194
46 197
46 198
46 199
47 8
47 18
47 39
47 68
47 69
47 73
47 79
47 88
47 93
47 104
47 118
47 139
47 153
47 154
47 158
47 159
47 163
47 168
47 173
47 174
47 183
47 194
48 4
48 14
48 19
48 44
48 49
48 54
48 59
48 64
48 69
48 79
48 89
48 94
48 99
48 114
48 119
48 129
48 139
48 149
48 164
48 174
48 189
50 7
50 12
50 24
50 36
50 44
50 46
50 48
50 52
50 54
50 63
50 67
50 69
50 73
50 81
50 84
50 94
50 96
50 106
50 111
50 122
50 129
50 131
50 132
50 152
50 156
50 163
50 172
50 182
50 191
50 192
51 2
51 3
51 4
51 7
51 8
51 9
51 12
51 13
51 14
51 17
51 18
51 19
51 22
51 23
51 24
51 27
51 28
51 29
51 32
51 33
51 34
51 37
51 38
51 39
51 42
51 43
51 44
51 47
51 48
51 49
51 52
51 53
51 54
51 57
51 58
51 59
51 62
51 63
51 67
51 68
51 69
51 72
51 73
51 74
51 77
51 78
51 82
51 83
51 84
51 87
51 88
51 89
51 92
51 93
51 94
51 97
51 98
51 99
51 102
51 103
51 104
51 107
51 108
51 109
51 112
51 113
51 114
51 117
51 118
51 119
51 122
51 123
51 124
51 127
51 128
51 129
51 132
51 133
51 134
51 138
51 139
51 142
51 143
51 147
51 148
51 149
51 152
51 153
51 154
51 157
51 159
51 162
51 163
51 164
51 167
51 168
51 169
51 172
51 173
51 174
51 177
51 178
51 179
51 182
51 183
51 184
51 187
51 188
51 189
51 192
51 193
51 194
51 197
51 198
51 199
52 4
52 8
52 24
52 28
52 29
52 33
52 34
52 43
52 48
52 49
52 54
52 63
52 64
52 69
52 74
52 83
52 89
52 93
52 108
52 109
52 119
52 123
52 128
52 129
52 134
52 144
52 159
53 124
53 129
53 134
53 179
53 184
55 1
55 2
55 3
55 7
55 8
55 9
55 11
55 13
55 14
55 16
55 19
55 22
55 23
55 26
55 27
55 28
55 34
55 36
55 38
55 41
55 43
55 47
55 51
55 52
55 53
55 57
55 58
55 61
55 62
55 63
55 64
55 69
55 71
55 72
55 73
55 74
55 76
55 79
55 81
55 82
55 83
55 91
55 98
55 99
55 102
55 104
55 107
55 108
55 113
55 114
55 116
55 117
55 118
55 121
55 123
55 126
55 128
55 129
55 133
55 136
55 137
55 138
55 144
55 146
55 148
55 152
55 153
55 156
55 157
55 158
55 162
55 164
55 166
55 167
55 174
55 177
55 178
55 182
55 188
55 191
55 192
55 193
55 194
55 197
56 67
56 79
56 167
56 183
57 4
57 8
57 9
57 13
57 19
57 23
57 28
57 33
57 34
57 38
57 39
57 43
57 48
57 49
57 54
57 58
57 59
57 63
57 64
57 68
57 74
57 79
57 83
57 88
57 98
57 99
57 103
57 109
57 129
57 138
57 139
57 144
57 153
57 154
57 158
57 164
57 168
57 169
57 174
57 183
57 188
57 189
57 193
57 194
57 198
58 4
58 9
58 14
58 19
58 29
58 39
58 44
58 49
58 64
58 69
58 74
58 79
58 84
58 89
58 99
58 104
58 114
58 124
58 129
58 134
58 139
58 144
58 149
58 154
58 164
58 169
58 174
58 184
58 189
60 1
60 2
60 7
60 8
60 12
60 13
60 16
60 17
60 18
60 19
60 21
60 22
60 23
60 24
60 26
60 27
60 28
60 31
60 32
60 34
60 36
60 37
60 38
60 39
60 41
60 42
60 44
60 46
60 49
60 51
60 52
60 53
60 54
60 56
60 57
60 58
60 59
60 62
60 66
60 67
60 69
60 71
60 72
60 73
60 77
60 78
60 79
60 81
60 82
60 83
60 86
60 87
60 89
60 91
60 93
60 96
60 97
60 98
60 101
60 102
60 103
60 104
60 107
60 108
60 109
60 111
60 112
60 113
60 114
60 116
60 117
60 118
60 121
60 122
60 123
60 124
60 131
60 136
60 137
60 138
60 139
60 142
60 143
60 146
60 151
60 153
60 154
60 157
60 158
60 159
60 161
60 162
60 163
60 167
60 168
60 169
60 172
60 173
60 174
60 176
60 177
60 178
60 179
60 181
60 182
60 184
60 186
60 187
60 188
60 189
60 191
60 192
60 193
60 194
60 196
60 197
60 198
61 2
61 3
61 4
61 7
61 9
61 12
61 13
61 17
61 18
61 19
61 22
61 23
61 24
61 28
61 29
61 34
61 37
61 39
61 42
61 43
61 44
61 48
61 49
61 52
61 53
61 54
61 58
61 59
61 62
61 63
61 64
61 69
61 73
61 74
61 79
61 82
61 83
61 84
61 87
61 88
61 89
61 92
61 93
61 94
61 97
61 102
61 103
61 104
61 107
61 108
61 109
61 112
61 113
61 117
61 118
61 122
61 123
61 127
61 129
61 132
61 133
61 134
61 137
61 139
61 143
61 147
61 148
61 149
61 152
61 153
61 154
61 157
61 158
61 159
61 163
61 164
61 168
61 169
61 172
61 174
61 177
61 178
61 179
61 182
61 183
61 184
61 188
61 192
61 193
61 197
62 3
62 4
62 8
62 9
62 13
62 14
62 18
62 19
62 23
62 24
62 33
62 38
62 39
62 43
62 44
62 49
62 53
62 58
62 59
62 64
62 68
62 69
62 73
62 74
62 78
62 79
62 84
62 89
62 103
62 114
62 119
62 123
62 128
62 129
62 139
62 143
62 144
62 148
62 149
62 154
62 158
62 163
62 168
62 169
62 173
62 174
62 178
62 179
62 188
62 189
62 193
62 194
62 198
62 199
63 4
63 19
63 29
63 34
63 39
63 44
63 49
63 54
63 59
63 64
63 69
63 79
63 84
63 89
63 94
63 99
63 104
63 109
63 114
63 119
63 134
63 139
63 144
63 149
63 154
63 159
63 164
63 169
63 179
63 184
63 194
63 199
65 2
65 3
65 4
65 6
65 7
65 11
65 12
65 13
65 14
65 16
65 17
65 18
65 19
65 21
65 22
65 23
65 24
65 26
65 27
65 28
65 29
65 31
65 32
65 33
65 34
65 36
65 37
65 38
65 39
65 41
65 42
65 43
65 44
65 46
65 48
65 49
65 51
65 52
65 53
65 54
65 56
65 57
65 58
65 59
65 61
65 62
65 63
65 67
65 68
65 69
65 71
65 72
65 73
65 74
65 76
65 77
65 78
65 79
65 81
65 82
65 84
65 86
65 87
65 88
65 89
65 92
65 93
65 94
65 96
65 97
65 98
65 101
65 102
65 103
65 104
65 106
65 107
65 108
65 109
65 111
65 112
65 113
65 114
65 116
65 117
65 118
65 119
65 122
65 123
65 124
65 126
65 127
65 128
65 129
65 131
65 132
65 133
65 134
65 136
65 137
65 138
65 139
65 141
65 143
65 144
65 146
65 147
65 148
65 149
65 151
65 152
65 153
65 154
65 156
65 157
65 158
65 159
65 161
65 162
65 163
65 164
65 166
65 167
65 168
65 169
65 172
65 173
65 174
65 176
65 177
65 178
65 179
65 183
65 186
65 187
65 188
65 189
65 191
65 192
65 193
65 194
65 196
65 197
65 198
65 199
66 3
66 4
66 7
66 8
66 9
66 12
66 13
66 14
66 17
66 18
66 19
66 22
66 23
66 24
66 27
66 28
66 29
66 38
66 39
66 42
66 43
66 44
66 48
66 49
66 52
66 53
66 54
66 57
66 58
66 62
66 63
66 64
66 67
66 68
66 69
66 72
66 73
66 77
66 78
66 84
66 88
66 92
66 93
66 94
66 97
66 98
66 102
66 103
66 107
66 108
66 109
66 112
66 114
66 118
66 124
66 127
66 129
66 132
66 133
66 134
66 137
66 138
66 139
66 144
66 147
66 148
66 149
66 152
66 153
66 154
66 157
66 158
66 159
66 162
66 163
66 164
66 167
66 168
66 169
66 172
66 174
66 177
66 178
66 179
66 182
66 183
66 188
66 189
66 192
66 194
66 197
66 199
67 3
67 9
67 13
67 14
67 19
67 23
67 24
67 28
67 33
67 38
67 43
67 44
67 48
67 53
67 54
67 58
67 59
67 63
67 73
67 74
67 79
67 84
67 89
67 93
67 98
67 99
67 103
67 109
67 113
67 114
67 118
67 119
67 123
67 129
67 134
67 138
67 139
67 143
67 144
67 148
67 149
67 158
67 164
67 168
67 169
67 174
67 178
67 179
67 183
67 184
67 189
67 193
67 194
67 198
68 4
68 9
68 14
68 19
68 24
68 29
68 34
68 44
68 49
68 54
68 59
68 64
68 69
68 74
68 79
68 84
68 89
68 94
68 99
68 104
68 109
68 114
68 119
68 124
68 129
68 134
68 139
68 144
68 149
68 154
68 164
68 169
68 174
68 179
68 184
68 189
68 194
68 199
70 7
70 12
70 13
70 14
70 16
70 18
70 19
70 22
70 24
70 26
70 27
70 32
70 34
70 44
70 46
70 51
70 54
70 56
70 57
70 58
70 59
70 61
70 63
70 64
70 66
70 69
70 71
70 72
70 74
70 77
70 78
70 81
70 83
70 86
70 88
70 91
70 92
70 97
70 102
70 107
70 108
70 116
70 118
70 121
70 123
70 127
70 129
70 133
70 138
70 141
70 147
70 152
70 153
70 154
70 156
70 157
70 158
70 161
70 163
70 167
70 171
70 176
70 182
70 186
70 193
71 7
71 8
71 12
71 13
71 17
71 19
71 22
71 23
71 28
71 29
71 39
71 42
71 43
71 47
71 48
71 52
71 53
71 54
71 67
71 69
71 73
71 77
71 78
71 79
71 82
71 83
71 84
71 87
71 89
71 94
71 97
71 98
71 103
71 114
71 122
71 127
71 128
71 132
71 134
71 139
71 142
71 143
71 144
71 147
71 148
71 153
71 158
71 159
71 162
71 164
71 172
71 177
71 179
71 182
71 184
71 187
71 188
71 189
71 192
71 193
71 194
71 198
71 199
72 3
72 4
72 8
72 13
72 18
72 23
72 28
72 29
72 33
72 34
72 38
72 43
72 44
72 54
72 59
72 63
72 64
72 68
72 69
72 73
72 74
72 79
72 83
72 84
72 93
72 94
72 98
72 103
72 104
72 109
72 114
72 118
72 119
72 124
72 128
72 129
72 134
72 138
72 139
72 143
72 149
72 159
72 163
72 164
72 169
72 173
72 174
72 178
72 179
72 188
72 189
72 193
72 199
73 4
73 9
73 39
73 44
73 49
73 54
73 64
73 69
73 74
73 79
73 89
73 104
73 109
73 114
73 119
73 124
73 129
73 134
73 139
73 144
73 149
73 154
73 159
73 164
73 169
73 174
73 179
73 184
73 189
73 194
75 3
75 4
75 6
75 7
75 8
75 11
75 12
75 13
75 14
75 16
75 21
75 24
75 26
75 27
75 32
75 33
75 37
75 38
75 39
75 42
75 49
75 51
75 52
75 54
75 56
75 59
75 61
75 62
75 64
75 68
75 69
75 71
75 74
75 76
75 79
75 81
75 82
75 83
75 84
75 86
75 88
75 91
75 94
75 96
75 98
75 99
75 101
75 106
75 108
75 111
75 113
75 114
75 118
75 119
75 121
75 122
75 123
75 126
75 127
75 136
75 137
75 141
75 142
75 144
75 146
75 149
75 152
75 153
75 157
75 159
75 164
75 172
75 173
75 174
75 177
75 178
75 181
75 182
75 183
75 186
75 187
75 191
75 193
75 194
75 197
75 199
76 3
76 8
76 19
76 24
76 27
76 28
76 29
76 32
76 34
76 39
76 42
76 43
76 48
76 52
76 53
76 59
76 63
76 64
76 67
76 68
76 69
76 77
76 84
76 89
76 97
76 99
76 102
76 107
76 108
76 112
76 114
76 117
76 128
76 129
76 134
76 139
76 142
76 143
76 149
76 152
76 154
76 163
76 168
76 169
76 174
76 178
76 182
76 183
76 187
76 189
76 194
76 198
77 109
78 24
78 49
78 59
78 74
78 79
78 149
78 199
80 2
80 3
80 8
80 9
80 24
80 27
80 29
80 34
80 37
80 52
80 53
80 67
80 69
80 71
80 76
80 88
80 89
80 96
80 98
80 108
80 112
80 122
80 123
80 126
80 131
80 132
80 134
80 149
80 158
80 167
80 168
80 174
80 186
81 2
81 7
81 8
81 9
81 14
81 18
81 27
81 34
81 39
81 44
81 47
81 49
81 52
81 53
81 57
81 63
81 93
81 94
81 107
81 108
81 119
81 122
81 123
81 128
81 132
81 133
81 137
81 138
81 149
81 153
81 157
81 158
81 159
81 164
81 173
81 174
81 179
81 184
81 187
81 193
81 194
81 197
81 198
82 3
82 8
82 9
82 13
82 14
82 18
82 19
82 23
82 24
82 28
82 33
82 34
82 38
82 39
82 43
82 44
82 53
82 54
82 63
82 64
82 68
82 69
82 73
82 74
82 78
82 79
82 83
82 84
82 88
82 89
82 98
82 99
82 103
82 104
82 108
82 113
82 114
82 118
82 119
82 123
82 124
82 128
82 129
82 133
82 134
82 138
82 143
82 144
82 148
82 149
82 153
82 154
82 158
82 159
82 164
82 168
82 169
82 173
82 174
82 179
82 183
82 184
82 189
82 193
82 194
82 198
82 199
83 4
83 9
83 14
83 19
83 24
83 34
83 39
83 49
83 59
83 69
83 74
83 79
83 84
83 89
83 94
83 109
83 114
83 119
83 124
83 129
83 134
83 139
83 144
83 154
83 174
83 179
83 184
85 1
85 3
85 4
85 9
85 11
85 12
85 14
85 17
85 21
85 27
85 32
85 34
85 36
85 38
85 39
85 51
85 53
85 63
85 67
85 73
85 74
85 76
85 77
85 81
85 83
85 84
85 86
85 92
85 96
85 97
85 98
85 101
85 102
85 103
85 107
85 109
85 114
85 116
85 118
85 123
85 129
85 136
85 138
85 143
85 144
85 149
85 151
85 152
85 153
85 161
85 167
85 172
85 173
85 174
85 188
85 193
85 194
85 197
85 199
86 3
86 4
86 7
86 9
86 12
86 13
86 14
86 17
86 18
86 19
86 22
86 24
86 28
86 32
86 33
86 34
86 42
86 43
86 49
86 52
86 58
86 62
86 63
86 64
86 67
86 68
86 72
86 79
86 82
86 84
86 87
86 88
86 89
86 94
86 97
86 104
86 107
86 108
86 112
86 113
86 114
86 122
86 123
86 127
86 129
86 133
86 139
86 144
86 147
86 159
86 163
86 164
86 167
86 168
86 169
86 173
86 178
86 184
86 187
86 188
86 197
86 198
86 199
87 3
87 4
87 9
87 13
87 14
87 18
87 23
87 24
87 28
87 29
87 33
87 34
87 38
87 39
87 43
87 48
87 49
87 53
87 58
87 59
87 64
87 68
87 73
87 74
87 79
87 83
87 84
87 89
87 93
87 94
87 103
87 104
87 108
87 109
87 113
87 118
87 123
87 124
87 128
87 129
87 134
87 138
87 139
87 144
87 148
87 149
87 159
87 163
87 164
87 168
87 169
87 173
87 174
87 178
87 179
87 183
87 184
87 189
87 193
87 194
87 198
87 199
88 19
90 2
90 4
90 9
90 11
90 13
90 17
90 19
90 21
90 23
90 26
90 29
90 32
90 38
90 41
90 49
90 51
90 53
90 54
90 56
90 58
90 66
90 71
90 74
90 78
90 89
90 96
90 99
90 103
90 104
90 108
90 112
90 113
90 114
90 118
90 119
90 121
90 123
90 126
90 128
90 129
90 137
90 142
90 143
90 148
90 149
90 151
90 153
90 154
90 156
90 157
90 158
90 159
90 161
90 162
90 167
90 171
90 178
90 183
90 186
90 187
90 191
90 192
90 193
90 196
90 197
91 4
91 7
91 12
91 14
91 18
91 19
91 22
91 23
91 27
91 32
91 33
91 38
91 43
91 44
91 47
91 57
91 58
91 59
91 62
91 64
91 67
91 68
91 72
91 74
91 77
91 84
91 87
91 88
91 92
91 93
91 94
91 104
91 107
91 108
91 109
91 112
91 113
91 118
91 119
91 122
91 123
91 124
91 128
91 129
91 137
91 138
91 139
91 143
91 147
91 148
91 152
91 153
91 157
91 159
91 163
91 164
91 168
91 169
91 172
91 178
91 182
91 183
91 184
91 187
91 198
91 199
92 9
92 18
92 19
92 23
92 28
92 29
92 33
92 34
92 38
92 44
92 48
92 49
92 53
92 59
92 64
92 68
92 69
92 79
92 83
92 89
92 93
92 94
92 98
92 99
92 103
92 108
92 109
92 118
92 119
92 123
92 124
92 129
92 133
92 139
92 158
92 159
92 163
92 173
92 184
92 188
92 189
92 199
93 4
93 9
93 44
93 54
93 64
93 84
93 94
93 119
93 139
93 149
93 154
93 159
93 179
93 184
93 189
95 1
95 3
95 4
95 9
95 11
95 12
95 13
95 14
95 16
95 17
95 18
95 19
95 23
95 26
95 28
95 29
95 31
95 32
95 39
95 41
95 43
95 49
95 51
95 52
95 56
95 57
95 59
95 62
95 63
95 64
95 71
95 72
95 74
95 76
95 77
95 79
95 81
95 83
95 86
95 88
95 91
95 93
95 98
95 99
95 101
95 103
95 104
95 107
95 109
95 111
95 114
95 116
95 121
95 122
95 123
95 127
95 129
95 133
95 134
95 137
95 141
95 144
95 146
95 149
95 151
95 153
95 154
95 159
95 162
95 163
95 166
95 167
95 168
95 178
95 179
95 182
95 186
95 188
95 192
95 194
95 199
96 17
96 69
96 148
96 158
96 184
97 4
97 8
97 9
97 14
97 18
97 19
97 23
97 24
97 29
97 33
97 34
97 38
97 39
97 43
97 44
97 49
97 58
97 59
97 73
97 84
97 88
97 89
97 93
97 98
97 103
97 108
97 109
97 113
97 114
97 123
97 124
97 128
97 129
97 133
97 134
97 144
97 148
97 154
97 158
97 159
97 163
97 168
97 169
97 174
97 178
97 184
97 188
97 189
97 193
97 199
98 49
98 54
98 64
98 79
98 149
98 184
100 2
100 3
100 6
100 11
100 12
100 13
100 14
100 16
100 17
100 18
100 19
100 21
100 22
100 23
100 32
100 33
100 34
100 36
100 37
100 38
100 41
100 43
100 44
100 48
100 51
100 52
100 53
100 56
100 61
100 63
100 66
100 67
100 69
100 72
100 73
100 76
100 77
100 82
100 84
100 86
100 91
100 92
100 94
100 96
100 97
100 98
100 99
100 103
100 107
100 108
100 109
100 114
100 116
100 117
100 121
100 123
100 124
100 129
100 133
100 136
100 137
100 144
100 146
100 148
100 153
100 154
100 157
100 159
100 161
100 163
100 166
100 167
100 168
100 169
100 172
100 173
100 174
100 176
100 177
100 178
100 179
100 181
100 186
100 187
100 188
100 189
100 191
100 192
100 194
100 198
100 199
101 2
101 3
101 4
101 7
101 8
101 9
101 13
101 14
101 17
101 18
101 22
101 23
101 24
101 27
101 29
101 32
101 33
101 34
101 37
101 38
101 39
101 42
101 43
101 44
101 47
101 48
101 49
101 52
101 53
101 54
101 57
101 58
101 59
101 62
101 63
101 64
101 67
101 68
101 69
101 72
101 73
101 74
101 77
101 78
101 79
101 82
101 83
101 84
101 87
101 88
101 89
101 92
101 93
101 94
101 97
101 98
101 99
101 102
101 103
101 104
101 109
101 112
101 113
101 114
101 117
101 119
101 122
101 123
101 124
101 127
101 128
101 129
101 133
101 134
101 137
101 138
101 142
101 147
101 148
101 152
101 153
101 154
101 157
101 158
101 162
101 163
101 164
101 168
101 169
101 172
101 173
101 174
101 177
101 178
101 182
101 183
101 184
101 187
101 188
101 189
101 192
101 193
101 194
101 197
101 198
102 3
102 4
102 8
102 9
102 14
102 18
102 19
102 23
102 24
102 28
102 29
102 33
102 34
102 38
102 39
102 43
102 44
102 48
102 49
102 53
102 54
102 58
102 59
102 63
102 68
102 69
102 73
102 74
102 78
102 79
102 83
102 84
102 88
102 89
102 93
102 94
102 98
102 99
102 103
102 104
102 108
102 109
102 113
102 114
102 118
102 119
102 123
102 124
102 128
102 129
102 133
102 134
102 138
102 139
102 143
102 144
102 148
102 149
102 153
102 154
102 158
102 159
102 163
102 164
102 168
102 169
102 173
102 174
102 178
102 179
102 183
102 184
102 188
102 189
102 193
102 194
102 198
102 199
103 4
103 9
103 14
103 19
103 24
103 29
103 34
103 39
103 44
103 49
103 54
103 59
103 64
103 69
103 74
103 79
103 84
103 89
103 94
103 99
103 104
103 109
103 114
103 119
103 124
103 129
103 134
103 144
103 149
103 154
103 159
103 164
103 169
103 174
103 179
103 184
103 189
103 194
103 199
105 1
105 3
105 4
105 6
105 7
105 8
105 9
105 12
105 13
105 14
105 17
105 18
105 19
105 21
105 22
105 24
105 26
105 27
105 28
105 29
105 31
105 32
105 33
105 34
105 36
105 37
105 38
105 39
105 41
105 42
105 43
105 44
105 46
105 47
105 48
105 49
105 51
105 52
105 53
105 54
105 56
105 57
105 58
105 59
105 61
105 62
105 63
105 64
105 66
105 68
105 69
105 71
105 72
105 74
105 76
105 77
105 78
105 79
105 81
105 82
105 83
105 86
105 87
105 88
105 89
105 91
105 92
105 93
105 94
105 96
105 97
105 98
105 99
105 102
105 103
105 104
105 106
105 107
105 108
105 109
105 111
105 112
105 113
105 114
105 116
105 118
105 119
105 121
105 122
105 123
105 124
105 126
105 127
105 128
105 129
105 131
105 132
105 133
105 134
105 136
105 137
105 138
105 139
105 141
105 142
105 143
105 144
105 146
105 147
105 148
105 149
105 151
105 152
105 153
105 154
105 156
105 157
105 158
105 159
105 161
105 162
105 163
105 164
105 166
105 167
105 168
105 169
105 171
105 172
105 173
105 174
105 176
105 177
105 178
105 179
105 181
105 182
105 183
105 186
105 187
105 188
105 189
105 191
105 192
105 193
105 194
105 196
105 197
105 198
105 199
106 4
106 27
106 139
107 13
107 14
107 24
107 28
107 54
107 58
107 59
107 69
107 89
107 94
107 99
107 113
107 123
107 143
107 164
107 168
107 169
107 174
107 198
108 29
110 2
110 3
110 4
110 11
110 12
110 17
110 18
110 19
110 21
110 22
110 24
110 28
110 32
110 33
110 34
110 36
110 37
110 41
110 43
110 44
110 46
110 47
110 48
110 49
110 53
110 54
110 57
110 58
110 61
110 64
110 66
110 67
110 69
110 71
110 72
110 77
110 82
110 86
110 88
110 93
110 94
110 97
110 98
110 101
110 106
110 107
110 108
110 114
110 116
110 117
110 118
110 119
110 128
110 131
110 136
110 137
110 138
110 141
110 143
110 144
110 146
110 147
110 148
110 149
110 151
110 153
110 158
110 162
110 174
110 177
110 178
110 179
110 181
110 182
110 183
110 184
110 187
110 188
110 191
110 193
110 194
110 196
110 198
111 2
111 3
111 7
111 8
111 12
111 13
111 14
111 17
111 18
111 23
111 24
111 27
111 33
111 37
111 42
111 48
111 53
111 57
111 58
111 67
111 69
111 72
111 77
111 78
111 88
111 92
111 102
111 103
111 104
111 108
111 109
111 112
111 117
111 122
111 128
111 129
111 132
111 133
111 134
111 137
111 138
111 142
111 143
111 148
111 149
111 153
111 159
111 164
111 167
111 172
111 174
111 177
111 179
111 182
111 183
111 187
111 188
111 189
111 193
111 194
112 3
112 4
112 8
112 9
112 13
112 14
112 18
112 19
112 23
112 24
112 28
112 29
112 33
112 34
112 38
112 39
112 43
112 48
112 49
112 53
112 54
112 58
112 59
112 63
112 64
112 68
112 69
112 73
112 74
112 78
112 79
112 83
112 84
112 88
112 89
112 93
112 94
112 98
112 99
112 103
112 104
112 108
112 109
112 113
112 114
112 118
112 119
112 123
112 124
112 128
112 129
112 133
112 134
112 138
112 139
112 143
112 144
112 148
112 149
112 153
112 154
112 158
112 159
112 163
112 164
112 168
112 169
112 173
112 174
112 178
112 179
112 183
112 184
112 188
112 189
112 193
112 194
112 198
112 199
113 19
113 39
113 49
113 54
113 79
113 114
113 129
113 144
113 194
115 9
115 17
115 21
115 33
115 52
115 64
115 118
115 129
115 182
115 188
116 4
116 7
116 9
116 13
116 14
116 17
116 19
116 22
116 24
116 27
116 28
116 29
116 32
116 33
116 34
116 37
116 38
116 39
116 42
116 43
116 44
116 47
116 48
116 49
116 52
116 53
116 57
116 58
116 64
116 67
116 68
116 69
116 72
116 73
116 74
116 77
116 79
116 83
116 87
116 88
116 89
116 92
116 93
116 94
116 97
116 98
116 99
116 103
116 107
116 108
116 109
116 112
116 113
116 114
116 117
116 118
116 119
116 123
116 124
116 127
116 129
116 132
116 133
116 137
116 138
116 139
116 142
116 148
116 149
116 152
116 154
116 157
116 158
116 162
116 163
116 167
116 168
116 173
116 177
116 178
116 179
116 182
116 183
116 184
116 187
116 188
116 192
116 193
116 194
116 197
116 198
117 3
117 4
117 8
117 13
117 14
117 18
117 19
117 24
117 28
117 33
117 34
117 38
117 39
117 44
117 48
117 49
117 53
117 59
117 63
117 64
117 69
117 73
117 74
117 78
117 79
117 93
117 98
117 103
117 104
117 108
117 113
117 114
117 118
117 123
117 124
117 128
117 129
117 133
117 138
117 143
117 144
117 148
117 149
117 153
117 154
117 163
117 164
117 168
117 169
117 174
117 178
117 179
117 183
117 184
117 194
117 198
117 199
118 4
118 14
118 19
118 24
118 29
118 34
118 39
118 44
118 49
118 54
118 59
118 64
118 74
118 79
118 84
118 89
118 94
118 99
118 104
118 109
118 114
118 119
118 124
118 129
118 134
118 139
118 144
118 149
118 154
118 164
118 169
118 174
118 179
118 184
118 189
118 194
118 199
120 7
120 13
120 26
120 38
120 84
120 97
120 111
120 134
120 141
120 188
121 2
121 9
121 17
121 18
121 22
121 32
121 33
121 34
121 37
121 38
121 39
121 48
121 49
121 53
121 64
121 67
121 74
121 83
121 92
121 93
121 103
121 104
121 107
121 118
121 129
121 132
121 137
121 153
121 154
121 157
121 159
121 168
121 172
121 173
121 174
121 182
121 183
121 192
121 193
121 194
121 198
121 199
122 3
122 8
122 9
122 13
122 14
122 18
122 24
122 28
122 29
122 33
122 34
122 38
122 39
122 43
122 48
122 49
122 54
122 58
122 59
122 63
122 69
122 73
122 78
122 79
122 83
122 84
122 89
122 93
122 98
122 99
122 104
122 113
122 114
122 118
122 119
122 123
122 128
122 129
122 133
122 134
122 143
122 144
122 148
122 149
122 153
122 154
122 158
122 159
122 163
122 168
122 169
122 173
122 179
122 183
122 184
122 188
122 193
122 194
123 4
123 14
123 19
123 24
123 29
123 39
123 44
123 49
123 54
123 59
123 64
123 69
123 84
123 89
123 94
123 104
123 114
123 119
123 124
123 129
123 134
123 139
123 144
123 154
123 159
123 164
123 174
123 179
123 184
123 194
125 1
125 2
125 3
125 6
125 7
125 8
125 9
125 11
125 12
125 13
125 14
125 16
125 17
125 18
125 19
125 22
125 23
125 26
125 27
125 28
125 31
125 33
125 34
125 36
125 37
125 38
125 41
125 42
125 43
125 44
125 46
125 47
125 48
125 49
125 51
125 52
125 53
125 54
125 56
125 57
125 58
125 59
125 61
125 62
125 63
125 64
125 66
125 68
125 69
125 71
125 73
125 74
125 76
125 77
125 78
125 79
125 81
125 82
125 83
125 84
125 86
125 87
125 88
125 89
125 91
125 93
125 94
125 96
125 97
125 98
125 99
125 101
125 103
125 104
125 106
125 107
125 108
125 109
125 111
125 114
125 116
125 118
125 119
125 121
125 122
125 123
125 124
125 126
125 127
125 128
125 129
125 131
125 132
125 133
125 134
125 136
125 137
125 138
125 139
125 141
125 142
125 143
125 144
125 146
125 147
125 148
125 149
125 151
125 152
125 153
125 154
125 156
125 157
125 158
125 161
125 162
125 163
125 164
125 166
125 167
125 168
125 169
125 171
125 172
125 173
125 174
125 176
125 178
125 179
125 182
125 183
125 184
125 186
125 187
125 188
125 189
125 191
125 192
125 193
125 194
125 197
125 198
125 199
126 2
126 3
126 4
126 7
126 8
126 9
126 12
126 13
126 17
126 19
126 23
126 24
126 27
126 28
126 32
126 33
126 34
126 37
126 38
126 39
126 43
126 44
126 48
126 52
126 57
126 59
126 62
126 63
126 64
126 67
126 68
126 69
126 72
126 73
126 74
126 77
126 78
126 79
126 82
126 83
126 84
126 89
126 92
126 93
126 97
126 98
126 99
126 102
126 103
126 107
126 108
126 112
126 113
126 117
126 118
126 119
126 122
126 123
126 124
126 127
126 128
126 129
126 137
126 138
126 139
126 142
126 143
126 147
126 149
126 152
126 153
126 154
126 157
126 159
126 162
126 163
126 164
126 167
126 168
126 169
126 172
126 173
126 174
126 177
126 178
126 179
126 182
126 183
126 184
126 187
126 188
126 189
126 192
126 193
126 194
126 197
126 198
126 199
127 3
127 4
127 8
127 13
127 14
127 19
127 23
127 24
127 28
127 29
127 33
127 38
127 43
127 44
127 48
127 49
127 53
127 54
127 58
127 63
127 68
127 69
127 73
127 74
127 78
127 79
127 83
127 84
127 88
127 93
127 94
127 99
127 103
127 104
127 108
127 109
127 114
127 123
127 124
127 128
127 133
127 134
127 138
127 139
127 143
127 144
127 148
127 153
127 159
127 163
127 168
127 169
127 173
127 174
127 179
127 183
127 184
127 188
127 189
127 194
127 198
128 4
128 19
128 24
128 29
128 39
128 44
128 49
128 54
128 59
128 64
128 94
128 99
128 104
128 109
128 114
128 124
128 129
128 134
128 144
128 149
128 159
128 164
128 169
128 179
128 184
128 194
128 199
130 1
130 2
130 3
130 4
130 6
130 7
130 8
130 9
130 11
130 12
130 13
130 14
130 16
130 17
130 18
130 19
130 21
130 22
130 23
130 24
130 26
130 27
130 28
130 29
130 31
130 32
130 33
130 34
130 36
130 37
130 38
130 39
130 41
130 42
130 43
130 46
130 47
130 48
130 49
130 51
130 52
130 53
130 54
130 56
130 57
130 58
130 59
130 61
130 62
130 63
130 64
130 66
130 67
130 68
130 69
130 71
130 73
130 74
130 76
130 77
130 78
130 79
130 81
130 82
130 83
130 86
130 87
130 89
130 91
130 92
130 93
130 94
130 96
130 97
130 98
130 99
130 101
130 102
130 103
130 104
130 106
130 109
130 111
130 112
130 113
130 114
130 116
130 117
130 118
130 119
130 121
130 122
130 123
130 124
130 126
130 127
130 128
130 129
130 132
130 133
130 134
130 136
130 137
130 138
130 139
130 141
130 142
130 143
130 144
130 146
130 147
130 148
130 149
130 151
130 152
130 153
130 156
130 158
130 159
130 161
130 162
130 164
130 166
130 167
130 168
130 169
130 171
130 172
130 173
130 176
130 178
130 179
130 181
130 182
130 184
130 186
130 187
130 188
130 189
130 191
130 192
130 193
130 194
130 196
130 197
130 198
130 199
131 7
131 53
131 118
131 162
132 3
132 4
132 8
132 9
132 13
132 14
132 19
132 23
132 24
132 28
132 29
132 33
132 34
132 38
132 39
132 43
132 44
132 48
132 49
132 53
132 54
132 58
132 63
132 64
132 68
132 69
132 73
132 74
132 78
132 79
132 83
132 84
132 88
132 89
132 93
132 94
132 99
132 103
132 104
132 109
132 113
132 114
132 118
132 123
132 124
132 128
132 129
132 134
132 138
132 139
132 144
132 148
132 149
132 153
132 154
132 158
132 159
132 163
132 168
132 169
132 173
132 174
132 178
132 179
132 183
132 184
132 188
132 194
132 199
133 9
133 14
133 19
133 24
133 29
133 39
133 44
133 49
133 54
133 59
133 64
133 69
133 79
133 84
133 89
133 99
133 104
133 109
133 114
133 119
133 124
133 134
133 139
133 144
133 149
133 154
133 159
133 164
133 169
133 174
133 179
133 184
133 194
133 199
135 1
135 2
135 3
135 7
135 8
135 11
135 12
135 13
135 14
135 16
135 17
135 18
135 21
135 22
135 23
135 24
135 26
135 27
135 28
135 29
135 31
135 32
135 33
135 34
135 36
135 37
135 38
135 39
135 41
135 42
135 43
135 48
135 49
135 51
135 52
135 53
135 54
135 56
135 57
135 59
135 61
135 62
135 64
135 66
135 67
135 68
135 69
135 72
135 73
135 74
135 76
135 77
135 79
135 81
135 82
135 84
135 86
135 89
135 91
135 93
135 94
135 96
135 97
135 98
135 99
135 101
135 102
135 103
135 104
135 106
135 107
135 109
135 111
135 112
135 113
135 114
135 116
135 117
135 118
135 119
135 121
135 123
135 124
135 126
135 127
135 128
135 129
135 131
135 132
135 133
135 134
135 136
135 138
135 139
135 141
135 142
135 143
135 144
135 146
135 147
135 148
135 149
135 151
135 152
135 154
135 156
135 157
135 158
135 159
135 162
135 163
135 164
135 166
135 167
135 168
135 169
135 171
135 172
135 173
135 174
135 176
135 177
135 178
135 179
135 181
135 182
135 183
135 184
135 186
135 187
135 189
135 192
135 193
135 194
135 196
135 198
135 199
136 4
136 8
136 12
136 13
136 14
136 17
136 19
136 22
136 24
136 28
136 29
136 32
136 33
136 34
136 37
136 38
136 39
136 42
136 43
136 44
136 47
136 48
136 49
136 52
136 53
136 57
136 59
136 63
136 64
136 68
136 72
136 74
136 77
136 78
136 79
136 82
136 83
136 84
136 87
136 94
136 98
136 99
136 102
136 103
136 104
136 107
136 108
136 109
136 113
136 114
136 117
136 118
136 119
136 122
136 123
136 124
136 133
136 134
136 137
136 139
136 143
136 144
136 147
136 148
136 152
136 153
136 154
136 158
136 162
136 164
136 168
136 172
136 173
136 177
136 178
136 179
136 184
136 188
136 189
136 192
136 193
136 194
136 197
136 198
137 3
137 4
137 8
137 9
137 13
137 18
137 19
137 28
137 33
137 34
137 38
137 39
137 43
137 44
137 48
137 53
137 54
137 58
137 59
137 69
137 73
137 79
137 83
137 88
137 89
137 93
137 98
137 104
137 108
137 109
137 113
137 114
137 118
137 119
137 123
137 124
137 129
137 133
137 134
137 139
137 143
137 144
137 149
137 154
137 158
137 159
137 163
137 164
137 168
137 169
137 173
137 179
137 183
137 184
137 188
137 189
137 193
137 194
137 198
137 199
138 4
138 14
138 24
138 29
138 34
138 39
138 44
138 54
138 64
138 69
138 74
138 84
138 104
138 109
138 114
138 119
138 124
138 129
138 139
138 144
138 149
138 159
138 164
138 169
138 174
138 179
138 184
138 194
138 199
140 1
140 2
140 3
140 7
140 8
140 11
140 13
140 14
140 16
140 17
140 18
140 19
140 21
140 22
140 23
140 26
140 27
140 28
140 29
140 31
140 37
140 39
140 41
140 42
140 43
140 47
140 48
140 49
140 51
140 52
140 53
140 56
140 57
140 58
140 59
140 61
140 62
140 66
140 68
140 71
140 73
140 76
140 77
140 79
140 81
140 82
140 84
140 86
140 88
140 89
140 92
140 94
140 96
140 97
140 99
140 102
140 103
140 106
140 108
140 109
140 112
140 113
140 117
140 118
140 119
140 122
140 128
140 129
140 132
140 133
140 136
140 137
140 141
140 142
140 143
140 144
140 146
140 148
140 149
140 151
140 152
140 153
140 154
140 157
140 158
140 159
140 161
140 163
140 164
140 167
140 168
140 169
140 173
140 176
140 177
140 179
140 181
140 182
140 184
140 187
140 189
140 191
140 192
140 193
140 197
140 199
141 14
141 22
141 28
141 43
141 52
141 63
141 82
141 94
141 102
141 112
141 133
141 139
141 149
141 177
142 44
142 48
142 49
142 64
142 68
142 73
142 74
142 84
142 88
142 93
142 103
142 113
142 124
142 128
142 143
142 183
142 194
142 198
142 199
143 4
143 19
143 24
143 34
143 59
143 69
143 84
143 89
143 94
143 109
143 124
143 129
143 144
143 154
143 159
143 174
143 199
145 94
146 2
146 3
146 4
146 8
146 13
146 14
146 23
146 28
146 37
146 44
146 47
146 54
146 58
146 63
146 64
146 69
146 77
146 79
146 87
146 88
146 89
146 92
146 94
146 123
146 124
146 128
146 133
146 138
146 139
146 142
146 144
146 152
146 154
146 158
146 162
146 167
146 168
146 178
146 179
146 182
146 184
146 189
146 193
146 197
146 199
147 23
147 34
147 39
147 43
147 68
147 69
147 73
147 78
147 93
147 99
147 103
147 108
147 109
147 114
147 124
147 129
147 149
147 169
147 179
147 188
147 193
147 194
147 198
148 14
148 44
148 59
148 134
148 144
148 199
150 2
150 6
150 8
150 9
150 11
150 14
150 24
150 26
150 27
150 31
150 32
150 34
150 37
150 38
150 41
150 44
150 46
150 47
150 48
150 49
150 53
150 54
150 57
150 59
150 62
150 63
150 68
150 69
150 71
150 72
150 74
150 76
150 79
150 81
150 82
150 83
150 84
150 86
150 87
150 91
150 92
150 93
150 94
150 96
150 97
150 98
150 99
150 102
150 103
150 107
150 108
150 109
150 111
150 112
150 113
150 119
150 121
150 124
150 126
150 127
150 129
150 132
150 134
150 141
150 142
150 143
150 147
150 148
150 153
150 154
150 157
150 161
150 164
150 166
150 168
150 169
150 172
150 173
150 174
150 176
150 179
150 181
150 182
150 183
150 184
150 186
150 188
150 191
150 193
150 197
151 2
151 3
151 7
151 9
151 13
151 14
151 17
151 18
151 19
151 22
151 23
151 24
151 27
151 28
151 29
151 32
151 34
151 37
151 38
151 39
151 42
151 44
151 47
151 48
151 49
151 52
151 54
151 57
151 59
151 64
151 68
151 72
151 73
151 74
151 77
151 78
151 79
151 82
151 83
151 84
151 87
151 88
151 89
151 92
151 97
151 99
151 104
151 107
151 109
151 112
151 113
151 114
151 117
151 118
151 119
151 122
151 123
151 124
151 127
151 128
151 129
151 132
151 133
151 138
151 139
151 142
151 144
151 147
151 148
151 149
151 152
151 153
151 158
151 159
151 162
151 164
151 167
151 169
151 172
151 173
151 174
151 177
151 178
151 179
151 182
151 183
151 184
151 187
151 188
151 192
151 193
151 194
151 197
151 198
151 199
152 4
152 8
152 9
152 13
152 14
152 18
152 23
152 29
152 34
152 38
152 43
152 49
152 54
152 58
152 59
152 63
152 69
152 83
152 88
152 89
152 93
152 104
152 108
152 118
152 119
152 129
152 138
152 143
152 144
152 148
152 154
152 158
152 164
152 174
152 184
152 188
152 193
152 194
153 4
153 9
153 19
153 24
153 39
153 44
153 64
153 69
153 74
153 79
153 89
153 99
153 104
153 109
153 114
153 119
153 124
153 129
153 134
153 139
153 144
153 149
153 154
153 159
153 169
153 174
153 179
153 194
155 2
155 3
155 4
155 6
155 8
155 12
155 13
155 14
155 16
155 18
155 21
155 22
155 24
155 26
155 27
155 28
155 33
155 34
155 37
155 39
155 41
155 44
155 47
155 48
155 51
155 52
155 53
155 54
155 56
155 58
155 59
155 61
155 62
155 63
155 66
155 68
155 69
155 71
155 72
155 73
155 74
155 76
155 78
155 79
155 81
155 84
155 87
155 88
155 89
155 91
155 92
155 94
155 96
155 97
155 101
155 103
155 106
155 107
155 111
155 113
155 116
155 118
155 119
155 121
155 124
155 127
155 128
155 129
155 131
155 132
155 133
155 134
155 136
155 137
155 138
155 139
155 141
155 143
155 144
155 147
155 148
155 149
155 151
155 152
155 153
155 157
155 159
155 161
155 162
155 163
155 164
155 167
155 168
155 169
155 172
155 174
155 176
155 177
155 179
155 182
155 184
155 188
155 191
155 192
155 194
155 196
155 197
156 2
156 3
156 4
156 8
156 9
156 12
156 13
156 17
156 19
156 23
156 28
156 32
156 33
156 34
156 37
156 38
156 43
156 44
156 48
156 49
156 52
156 53
156 54
156 58
156 62
156 73
156 74
156 77
156 78
156 79
156 82
156 83
156 87
156 88
156 92
156 93
156 97
156 99
156 102
156 103
156 104
156 107
156 112
156 113
156 114
156 117
156 118
156 119
156 122
156 123
156 124
156 127
156 129
156 133
156 134
156 139
156 143
156 148
156 149
156 153
156 157
156 159
156 164
156 167
156 168
156 172
156 173
156 177
156 182
156 183
156 184
156 187
156 189
156 192
156 193
156 194
156 198
156 199
157 3
157 4
157 9
157 14
157 18
157 19
157 23
157 24
157 28
157 33
157 34
157 38
157 39
157 43
157 48
157 49
157 53
157 54
157 58
157 63
157 64
157 68
157 73
157 78
157 89
157 93
157 94
157 99
157 103
157 104
157 108
157 114
157 118
157 119
157 123
157 124
157 129
157 133
157 139
157 144
157 148
157 153
157 154
157 159
157 163
157 173
157 174
157 179
157 183
157 184
157 189
157 193
157 194
157 198
157 199
158 34
158 39
158 49
158 54
158 64
158 79
158 109
158 164
160 1
160 3
160 4
160 7
160 8
160 9
160 11
160 13
160 14
160 16
160 17
160 18
160 19
160 21
160 22
160 23
160 24
160 28
160 31
160 32
160 34
160 36
160 37
160 39
160 41
160 42
160 43
160 46
160 47
160 52
160 53
160 54
160 57
160 58
160 59
160 61
160 62
160 64
160 68
160 71
160 73
160 76
160 78
160 79
160 81
160 82
160 83
160 86
160 87
160 88
160 89
160 93
160 94
160 96
160 98
160 99
160 101
160 102
160 103
160 104
160 106
160 109
160 111
160 112
160 114
160 116
160 117
160 118
160 119
160 121
160 122
160 123
160 124
160 126
160 127
160 128
160 129
160 133
160 138
160 141
160 142
160 143
160 146
160 148
160 149
160 151
160 152
160 153
160 154
160 156
160 158
160 159
160 161
160 162
160 164
160 166
160 167
160 168
160 169
160 171
160 172
160 173
160 174
160 176
160 177
160 178
160 181
160 183
160 186
160 187
160 189
160 191
160 192
160 193
160 196
160 197
160 198
160 199
161 3
161 7
161 8
161 12
161 27
161 28
161 32
161 33
161 34
161 58
161 63
161 73
161 89
161 94
161 97
161 108
161 128
161 132
161 133
161 138
161 142
161 144
161 148
161 154
161 158
161 168
161 174
161 178
161 179
161 187
161 188
162 3
162 4
162 8
162 9
162 13
162 18
162 19
162 23
162 24
162 28
162 29
162 34
162 38
162 39
162 43
162 44
162 48
162 49
162 53
162 54
162 58
162 59
162 63
162 64
162 68
162 69
162 73
162 74
162 79
162 83
162 84
162 88
162 89
162 93
162 94
162 98
162 99
162 103
162 104
162 108
162 109
162 113
162 114
162 118
162 119
162 123
162 128
162 129
162 133
162 134
162 138
162 143
162 144
162 149
162 153
162 154
162 158
162 159
162 163
162 164
162 168
162 169
162 173
162 174
162 178
162 183
162 184
162 188
162 189
162 193
162 194
162 198
162 199
163 14
163 24
163 34
163 49
163 54
163 64
163 69
163 74
163 79
163 94
163 104
163 114
163 119
163 129
163 134
163 144
163 154
163 189
165 3
165 8
165 9
165 12
165 14
165 17
165 18
165 19
165 23
165 26
165 28
165 31
165 33
165 36
165 39
165 47
165 48
165 51
165 61
165 67
165 72
165 74
165 84
165 86
165 91
165 94
165 99
165 101
165 102
165 108
165 109
165 113
165 114
165 122
165 127
165 128
165 129
165 131
165 134
165 136
165 137
165 139
165 143
165 147
165 148
165 153
165 154
165 157
165 161
165 163
165 167
165 168
165 169
165 172
165 173
165 196
165 198
166 2
166 3
166 4
166 8
166 12
166 13
166 14
166 17
166 18
166 19
166 22
166 23
166 28
166 32
166 37
166 38
166 39
166 42
166 43
166 44
166 47
166 48
166 49
166 53
166 54
166 57
166 58
166 59
166 63
166 64
166 67
166 68
166 69
166 72
166 73
166 74
166 77
166 79
166 82
166 84
166 89
166 94
166 97
166 98
166 99
166 102
166 104
166 107
166 109
166 112
166 117
166 119
166 122
166 124
166 127
166 132
166 133
166 134
166 137
166 138
166 139
166 142
166 143
166 144
166 147
166 148
166 153
166 154
166 157
166 158
166 163
166 164
166 169
166 173
166 174
166 177
166 182
166 183
166 188
166 193
166 197
166 199
167 3
167 4
167 14
167 18
167 24
167 34
167 38
167 39
167 44
167 49
167 58
167 59
167 68
167 79
167 84
167 89
167 99
167 124
167 128
167 133
167 138
167 143
167 144
167 153
167 154
167 158
167 169
167 174
167 178
167 184
167 188
167 193
167 194
167 199
168 194
170 3
170 4
170 6
170 8
170 9
170 17
170 18
170 19
170 27
170 28
170 31
170 32
170 33
170 36
170 37
170 41
170 43
170 44
170 49
170 52
170 53
170 54
170 56
170 57
170 59
170 61
170 62
170 63
170 64
170 68
170 71
170 72
170 73
170 74
170 77
170 78
170 79
170 81
170 82
170 84
170 87
170 89
170 94
170 98
170 99
170 101
170 102
170 104
170 109
170 114
170 116
170 119
170 122
170 124
170 127
170 128
170 129
170 131
170 133
170 134
170 136
170 138
170 139
170 141
170 142
170 144
170 146
170 147
170 148
170 151
170 152
170 153
170 156
170 157
170 158
170 159
170 164
170 166
170 167
170 168
170 169
170 171
170 173
170 174
170 176
170 177
170 179
170 181
170 182
170 183
170 187
170 189
170 192
170 193
170 196
170 198
171 27
171 48
171 79
171 152
171 197
172 3
172 8
172 13
172 14
172 18
172 28
172 29
172 33
172 38
172 39
172 43
172 44
172 49
172 53
172 54
172 58
172 63
172 64
172 79
172 83
172 84
172 88
172 89
172 93
172 94
172 98
172 103
172 108
172 123
172 124
172 128
172 133
172 134
172 138
172 139
172 143
172 149
172 153
172 154
172 158
172 159
172 163
172 164
172 168
172 169
172 173
172 174
172 178
172 179
172 184
172 188
172 189
172 193
172 199
173 4
173 9
173 14
173 19
173 24
173 29
173 34
173 39
173 44
173 49
173 54
173 59
173 64
173 69
173 74
173 79
173 84
173 94
173 99
173 104
173 109
173 114
173 124
173 129
173 134
173 139
173 144
173 149
173 154
173 159
173 164
173 169
173 174
173 179
173 184
173 189
173 194
173 199
175 1
175 2
175 3
175 4
175 6
175 7
175 8
175 9
175 11
175 12
175 13
175 14
175 16
175 18
175 19
175 21
175 22
175 23
175 24
175 26
175 27
175 28
175 29
175 31
175 32
175 33
175 34
175 36
175 37
175 38
175 39
175 41
175 42
175 43
175 44
175 46
175 47
175 48
175 49
175 51
175 53
175 54
175 56
175 57
175 58
175 59
175 61
175 62
175 63
175 66
175 67
175 68
175 69
175 71
175 72
175 73
175 74
175 76
175 77
175 78
175 79
175 81
175 82
175 83
175 84
175 86
175 87
175 88
175 89
175 91
175 92
175 93
175 94
175 96
175 97
175 98
175 99
175 101
175 102
175 103
175 104
175 106
175 107
175 108
175 109
175 111
175 112
175 113
175 116
175 117
175 118
175 119
175 122
175 123
175 124
175 126
175 128
175 129
175 131
175 132
175 133
175 134
175 136
175 138
175 139
175 141
175 142
175 143
175 144
175 146
175 147
175 148
175 149
175 151
175 152
175 153
175 154
175 157
175 158
175 159
175 161
175 162
175 163
175 164
175 166
175 167
175 168
175 169
175 171
175 172
175 173
175 174
175 176
175 177
175 178
175 179
175 181
175 182
175 183
175 184
175 186
175 187
175 188
175 189
175 192
175 193
175 196
175 197
175 198
175 199
176 2
176 8
176 14
176 17
176 22
176 28
176 33
176 39
176 44
176 48
176 53
176 54
176 58
176 68
176 69
176 72
176 73
176 74
176 77
176 87
176 92
176 97
176 107
176 112
176 113
176 117
176 118
176 119
176 123
176 129
176 133
176 137
176 142
176 144
176 152
176 154
176 158
176 163
176 167
176 168
176 169
176 182
176 188
176 189
176 192
176 193
176 194
176 199
177 3
177 4
177 8
177 13
177 14
177 18
177 19
177 23
177 24
177 28
177 29
177 33
177 34
177 38
177 39
177 43
177 44
177 48
177 49
177 54
177 58
177 59
177 63
177 64
177 68
177 69
177 73
177 78
177 79
177 83
177 84
177 88
177 94
177 98
177 103
177 109
177 113
177 114
177 118
177 123
177 128
177 133
177 134
177 138
177 139
177 143
177 144
177 149
177 153
177 154
177 158
177 159
177 163
177 164
177 168
177 169
177 173
177 174
177 178
177 179
177 183
177 184
177 188
177 193
177 194
177 198
177 199
178 4
178 9
178 14
178 19
178 24
178 39
178 44
178 49
178 54
178 64
178 69
178 79
178 84
178 89
178 94
178 99
178 109
178 119
178 124
178 129
178 134
178 139
178 144
178 149
178 159
178 169
178 174
178 189
178 194
178 199
180 1
180 2
180 3
180 4
180 6
180 7
180 8
180 9
180 11
180 12
180 13
180 14
180 16
180 17
180 18
180 19
180 21
180 22
180 23
180 24
180 27
180 31
180 32
180 33
180 34
180 36
180 37
180 39
180 41
180 42
180 43
180 44
180 46
180 47
180 48
180 49
180 51
180 52
180 53
180 54
180 56
180 57
180 58
180 59
180 61
180 62
180 63
180 64
180 66
180 67
180 69
180 71
180 72
180 73
180 74
180 76
180 77
180 78
180 79
180 81
180 82
180 83
180 84
180 86
180 87
180 88
180 89
180 91
180 92
180 93
180 94
180 96
180 97
180 98
180 99
180 101
180 102
180 103
180 104
180 107
180 108
180 109
180 111
180 112
180 113
180 114
180 116
180 117
180 118
180 121
180 122
180 123
180 126
180 127
180 128
180 129
180 131
180 132
180 136
180 137
180 138
180 139
180 141
180 142
180 143
180 146
180 147
180 148
180 149
180 151
180 152
180 153
180 154
180 156
180 157
180 158
180 159
180 161
180 162
180 163
180 164
180 166
180 167
180 168
180 169
180 172
180 173
180 174
180 176
180 177
180 178
180 179
180 181
180 182
180 183
180 186
180 187
180 188
180 189
180 191
180 192
180 193
180 196
180 197
180 198
180 199
181 43
181 48
181 57
181 59
181 68
181 69
181 73
181 94
181 99
181 104
181 112
181 113
181 114
181 124
181 129
181 134
181 138
181 157
181 169
181 173
181 178
181 182
181 183
181 197
181 199
182 3
182 4
182 8
182 9
182 13
182 14
182 18
182 19
182 23
182 24
182 28
182 29
182 33
182 34
182 38
182 39
182 43
182 44
182 48
182 49
182 53
182 54
182 58
182 63
182 64
182 68
182 69
182 73
182 74
182 78
182 79
182 83
182 84
182 88
182 89
182 93
182 94
182 99
182 103
182 104
182 108
182 109
182 113
182 114
182 118
182 119
182 123
182 124
182 128
182 129
182 133
182 134
182 138
182 139
182 143
182 144
182 148
182 149
182 154
182 158
182 159
182 163
182 164
182 168
182 169
182 174
182 178
182 179
182 183
182 184
182 188
182 189
182 193
182 198
182 199
183 4
183 9
183 14
183 19
183 24
183 29
183 34
183 39
183 44
183 49
183 54
183 59
183 64
183 69
183 74
183 79
183 84
183 89
183 94
183 99
183 104
183 109
183 114
183 124
183 129
183 139
183 144
183 149
183 159
183 164
183 174
183 179
183 184
183 189
183 194
183 199
185 4
185 8
185 11
185 12
185 17
185 19
185 22
185 29
185 42
185 46
185 47
185 53
185 57
185 59
185 64
185 69
185 72
185 83
185 88
185 97
185 98
185 107
185 112
185 113
185 127
185 132
185 137
185 138
185 143
185 164
185 173
185 179
185 184
185 186
185 191
185 196
185 199
186 43
186 47
186 48
186 68
186 74
186 84
186 88
186 132
186 134
186 147
186 149
186 152
186 154
186 163
186 168
186 169
187 3
187 8
187 9
187 13
187 14
187 18
187 19
187 23
187 28
187 29
187 33
187 34
187 39
187 43
187 44
187 48
187 49
187 53
187 54
187 59
187 63
187 64
187 68
187 69
187 73
187 78
187 79
187 83
187 84
187 88
187 89
187 93
187 94
187 98
187 103
187 104
187 108
187 113
187 114
187 119
187 123
187 124
187 128
187 129
187 133
187 134
187 138
187 139
187 143
187 144
187 148
187 153
187 158
187 159
187 163
187 164
187 168
187 169
187 173
187 178
187 179
187 184
187 188
187 189
187 193
187 194
187 198
187 199
188 9
188 14
188 19
188 24
188 29
188 34
188 44
188 59
188 64
188 69
188 74
188 79
188 84
188 94
188 99
188 104
188 109
188 114
188 119
188 124
188 134
188 139
188 149
188 154
188 159
188 164
188 169
188 174
188 179
188 189
188 194
188 199
190 2
190 3
190 4
190 9
190 26
190 27
190 31
190 32
190 38
190 41
190 42
190 46
190 48
190 49
190 51
190 52
190 53
190 59
190 62
190 63
190 66
190 79
190 81
190 83
190 86
190 87
190 92
190 94
190 98
190 102
190 107
190 112
190 114
190 116
190 117
190 118
190 119
190 122
190 124
190 131
190 132
190 136
190 138
190 142
190 146
190 147
190 152
190 158
190 173
190 178
190 182
190 191
190 193
191 3
191 14
191 17
191 27
191 28
191 37
191 39
191 42
191 43
191 52
191 53
191 54
191 62
191 64
191 67
191 68
191 69
191 74
191 77
191 78
191 79
191 83
191 89
191 93
191 94
191 99
191 102
191 107
191 112
191 113
191 118
191 124
191 128
191 129
191 132
191 133
191 134
191 137
191 139
191 147
191 148
191 149
191 152
191 153
191 154
191 157
191 158
191 159
191 162
191 167
191 172
191 173
191 177
191 182
191 194
191 199
192 4
192 8
192 9
192 18
192 33
192 39
192 44
192 48
192 73
192 84
192 94
192 98
192 118
192 129
192 134
192 143
192 158
192 174
192 193
193 29
193 39
193 54
193 64
193 69
193 74
193 134
193 144
193 149
193 164
193 174
195 1
195 2
195 6
195 8
195 11
195 18
195 19
195 21
195 26
195 34
195 36
195 38
195 39
195 41
195 46
195 49
195 52
195 53
195 58
195 66
195 74
195 76
195 79
195 82
195 83
195 86
195 89
195 96
195 97
195 102
195 103
195 108
195 113
195 114
195 118
195 121
195 122
195 131
195 132
195 136
195 138
195 143
195 147
195 151
195 152
195 153
195 161
195 162
195 164
195 169
195 171
195 172
195 176
195 181
195 184
195 188
195 193
195 194
195 196
195 199
196 4
196 27
196 33
196 49
196 54
196 77
196 98
196 162
196 182
196 194
197 3
197 4
197 13
197 14
197 18
197 29
197 39
197 43
197 44
197 49
197 53
197 59
197 64
197 74
197 78
197 79
197 93
197 98
197 108
197 109
197 114
197 118
197 124
197 144
197 148
197 153
197 164
197 168
197 169
197 173
197 174
197 183
197 189
197 193
197 198
198 4
198 9
198 14
198 19
198 29
198 34
198 39
198 44
198 49
198 54
198 59
198 64
198 74
198 79
198 84
198 89
198 94
198 104
198 114
198 124
198 129
198 134
198 144
198 149
198 159
198 169
198 174
198 179
198 189
198 194
198 199
