200
0 100 4.5
1 100 4.5
2 100 4.5
3 100 4.5
4 100 4.5
5 100 4.5
6 100 4.5
7 100 4.5
8 100 4.5
9 100 4.5
10 100 4.5
11 100 4.5
12 100 4.5
13 100 4.5
14 100 4.5
15 100 4.5
16 100 4.5
17 100 4.5
18 100 4.5
19 100 4.5
20 100 4.5
21 100 4.5
22 100 4.5
23 100 4.5
24 100 4.5
25 100 4.5
26 100 4.5
27 100 4.5
28 100 4.5
29 100 4.5
30 100 4.5
31 100 4.5
32 100 4.5
33 100 4.5
34 100 4.5
35 100 4.5
36 100 4.5
37 100 4.5
38 100 4.5
39 100 4.5
40 100 4.4
41 100 4.4
42 100 4.4
43 100 4.4
44 100 4.4
45 100 4.4
46 100 4.4
47 100 4.4
48 100 4.4
49 100 4.4
50 100 4.4
51 100 4.4
52 100 4.4
53 100 4.4
54 100 4.4
55 100 4.4
56 100 4.4
57 100 4.4
58 100 4.4
59 100 4.4
60 100 4.4
61 100 4.4
62 100 4.4
63 100 4.4
64 100 4.4
65 100 4.4
66 100 4.4
67 100 4.4
68 100 4.4
69 100 4.4
70 100 4.4
71 100 4.4
72 100 4.4
73 100 4.4
74 100 4.4
75 100 4.4
76 100 4.4
77 100 4.4
78 100 4.4
79 100 4.4
80 100 4.1
81 100 4.1
82 100 4.1
83 100 4.1
84 100 4.1
85 100 4.1
86 100 4.1
87 100 4.1
88 100 4.1
89 100 4.1
90 100 4.1
91 100 4.1
92 100 4.1
93 100 4.1
94 100 4.1
95 100 4.1
96 100 4.1
97 100 4.1
98 100 4.1
99 100 4.1
100 100 4.1
101 100 4.1
102 100 4.1
103 100 4.1
104 100 4.1
105 100 4.1
106 100 4.1
107 100 4.1
108 100 4.1
109 100 4.1
110 100 4.1
111 100 4.1
112 100 4.1
113 100 4.1
114 100 4.1
115 100 4.1
116 100 4.1
117 100 4.1
118 100 4.1
119 100 4.1
120 100 4.1
121 100 4.1
122 100 4.1
123 100 4.1
124 100 4.1
125 100 4.1
126 100 4.1
127 100 4.1
128 100 4.1
129 100 4.1
130 100 4.1
131 100 4.1
132 100 4.1
133 100 4.1
134 100 4.1
135 100 4.1
136 100 4.1
137 100 4.1
138 100 4.1
139 100 4.1
140 100 4.1
141 100 4.1
142 100 4.1
143 100 4.1
144 100 4.1
145 100 4.1
146 100 4.1
147 100 4.1
148 100 4.1
149 100 4.1
150 100 4.1
151 100 4.1
152 100 4.1
153 100 4.1
154 100 4.1
155 100 4.1
156 100 4.1
157 100 4.1
158 100 4.1
159 100 4.1
160 100 4.5
161 100 4.5
162 100 4.5
163 100 4.5
164 100 4.5
165 100 4.5
166 100 4.5
167 100 4.5
168 100 4.5
169 100 4.5
170 100 4.5
171 100 4.5
172 100 4.5
173 100 4.5
174 100 4.5
175 100 4.5
176 100 4.5
177 100 4.5
178 100 4.5
179 100 4.5
180 100 4.5
181 100 4.5
182 100 4.5
183 100 4.5
184 100 4.5
185 100 4.5
186 100 4.5
187 100 4.5
188 100 4.5
189 100 4.5
190 100 4.5
191 100 4.5
192 100 4.5
193 100 4.5
194 100 4.5
195 100 4.5
196 100 4.5
197 100 4.5
198 100 4.5
199 100 4.5
0 1
0 3
0 4
0 5
0 7
0 8
0 9
0 10
0 11
0 13
0 15
0 17
0 18
0 20
0 21
0 22
0 24
0 25
0 28
0 30
0 31
0 33
0 35
0 37
0 38
0 39
0 41
0 42
0 43
0 44
0 46
0 48
0 50
0 51
0 54
0 55
0 56
0 57
0 58
0 59
0 60
0 61
0 63
0 64
0 67
0 68
0 69
0 70
0 72
0 73
0 74
0 75
0 77
0 78
0 79
0 81
0 82
0 83
0 84
0 86
0 87
0 89
0 90
0 91
0 92
0 93
0 94
0 98
0 99
0 100
0 101
0 102
0 103
0 104
0 108
0 109
0 110
0 111
0 112
0 113
0 115
0 117
0 118
0 122
0 123
0 124
0 125
0 127
0 128
0 129
0 130
0 131
0 132
0 133
0 137
0 138
0 139
0 143
0 144
0 146
0 147
0 148
0 150
0 152
0 153
0 154
0 155
0 156
0 157
0 158
0 159
0 164
0 165
0 166
0 168
0 169
0 171
0 174
0 175
0 176
0 177
0 178
0 180
0 182
0 183
0 184
0 185
0 187
0 188
0 189
0 191
0 192
0 193
0 194
0 196
0 198
0 199
1 8
1 9
1 12
1 13
1 14
1 17
1 20
1 21
1 23
1 28
1 29
1 32
1 34
1 37
1 43
1 45
1 47
1 48
1 56
1 57
1 64
1 65
1 68
1 71
1 74
1 79
1 82
1 88
1 91
1 93
1 94
1 95
1 98
1 100
1 103
1 104
1 107
1 110
1 114
1 116
1 117
1 119
1 123
1 126
1 132
1 133
1 134
1 135
1 136
1 137
1 145
1 148
1 152
1 164
1 166
1 171
1 173
1 175
1 178
1 179
1 180
1 182
1 184
1 186
1 188
1 190
1 191
1 192
1 193
1 195
1 199
2 8
2 10
2 14
2 18
2 19
2 20
2 25
2 31
2 35
2 36
2 37
2 43
2 46
2 47
2 49
2 52
2 62
2 64
2 69
2 74
2 78
2 79
2 85
2 86
2 90
2 91
2 93
2 94
2 95
2 101
2 105
2 124
2 125
2 130
2 134
2 135
2 136
2 137
2 140
2 141
2 142
2 146
2 147
2 151
2 153
2 163
2 164
2 165
2 166
2 168
2 169
2 170
2 175
2 178
2 185
2 188
2 194
2 196
2 197
2 198
2 199
3 4
3 5
3 6
3 7
3 8
3 9
3 10
3 12
3 13
3 14
3 15
3 16
3 17
3 19
3 20
3 21
3 22
3 23
3 24
3 25
3 26
3 27
3 28
3 29
3 31
3 32
3 33
3 34
3 35
3 36
3 37
3 38
3 39
3 44
3 45
3 46
3 47
3 48
3 49
3 50
3 51
3 53
3 54
3 55
3 56
3 57
3 58
3 59
3 60
3 61
3 62
3 63
3 64
3 65
3 67
3 68
3 69
3 72
3 73
3 74
3 75
3 76
3 77
3 79
3 84
3 85
3 86
3 87
3 88
3 90
3 91
3 92
3 94
3 95
3 97
3 98
3 99
3 100
3 101
3 102
3 103
3 105
3 106
3 107
3 108
3 109
3 111
3 112
3 113
3 114
3 115
3 116
3 117
3 118
3 119
3 124
3 125
3 126
3 127
3 128
3 129
3 130
3 131
3 132
3 133
3 134
3 135
3 136
3 137
3 138
3 139
3 140
3 141
3 142
3 143
3 144
3 145
3 147
3 148
3 149
3 150
3 151
3 153
3 154
3 155
3 156
3 157
3 159
3 164
3 165
3 166
3 167
3 168
3 169
3 170
3 171
3 172
3 173
3 174
3 175
3 176
3 177
3 178
3 179
3 180
3 181
3 182
3 183
3 184
3 185
3 186
3 187
3 188
3 189
3 191
3 192
3 193
3 194
3 195
3 196
3 197
3 198
3 199
4 5
4 6
4 7
4 8
4 11
4 13
4 14
4 16
4 17
4 18
4 19
4 20
4 21
4 22
4 23
4 26
4 27
4 29
4 31
4 33
4 34
4 35
4 38
4 39
4 45
4 49
4 50
4 53
4 55
4 56
4 57
4 58
4 59
4 60
4 61
4 62
4 64
4 65
4 66
4 67
4 68
4 69
4 70
4 71
4 72
4 73
4 75
4 76
4 78
4 85
4 86
4 87
4 88
4 91
4 94
4 95
4 96
4 97
4 98
4 99
4 101
4 103
4 104
4 106
4 107
4 108
4 109
4 111
4 112
4 115
4 116
4 118
4 125
4 126
4 127
4 128
4 129
4 130
4 131
4 132
4 134
4 136
4 137
4 138
4 139
4 142
4 143
4 144
4 145
4 146
4 147
4 149
4 151
4 152
4 153
4 155
4 156
4 158
4 159
4 165
4 169
4 171
4 172
4 173
4 175
4 178
4 180
4 181
4 182
4 183
4 184
4 185
4 186
4 187
4 189
4 190
4 192
4 193
4 194
4 195
4 196
4 199
5 6
5 7
5 8
5 10
5 11
5 12
5 13
5 15
5 16
5 17
5 18
5 19
5 21
5 22
5 23
5 24
5 26
5 27
5 28
5 29
5 31
5 32
5 33
5 34
5 35
5 37
5 38
5 39
5 46
5 48
5 49
5 50
5 51
5 52
5 53
5 54
5 55
5 56
5 57
5 58
5 59
5 60
5 61
5 63
5 65
5 66
5 67
5 68
5 70
5 72
5 73
5 74
5 75
5 76
5 77
5 78
5 79
5 86
5 87
5 89
5 90
5 91
5 93
5 94
5 95
5 96
5 98
5 100
5 101
5 102
5 104
5 105
5 106
5 107
5 108
5 109
5 110
5 111
5 112
5 113
5 115
5 116
5 117
5 118
5 126
5 127
5 128
5 129
5 131
5 132
5 133
5 134
5 135
5 136
5 137
5 138
5 139
5 140
5 141
5 142
5 143
5 146
5 147
5 148
5 149
5 150
5 151
5 152
5 154
5 155
5 157
5 158
5 159
5 166
5 167
5 168
5 170
5 171
5 172
5 173
5 174
5 175
5 176
5 177
5 178
5 179
5 180
5 181
5 183
5 185
5 186
5 187
5 188
5 190
5 192
5 193
5 194
5 195
5 197
5 198
5 199
6 8
6 9
6 11
6 16
6 17
6 21
6 28
6 30
6 32
6 33
6 38
6 49
6 52
6 53
6 55
6 56
6 62
6 63
6 65
6 69
6 70
6 72
6 74
6 76
6 79
6 87
6 88
6 93
6 94
6 95
6 96
6 97
6 99
6 100
6 101
6 104
6 106
6 107
6 111
6 113
6 114
6 115
6 118
6 129
6 136
6 138
6 139
6 145
6 146
6 147
6 149
6 150
6 154
6 155
6 156
6 157
6 168
6 174
6 179
6 182
6 184
6 193
6 195
6 196
6 198
7 8
7 10
7 13
7 14
7 17
7 21
7 28
7 32
7 33
7 34
7 35
7 37
7 48
7 52
7 54
7 56
7 57
7 58
7 59
7 60
7 64
7 66
7 68
7 70
7 75
7 78
7 88
7 89
7 95
7 96
7 100
7 103
7 105
7 106
7 107
7 111
7 112
7 114
7 115
7 116
7 119
7 130
7 135
7 136
7 138
7 141
7 145
7 149
7 150
7 152
7 155
7 156
7 168
7 169
7 171
7 172
7 174
7 175
7 177
7 178
7 185
7 186
7 187
7 189
7 193
7 198
8 9
8 10
8 11
8 12
8 15
8 16
8 21
8 22
8 24
8 26
8 29
8 30
8 32
8 33
8 34
8 36
8 37
8 38
8 39
8 49
8 51
8 52
8 54
8 59
8 60
8 61
8 62
8 63
8 64
8 65
8 66
8 67
8 68
8 69
8 70
8 71
8 73
8 74
8 76
8 77
8 78
8 79
8 89
8 90
8 91
8 94
8 95
8 97
8 98
8 100
8 101
8 102
8 103
8 108
8 109
8 110
8 112
8 116
8 117
8 118
8 119
8 130
8 132
8 134
8 136
8 137
8 140
8 142
8 143
8 144
8 148
8 149
8 150
8 151
8 153
8 156
8 158
8 169
8 171
8 173
8 174
8 176
8 178
8 179
8 180
8 181
8 182
8 183
8 184
8 186
8 187
8 188
8 189
8 190
8 191
8 192
8 194
8 195
8 197
9 10
9 13
9 16
9 18
9 20
9 24
9 25
9 26
9 27
9 28
9 29
9 31
9 32
9 33
9 34
9 35
9 36
9 37
9 38
9 39
9 50
9 51
9 52
9 53
9 54
9 56
9 57
9 58
9 59
9 60
9 61
9 64
9 65
9 66
9 67
9 68
9 70
9 72
9 73
9 75
9 76
9 77
9 78
9 90
9 91
9 92
9 93
9 96
9 97
9 98
9 99
9 101
9 103
9 104
9 105
9 107
9 108
9 109
9 111
9 113
9 115
9 116
9 117
9 118
9 119
9 130
9 133
9 134
9 135
9 136
9 137
9 138
9 139
9 141
9 142
9 144
9 146
9 147
9 148
9 149
9 150
9 151
9 152
9 154
9 155
9 156
9 157
9 158
9 171
9 172
9 174
9 175
9 176
9 177
9 180
9 181
9 183
9 184
9 185
9 186
9 187
9 188
9 190
9 191
9 192
9 193
9 195
9 197
9 198
10 18
10 19
10 22
10 23
10 32
10 37
10 52
10 58
10 64
10 67
10 70
10 71
10 76
10 78
10 94
10 95
10 96
10 99
10 102
10 112
10 114
10 115
10 117
10 119
10 133
10 134
10 135
10 143
10 148
10 149
10 154
10 174
10 178
10 180
10 181
10 188
10 189
10 194
10 196
10 199
11 28
11 56
11 92
11 99
11 111
11 148
11 159
11 177
11 190
12 13
12 14
12 15
12 16
12 17
12 18
12 19
12 20
12 21
12 22
12 24
12 26
12 28
12 30
12 32
12 33
12 34
12 35
12 37
12 38
12 39
12 54
12 55
12 56
12 57
12 59
12 62
12 63
12 64
12 65
12 66
12 67
12 68
12 69
12 70
12 72
12 74
12 75
12 76
12 77
12 78
12 95
12 97
12 99
12 100
12 101
12 102
12 103
12 104
12 108
12 109
12 110
12 114
12 116
12 117
12 118
12 119
12 137
12 138
12 140
12 141
12 142
12 143
12 145
12 146
12 147
12 150
12 153
12 154
12 155
12 156
12 157
12 158
12 174
12 176
12 179
12 183
12 184
12 185
12 187
12 188
12 191
12 192
12 193
12 194
12 197
13 15
13 16
13 19
13 24
13 25
13 27
13 30
13 31
13 33
13 35
13 37
13 38
13 39
13 55
13 56
13 57
13 58
13 59
13 60
13 63
13 64
13 65
13 69
13 73
13 94
13 96
13 97
13 102
13 103
13 109
13 110
13 117
13 134
13 140
13 141
13 145
13 146
13 147
13 150
13 153
13 156
13 157
13 174
13 183
13 185
13 188
13 191
13 192
13 194
14 19
14 22
14 27
14 30
14 33
14 34
14 35
14 36
14 55
14 57
14 61
14 64
14 65
14 70
14 73
14 74
14 75
14 77
14 78
14 95
14 101
14 103
14 104
14 106
14 107
14 111
14 112
14 114
14 135
14 137
14 142
14 143
14 144
14 145
14 146
14 154
14 178
14 192
14 197
14 198
15 16
15 19
15 21
15 27
15 30
15 36
15 38
15 39
15 61
15 65
15 72
15 76
15 79
15 97
15 100
15 102
15 103
15 107
15 137
15 139
15 141
15 148
15 151
15 152
15 193
16 17
16 22
16 25
16 33
16 38
16 39
16 57
16 60
16 62
16 63
16 68
16 70
16 71
16 72
16 98
16 99
16 103
16 104
16 105
16 111
16 114
16 116
16 139
16 140
16 145
16 147
16 148
16 154
16 157
16 158
16 177
16 179
16 181
16 187
16 191
16 195
16 199
17 25
17 26
17 27
17 28
17 29
17 30
17 32
17 35
17 58
17 60
17 61
17 66
17 68
17 69
17 70
17 72
17 73
17 74
17 77
17 79
17 98
17 111
17 112
17 114
17 117
17 138
17 141
17 142
17 143
17 144
17 146
17 148
17 155
17 156
17 158
17 159
17 178
17 181
17 182
17 183
17 188
17 195
17 196
18 158
19 20
19 23
19 26
19 27
19 36
19 38
19 60
19 61
19 62
19 65
19 71
19 72
19 75
19 76
19 77
19 78
19 79
19 103
19 104
19 108
19 110
19 111
19 114
19 118
19 140
19 142
19 144
19 145
19 151
19 154
19 156
19 181
19 182
19 183
19 186
19 187
19 190
19 191
19 192
19 194
19 196
20 30
20 31
20 32
20 33
20 38
20 67
20 70
20 75
20 77
20 78
20 79
20 101
20 102
20 107
20 108
20 112
20 113
20 114
20 115
20 116
20 118
20 141
20 143
20 145
20 147
20 151
20 152
20 156
20 158
20 181
20 183
20 185
20 187
20 188
20 193
20 199
21 31
21 32
21 62
21 150
21 185
22 23
22 24
22 25
22 26
22 27
22 29
22 30
22 31
22 32
22 33
22 34
22 37
22 39
22 63
22 64
22 66
22 68
22 69
22 70
22 71
22 72
22 74
22 77
22 79
22 103
22 104
22 105
22 106
22 107
22 111
22 112
22 115
22 116
22 117
22 118
22 119
22 143
22 144
22 146
22 147
22 148
22 149
22 150
22 151
22 153
22 154
22 155
22 157
22 158
22 183
22 184
22 186
22 187
22 188
22 189
22 191
22 192
22 193
22 194
22 195
22 197
22 198
23 24
23 25
23 26
23 27
23 28
23 29
23 30
23 31
23 32
23 33
23 34
23 35
23 36
23 37
23 38
23 39
23 64
23 65
23 66
23 68
23 69
23 70
23 71
23 72
23 73
23 74
23 75
23 76
23 77
23 78
23 79
23 104
23 105
23 106
23 107
23 108
23 109
23 110
23 111
23 112
23 113
23 114
23 115
23 116
23 117
23 118
23 119
23 144
23 145
23 146
23 147
23 148
23 149
23 150
23 151
23 152
23 153
23 154
23 155
23 156
23 157
23 158
23 159
23 184
23 185
23 186
23 187
23 188
23 189
23 190
23 191
23 193
23 194
23 195
23 196
23 197
23 198
23 199
24 32
24 34
24 65
24 74
24 75
24 107
24 110
24 111
24 112
24 114
24 152
24 156
24 157
24 194
24 195
24 197
25 26
25 27
25 28
25 30
25 31
25 32
25 67
25 68
25 69
25 70
25 72
25 74
25 77
25 78
25 107
25 108
25 111
25 112
25 115
25 149
25 154
25 157
25 159
25 187
25 189
25 192
25 193
25 194
25 197
25 198
26 34
27 29
27 31
27 34
27 68
27 71
27 73
27 74
27 75
27 77
27 78
27 108
27 150
27 151
27 158
27 189
27 191
27 196
27 198
28 29
28 30
28 32
28 33
28 34
28 36
28 37
28 38
28 39
28 69
28 71
28 75
28 78
28 79
28 109
28 110
28 111
28 112
28 113
28 114
28 115
28 116
28 117
28 119
28 149
28 150
28 151
28 152
28 153
28 154
28 156
28 157
28 158
28 159
28 189
28 191
28 192
28 193
28 194
28 195
28 198
28 199
29 30
29 33
29 36
29 70
29 75
29 76
29 78
29 110
29 112
29 150
29 152
29 153
29 154
29 155
29 156
29 193
29 196
30 31
30 32
30 36
30 39
30 71
30 75
30 111
30 112
30 113
30 117
30 119
30 151
30 154
30 157
30 158
30 159
30 191
30 195
30 196
30 197
30 198
31 34
31 36
31 73
31 77
31 78
31 119
31 154
31 155
31 157
31 158
31 159
31 193
31 194
32 35
32 37
32 38
32 39
32 74
32 75
32 76
32 77
32 78
32 113
32 117
32 118
32 154
32 155
32 158
32 159
32 197
32 199
33 114
33 117
33 194
34 35
34 36
34 37
34 38
34 39
34 75
34 76
34 77
34 78
34 79
34 115
34 116
34 117
34 118
34 119
34 155
34 156
34 157
34 158
34 195
34 196
34 197
34 198
34 199
35 38
35 39
35 76
35 78
35 79
35 117
35 156
35 157
35 196
35 198
35 199
36 37
36 38
36 77
36 78
36 79
36 117
36 118
36 158
36 159
36 197
36 198
36 199
37 39
37 78
37 118
37 119
37 158
37 159
37 198
37 199
38 119
40 2
40 3
40 5
40 6
40 8
40 11
40 17
40 18
40 20
40 21
40 22
40 27
40 35
40 36
40 38
40 41
40 44
40 46
40 47
40 48
40 51
40 53
40 54
40 55
40 57
40 61
40 64
40 70
40 71
40 74
40 75
40 77
40 78
40 79
40 81
40 83
40 84
40 97
40 100
40 102
40 103
40 107
40 111
40 115
40 116
40 124
40 127
40 129
40 130
40 131
40 132
40 133
40 139
40 141
40 145
40 149
40 150
40 156
40 163
40 165
40 169
40 170
40 172
40 176
40 179
40 182
40 184
40 185
40 187
40 192
40 193
40 194
40 195
40 196
40 197
40 199
41 3
41 6
41 8
41 12
41 18
41 20
41 23
41 24
41 27
41 30
41 32
41 33
41 37
41 45
41 48
41 49
41 50
41 53
41 54
41 55
41 57
41 58
41 59
41 60
41 61
41 62
41 63
41 64
41 65
41 66
41 67
41 71
41 73
41 74
41 77
41 78
41 79
41 82
41 84
41 85
41 86
41 87
41 90
41 91
41 93
41 97
41 98
41 99
41 100
41 101
41 102
41 105
41 106
41 109
41 110
41 114
41 116
41 127
41 128
41 132
41 133
41 134
41 140
41 141
41 144
41 145
41 148
41 149
41 152
41 153
41 156
41 157
41 158
41 159
41 162
41 164
41 165
41 166
41 169
41 170
41 172
41 173
41 175
41 176
41 178
41 182
41 183
41 185
41 186
41 189
41 192
41 194
41 198
42 3
42 4
42 5
42 6
42 7
42 8
42 9
42 10
42 11
42 12
42 13
42 14
42 15
42 17
42 18
42 20
42 21
42 22
42 23
42 25
42 26
42 27
42 28
42 29
42 31
42 32
42 33
42 34
42 35
42 36
42 37
42 38
42 43
42 44
42 45
42 47
42 48
42 49
42 50
42 51
42 53
42 54
42 55
42 56
42 57
42 58
42 59
42 60
42 61
42 62
42 63
42 64
42 66
42 67
42 68
42 69
42 70
42 71
42 72
42 73
42 74
42 75
42 76
42 77
42 78
42 79
42 83
42 84
42 85
42 86
42 87
42 88
42 90
42 91
42 92
42 93
42 94
42 95
42 97
42 98
42 99
42 101
42 102
42 103
42 104
42 105
42 106
42 107
42 108
42 109
42 110
42 111
42 112
42 114
42 115
42 116
42 117
42 118
42 119
42 123
42 124
42 125
42 126
42 127
42 128
42 129
42 130
42 131
42 132
42 133
42 134
42 135
42 136
42 137
42 138
42 139
42 140
42 141
42 143
42 144
42 145
42 146
42 147
42 148
42 149
42 150
42 151
42 152
42 153
42 154
42 155
42 157
42 158
42 159
42 163
42 164
42 165
42 167
42 168
42 169
42 170
42 172
42 173
42 174
42 175
42 176
42 177
42 178
42 179
42 180
42 181
42 183
42 184
42 185
42 186
42 188
42 189
42 190
42 191
42 192
42 193
42 194
42 195
42 196
42 197
42 198
42 199
43 19
43 27
43 39
43 49
43 65
43 84
43 98
43 101
43 129
43 130
43 152
43 155
43 157
43 187
43 190
43 196
44 20
44 23
44 47
44 50
44 69
44 73
44 90
44 113
44 128
44 133
44 167
44 172
45 7
45 9
45 11
45 12
45 13
45 15
45 16
45 17
45 20
45 22
45 24
45 26
45 27
45 28
45 29
45 30
45 33
45 34
45 35
45 36
45 37
45 38
45 48
45 49
45 50
45 51
45 53
45 55
45 56
45 59
45 60
45 62
45 63
45 64
45 66
45 67
45 68
45 69
45 70
45 71
45 72
45 73
45 74
45 75
45 78
45 79
45 86
45 87
45 88
45 89
45 90
45 91
45 92
45 93
45 94
45 95
45 97
45 98
45 99
45 100
45 101
45 104
45 105
45 106
45 107
45 108
45 109
45 110
45 111
45 113
45 114
45 117
45 118
45 126
45 127
45 128
45 130
45 132
45 133
45 135
45 140
45 141
45 143
45 144
45 145
45 146
45 149
45 152
45 154
45 155
45 157
45 158
45 159
45 167
45 169
45 170
45 171
45 172
45 173
45 174
45 175
45 178
45 181
45 182
45 183
45 185
45 187
45 189
45 190
45 191
45 192
45 194
45 197
45 198
45 199
46 16
46 19
46 23
46 36
46 39
46 51
46 56
46 94
46 101
46 110
46 119
46 134
46 135
46 136
46 138
46 139
46 147
46 148
46 152
46 173
46 174
46 176
46 181
46 182
46 183
46 184
46 190
46 199
47 8
47 10
47 11
47 12
47 13
47 14
47 15
47 16
47 17
47 18
47 19
47 23
47 24
47 25
47 26
47 28
47 33
47 34
47 35
47 36
47 37
47 39
47 48
47 49
47 51
47 54
47 55
47 58
47 59
47 60
47 61
47 62
47 63
47 66
47 67
47 69
47 70
47 71
47 72
47 73
47 75
47 76
47 77
47 78
47 79
47 88
47 89
47 91
47 92
47 93
47 95
47 96
47 97
47 98
47 99
47 101
47 102
47 103
47 104
47 105
47 106
47 108
47 110
47 111
47 112
47 113
47 114
47 117
47 118
47 119
47 129
47 132
47 133
47 134
47 135
47 136
47 138
47 139
47 140
47 141
47 142
47 143
47 144
47 146
47 147
47 148
47 151
47 153
47 155
47 156
47 157
47 158
47 159
47 169
47 170
47 171
47 176
47 177
47 179
47 180
47 182
47 185
47 187
47 188
47 189
47 190
47 191
47 193
47 195
47 197
48 26
48 32
48 89
48 111
48 137
48 176
48 177
49 10
49 11
49 13
49 14
49 15
49 16
49 17
49 18
49 20
49 23
49 24
49 25
49 26
49 27
49 28
49 29
49 30
49 31
49 34
49 35
49 37
49 51
49 52
49 53
49 54
49 55
49 56
49 58
49 59
49 60
49 61
49 62
49 63
49 65
49 66
49 67
49 68
49 71
49 72
49 73
49 74
49 76
49 77
49 78
49 79
49 90
49 91
49 92
49 94
49 95
49 97
49 98
49 99
49 100
49 101
49 102
49 103
49 105
49 106
49 107
49 108
49 109
49 110
49 111
49 112
49 114
49 115
49 116
49 117
49 118
49 119
49 130
49 133
49 134
49 135
49 136
49 137
49 139
49 140
49 141
49 143
49 144
49 146
49 148
49 150
49 151
49 152
49 156
49 157
49 158
49 159
49 170
49 171
49 172
49 173
49 174
49 175
49 176
49 177
49 178
49 179
49 180
49 182
49 183
49 184
49 186
49 187
49 188
49 190
49 191
49 192
49 197
49 198
49 199
50 14
50 15
50 17
50 19
50 25
50 27
50 28
50 34
50 37
50 55
50 61
50 67
50 68
50 69
50 72
50 74
50 75
50 78
50 91
50 92
50 93
50 96
50 97
50 98
50 102
50 107
50 110
50 114
50 115
50 118
50 142
50 144
50 147
50 149
50 158
50 159
50 181
50 182
50 183
50 185
50 186
50 188
50 197
51 23
51 30
51 31
51 32
51 69
51 75
51 78
51 79
51 93
51 103
51 105
51 108
51 136
51 142
51 143
51 147
51 158
51 172
51 176
51 180
51 192
51 194
52 22
52 25
52 28
52 34
52 35
52 37
52 53
52 55
52 57
52 58
52 63
52 69
52 71
52 78
52 101
52 103
52 104
52 107
52 109
52 115
52 142
52 147
52 148
52 155
52 156
52 157
52 176
52 183
52 184
52 188
52 189
52 191
52 195
52 199
53 14
53 15
53 16
53 17
53 18
53 19
53 23
53 24
53 25
53 26
53 27
53 28
53 30
53 31
53 32
53 33
53 34
53 35
53 36
53 38
53 39
53 54
53 56
53 57
53 59
53 60
53 61
53 62
53 63
53 64
53 65
53 66
53 68
53 69
53 71
53 73
53 74
53 76
53 77
53 79
53 94
53 95
53 96
53 97
53 98
53 99
53 100
53 101
53 102
53 103
53 104
53 105
53 106
53 107
53 108
53 109
53 110
53 112
53 113
53 114
53 115
53 116
53 118
53 119
53 134
53 135
53 136
53 137
53 140
53 141
53 142
53 143
53 144
53 145
53 146
53 148
53 149
53 150
53 151
53 153
53 154
53 155
53 156
53 157
53 159
53 174
53 175
53 177
53 178
53 179
53 180
53 181
53 182
53 184
53 185
53 186
53 187
53 188
53 189
53 190
53 191
53 192
53 193
53 194
53 196
53 197
53 198
53 199
54 15
54 17
54 19
54 20
54 21
54 24
54 28
54 31
54 33
54 34
54 36
54 56
54 58
54 60
54 64
54 66
54 68
54 72
54 75
54 76
54 78
54 95
54 99
54 100
54 103
54 105
54 108
54 109
54 112
54 116
54 137
54 138
54 140
54 143
54 147
54 148
54 151
54 152
54 153
54 154
54 156
54 157
54 158
54 175
54 178
54 179
54 184
54 187
54 190
54 192
54 193
54 194
54 198
55 16
55 17
55 18
55 19
55 21
55 23
55 24
55 25
55 26
55 27
55 28
55 29
55 30
55 31
55 32
55 33
55 34
55 35
55 37
55 38
55 39
55 56
55 58
55 59
55 60
55 61
55 62
55 63
55 64
55 65
55 66
55 67
55 68
55 70
55 71
55 72
55 73
55 74
55 75
55 76
55 77
55 78
55 79
55 96
55 98
55 100
55 101
55 102
55 103
55 104
55 105
55 106
55 107
55 108
55 109
55 110
55 111
55 112
55 114
55 115
55 117
55 118
55 119
55 136
55 137
55 139
55 140
55 141
55 142
55 144
55 146
55 147
55 148
55 149
55 154
55 155
55 157
55 158
55 159
55 176
55 177
55 179
55 180
55 181
55 183
55 184
55 185
55 186
55 187
55 188
55 189
55 190
55 191
55 192
55 193
55 194
55 196
55 197
55 198
55 199
56 18
56 22
56 39
56 58
56 63
56 64
56 69
56 73
56 74
56 75
56 78
56 103
56 112
56 138
56 178
56 186
56 193
56 195
56 196
57 18
57 19
57 20
57 21
57 22
57 23
57 25
57 26
57 27
57 29
57 30
57 31
57 32
57 33
57 34
57 35
57 36
57 38
57 58
57 59
57 60
57 61
57 63
57 64
57 66
57 68
57 69
57 70
57 71
57 72
57 73
57 74
57 75
57 76
57 77
57 78
57 79
57 98
57 99
57 100
57 101
57 102
57 103
57 104
57 105
57 106
57 107
57 108
57 109
57 111
57 112
57 113
57 114
57 115
57 116
57 117
57 118
57 119
57 138
57 139
57 140
57 141
57 142
57 143
57 144
57 145
57 146
57 147
57 148
57 149
57 150
57 151
57 152
57 153
57 154
57 155
57 156
57 157
57 158
57 159
57 178
57 179
57 180
57 181
57 182
57 183
57 184
57 185
57 186
57 187
57 188
57 189
57 190
57 191
57 192
57 193
57 194
57 195
57 196
57 197
57 198
57 199
58 20
58 22
58 23
58 24
58 25
58 31
58 34
58 36
58 38
58 60
58 61
58 63
58 66
58 67
58 68
58 71
58 72
58 73
58 76
58 78
58 100
58 101
58 103
58 106
58 109
58 115
58 118
58 139
58 143
58 144
58 145
58 147
58 148
58 154
58 159
58 185
58 186
58 187
58 188
58 189
58 190
58 195
58 197
58 199
59 20
59 21
59 22
59 23
59 24
59 25
59 26
59 27
59 30
59 31
59 32
59 33
59 34
59 35
59 37
59 39
59 60
59 61
59 62
59 63
59 64
59 65
59 66
59 67
59 68
59 69
59 70
59 71
59 72
59 74
59 76
59 78
59 79
59 101
59 103
59 104
59 105
59 106
59 110
59 111
59 112
59 113
59 115
59 118
59 119
59 140
59 141
59 142
59 143
59 145
59 146
59 147
59 149
59 152
59 153
59 155
59 156
59 157
59 158
59 159
59 181
59 182
59 183
59 184
59 185
59 186
59 187
59 189
59 190
59 191
59 192
59 194
59 195
59 196
59 199
60 22
60 23
60 24
60 26
60 27
60 29
60 30
60 31
60 33
60 34
60 35
60 39
60 66
60 68
60 69
60 72
60 77
60 101
60 104
60 105
60 106
60 108
60 110
60 115
60 116
60 117
60 119
60 144
60 145
60 148
60 151
60 156
60 157
60 158
60 159
60 183
60 188
60 190
60 193
60 195
61 23
61 26
61 27
61 30
61 32
61 33
61 34
61 35
61 36
61 37
61 68
61 70
61 72
61 75
61 76
61 77
61 78
61 104
61 105
61 108
61 109
61 112
61 113
61 114
61 115
61 117
61 118
61 142
61 143
61 146
61 148
61 153
61 154
61 157
61 182
61 184
61 185
61 188
61 193
61 196
62 23
62 24
62 25
62 28
62 29
62 30
62 31
62 33
62 34
62 35
62 36
62 37
62 38
62 39
62 63
62 65
62 66
62 68
62 69
62 70
62 71
62 72
62 74
62 75
62 77
62 78
62 79
62 103
62 104
62 106
62 107
62 108
62 109
62 110
62 112
62 114
62 116
62 118
62 119
62 144
62 145
62 146
62 147
62 148
62 149
62 150
62 151
62 153
62 154
62 156
62 158
62 159
62 183
62 184
62 186
62 187
62 189
62 190
62 191
62 192
62 193
62 195
62 199
63 26
63 27
63 29
63 30
63 31
63 32
63 33
63 34
63 36
63 38
63 39
63 64
63 65
63 67
63 68
63 70
63 72
63 75
63 104
63 106
63 107
63 108
63 109
63 110
63 113
63 114
63 118
63 119
63 144
63 145
63 146
63 148
63 149
63 150
63 152
63 153
63 154
63 156
63 157
63 158
63 159
63 188
63 189
63 190
63 191
63 193
63 194
63 196
63 197
63 198
64 26
64 27
64 35
64 36
64 37
64 67
64 75
64 76
64 112
64 113
64 117
64 118
64 145
64 148
64 149
64 193
64 197
64 198
64 199
65 26
65 27
65 28
65 29
65 30
65 31
65 32
65 33
65 34
65 35
65 36
65 37
65 38
65 39
65 66
65 67
65 68
65 69
65 70
65 71
65 72
65 73
65 74
65 75
65 76
65 77
65 78
65 106
65 107
65 108
65 109
65 111
65 112
65 113
65 114
65 115
65 116
65 117
65 118
65 119
65 146
65 147
65 148
65 149
65 150
65 151
65 152
65 153
65 154
65 155
65 156
65 157
65 158
65 159
65 186
65 187
65 189
65 190
65 191
65 192
65 193
65 194
65 195
65 196
65 197
65 198
65 199
66 27
66 28
66 30
66 31
66 32
66 33
66 34
66 35
66 36
66 37
66 38
66 39
66 67
66 68
66 69
66 72
66 73
66 75
66 76
66 77
66 78
66 79
66 107
66 108
66 109
66 110
66 111
66 112
66 113
66 114
66 115
66 116
66 117
66 118
66 119
66 147
66 148
66 149
66 150
66 151
66 152
66 153
66 154
66 155
66 157
66 158
66 159
66 187
66 188
66 189
66 190
66 191
66 192
66 194
66 195
66 197
66 198
66 199
67 29
67 35
67 36
67 38
67 39
67 74
67 75
67 78
67 108
67 109
67 110
67 111
67 112
67 118
67 149
67 152
67 155
67 156
67 191
67 192
67 193
67 195
67 197
67 198
67 199
68 29
68 30
68 31
68 34
68 35
68 37
68 69
68 70
68 71
68 72
68 73
68 75
68 77
68 78
68 79
68 109
68 110
68 111
68 112
68 113
68 114
68 115
68 116
68 117
68 118
68 119
68 149
68 150
68 151
68 152
68 153
68 154
68 157
68 158
68 159
68 189
68 192
68 193
68 195
68 196
68 197
68 199
69 30
69 33
69 34
69 36
69 37
69 39
69 70
69 74
69 75
69 76
69 77
69 78
69 110
69 111
69 112
69 113
69 118
69 150
69 151
69 153
69 155
69 156
69 159
69 190
69 192
69 193
69 194
69 195
70 31
70 33
70 35
70 37
70 38
70 39
70 71
70 72
70 75
70 76
70 78
70 79
70 111
70 112
70 115
70 116
70 118
70 119
70 152
70 153
70 154
70 155
70 156
70 159
70 195
70 196
70 199
71 32
71 34
71 37
71 38
71 39
71 72
71 73
71 74
71 75
71 76
71 77
71 79
71 112
71 113
71 114
71 116
71 117
71 118
71 152
71 154
71 155
71 156
71 157
71 158
71 159
71 192
71 193
71 194
71 195
71 196
71 197
71 199
72 33
72 34
72 35
72 36
72 37
72 38
72 39
72 73
72 74
72 75
72 77
72 78
72 79
72 113
72 114
72 115
72 116
72 117
72 119
72 153
72 154
72 155
72 156
72 157
72 158
72 159
72 193
72 194
72 195
72 196
72 197
72 198
72 199
73 39
73 74
73 77
73 78
73 118
73 119
73 194
73 197
73 198
73 199
74 35
74 36
74 39
74 76
74 77
74 78
74 79
74 119
74 156
74 158
74 159
74 195
74 196
74 198
74 199
75 198
76 78
77 78
77 119
77 159
77 199
78 39
80 3
80 4
80 6
80 15
80 16
80 19
80 23
80 24
80 36
80 39
80 45
80 49
80 58
80 59
80 62
80 65
80 68
80 70
80 71
80 72
80 73
80 74
80 78
80 79
80 85
80 88
80 90
80 99
80 103
80 108
80 113
80 127
80 129
80 133
80 135
80 139
80 141
80 142
80 147
80 148
80 149
80 150
80 154
80 158
80 159
80 161
80 162
80 168
80 171
80 177
80 181
80 188
80 189
80 191
80 194
80 197
81 2
81 3
81 4
81 5
81 6
81 8
81 10
81 13
81 18
81 19
81 21
81 22
81 25
81 29
81 30
81 31
81 32
81 33
81 34
81 35
81 36
81 37
81 42
81 43
81 45
81 46
81 48
81 53
81 59
81 62
81 64
81 68
81 69
81 70
81 71
81 72
81 75
81 77
81 82
81 84
81 85
81 87
81 88
81 89
81 90
81 95
81 96
81 98
81 99
81 105
81 107
81 109
81 110
81 111
81 112
81 116
81 119
81 125
81 127
81 128
81 131
81 133
81 134
81 135
81 138
81 140
81 143
81 145
81 148
81 151
81 152
81 162
81 164
81 170
81 174
81 176
81 181
81 182
81 185
81 190
81 192
81 194
81 195
81 197
82 5
82 9
82 10
82 14
82 17
82 29
82 30
82 33
82 34
82 45
82 46
82 48
82 49
82 50
82 54
82 57
82 61
82 62
82 65
82 75
82 77
82 84
82 87
82 90
82 91
82 96
82 98
82 99
82 106
82 108
82 112
82 113
82 115
82 117
82 118
82 124
82 125
82 126
82 128
82 130
82 142
82 146
82 152
82 154
82 158
82 166
82 172
82 179
82 180
82 182
82 184
82 186
82 188
82 191
82 194
82 197
83 17
83 19
83 26
83 28
83 30
83 38
83 46
83 52
83 55
83 65
83 70
83 84
83 88
83 90
83 96
83 97
83 100
83 105
83 107
83 109
83 111
83 116
83 119
83 125
83 132
83 133
83 143
83 146
83 151
83 159
83 168
83 170
83 174
83 179
83 192
84 5
84 9
84 10
84 13
84 14
84 20
84 21
84 26
84 31
84 32
84 35
84 45
84 57
84 60
84 71
84 78
84 92
84 101
84 118
84 151
84 155
84 170
84 173
84 174
84 182
84 184
84 190
84 198
85 11
85 21
85 25
85 115
85 146
86 8
86 9
86 17
86 18
86 19
86 20
86 24
86 25
86 26
86 27
86 28
86 29
86 32
86 34
86 35
86 36
86 37
86 38
86 39
86 48
86 49
86 50
86 51
86 52
86 53
86 54
86 55
86 56
86 58
86 59
86 61
86 62
86 63
86 64
86 65
86 66
86 67
86 68
86 70
86 71
86 72
86 74
86 75
86 76
86 79
86 87
86 90
86 91
86 92
86 93
86 94
86 95
86 98
86 101
86 102
86 103
86 104
86 105
86 106
86 108
86 109
86 111
86 112
86 113
86 114
86 115
86 117
86 119
86 127
86 128
86 129
86 131
86 132
86 133
86 134
86 135
86 138
86 139
86 140
86 143
86 144
86 145
86 146
86 147
86 148
86 150
86 151
86 152
86 153
86 155
86 156
86 158
86 169
86 170
86 171
86 172
86 173
86 175
86 176
86 177
86 178
86 179
86 181
86 182
86 183
86 185
86 188
86 190
86 191
86 194
86 195
86 196
86 197
86 198
86 199
87 8
87 11
87 13
87 14
87 15
87 16
87 17
87 18
87 19
87 20
87 22
87 23
87 24
87 25
87 26
87 27
87 31
87 32
87 33
87 34
87 35
87 36
87 37
87 38
87 39
87 48
87 49
87 50
87 51
87 53
87 56
87 57
87 59
87 62
87 65
87 66
87 68
87 70
87 71
87 72
87 73
87 74
87 75
87 76
87 77
87 79
87 89
87 90
87 92
87 93
87 97
87 98
87 100
87 101
87 102
87 103
87 104
87 105
87 106
87 107
87 108
87 109
87 110
87 114
87 116
87 117
87 118
87 119
87 128
87 129
87 131
87 132
87 133
87 134
87 137
87 138
87 139
87 140
87 141
87 142
87 143
87 146
87 148
87 149
87 150
87 151
87 153
87 154
87 156
87 157
87 159
87 168
87 169
87 170
87 171
87 174
87 176
87 178
87 179
87 181
87 182
87 183
87 184
87 185
87 186
87 187
87 188
87 191
87 192
87 193
87 194
87 195
87 196
87 198
88 26
88 29
88 30
88 31
88 34
88 37
88 39
88 50
88 53
88 55
88 63
88 77
88 91
88 103
88 112
88 115
88 119
88 133
88 135
88 139
88 142
88 145
88 150
88 155
88 156
88 159
88 169
88 176
88 177
88 178
88 182
88 188
88 193
88 195
89 10
89 12
89 15
89 16
89 17
89 20
89 21
89 23
89 24
89 25
89 28
89 30
89 33
89 34
89 35
89 36
89 50
89 53
89 54
89 55
89 57
89 58
89 61
89 62
89 63
89 65
89 66
89 68
89 73
89 74
89 90
89 92
89 94
89 98
89 103
89 105
89 108
89 109
89 112
89 113
89 115
89 116
89 117
89 118
89 132
89 134
89 138
89 142
89 143
89 144
89 145
89 148
89 150
89 153
89 155
89 157
89 170
89 171
89 173
89 174
89 176
89 177
89 179
89 180
89 183
89 184
89 186
89 189
89 198
90 13
90 14
90 15
90 16
90 20
90 22
90 23
90 24
90 25
90 27
90 28
90 29
90 30
90 31
90 32
90 33
90 34
90 37
90 38
90 52
90 53
90 55
90 56
90 58
90 59
90 61
90 65
90 66
90 68
90 73
90 75
90 77
90 91
90 93
90 94
90 97
90 98
90 99
90 101
90 102
90 103
90 105
90 107
90 110
90 111
90 113
90 114
90 115
90 117
90 119
90 133
90 134
90 135
90 139
90 141
90 142
90 144
90 148
90 149
90 152
90 153
90 155
90 156
90 171
90 173
90 174
90 177
90 180
90 181
90 182
90 183
90 184
90 185
90 188
90 190
90 192
90 196
90 197
91 12
91 15
91 17
91 18
91 19
91 20
91 21
91 22
91 23
91 25
91 26
91 27
91 28
91 30
91 31
91 32
91 34
91 35
91 36
91 37
91 38
91 52
91 53
91 54
91 55
91 56
91 57
91 58
91 59
91 60
91 61
91 62
91 64
91 65
91 67
91 70
91 71
91 92
91 95
91 97
91 100
91 102
91 103
91 104
91 107
91 108
91 109
91 112
91 114
91 116
91 117
91 118
91 119
91 132
91 133
91 134
91 135
91 136
91 138
91 141
91 142
91 143
91 150
91 151
91 154
91 155
91 156
91 157
91 158
91 173
91 175
91 177
91 181
91 182
91 183
91 184
91 185
91 187
91 191
91 193
91 194
91 195
91 196
91 197
91 198
92 13
92 15
92 18
92 20
92 21
92 22
92 27
92 29
92 31
92 36
92 38
92 53
92 55
92 58
92 60
92 62
92 63
92 64
92 67
92 68
92 70
92 74
92 76
92 78
92 93
92 95
92 96
92 98
92 99
92 100
92 102
92 104
92 105
92 108
92 111
92 112
92 116
92 117
92 134
92 135
92 137
92 139
92 140
92 142
92 144
92 146
92 147
92 148
92 149
92 153
92 158
92 159
92 176
92 177
92 178
92 179
92 180
92 181
92 183
92 185
92 187
92 189
92 191
92 192
92 193
92 194
92 195
92 198
92 199
93 14
93 18
93 21
93 22
93 26
93 27
93 28
93 34
93 36
93 37
93 39
93 58
93 63
93 64
93 67
93 69
93 72
93 73
93 74
93 75
93 76
93 77
93 78
93 96
93 97
93 98
93 99
93 100
93 102
93 103
93 104
93 105
93 108
93 112
93 116
93 119
93 135
93 138
93 140
93 142
93 144
93 147
93 154
93 155
93 156
93 159
93 175
93 176
93 177
93 184
93 186
93 187
93 188
93 195
93 196
93 198
94 27
94 73
94 107
94 108
94 144
94 145
95 16
95 25
95 33
95 34
95 35
95 60
95 104
95 107
95 119
95 137
95 144
95 159
95 182
95 188
96 17
96 18
96 20
96 21
96 22
96 23
96 24
96 25
96 26
96 27
96 28
96 29
96 30
96 31
96 32
96 33
96 34
96 35
96 36
96 38
96 39
96 59
96 60
96 61
96 62
96 63
96 64
96 65
96 66
96 68
96 70
96 71
96 72
96 73
96 74
96 76
96 77
96 78
96 79
96 97
96 98
96 99
96 100
96 101
96 102
96 103
96 104
96 105
96 106
96 107
96 108
96 109
96 110
96 111
96 113
96 114
96 115
96 116
96 119
96 137
96 138
96 139
96 140
96 142
96 143
96 144
96 146
96 147
96 148
96 149
96 150
96 151
96 154
96 156
96 157
96 158
96 159
96 177
96 178
96 179
96 181
96 182
96 183
96 184
96 185
96 186
96 187
96 188
96 189
96 191
96 192
96 193
96 194
96 195
96 196
96 197
96 198
96 199
97 179
98 19
98 20
98 21
98 22
98 23
98 24
98 26
98 27
98 28
98 29
98 31
98 32
98 33
98 34
98 35
98 37
98 38
98 39
98 59
98 60
98 62
98 64
98 65
98 66
98 68
98 69
98 70
98 72
98 73
98 74
98 79
98 102
98 103
98 104
98 106
98 107
98 108
98 109
98 110
98 111
98 113
98 115
98 119
98 139
98 140
98 143
98 145
98 146
98 149
98 150
98 151
98 153
98 154
98 155
98 157
98 158
98 159
98 179
98 180
98 185
98 187
98 189
98 190
98 192
98 193
98 194
98 195
98 196
98 199
99 20
99 22
99 23
99 24
99 25
99 26
99 29
99 30
99 35
99 36
99 37
99 38
99 39
99 60
99 61
99 62
99 63
99 66
99 67
99 68
99 69
99 70
99 71
99 73
99 75
99 78
99 105
99 106
99 108
99 109
99 110
99 111
99 113
99 114
99 115
99 116
99 117
99 119
99 140
99 141
99 142
99 143
99 144
99 145
99 148
99 150
99 151
99 153
99 154
99 155
99 157
99 158
99 180
99 181
99 182
99 183
99 184
99 185
99 186
99 187
99 189
99 190
99 191
99 192
99 193
99 194
99 196
99 197
99 198
99 199
100 21
100 22
100 23
100 24
100 25
100 26
100 29
100 30
100 32
100 34
100 39
100 61
100 62
100 64
100 66
100 68
100 69
100 70
100 72
100 75
100 76
100 79
100 103
100 107
100 110
100 111
100 113
100 114
100 115
100 116
100 117
100 118
100 145
100 146
100 148
100 149
100 150
100 151
100 153
100 155
100 156
100 157
100 158
100 159
100 181
100 182
100 183
100 184
100 186
100 188
100 190
100 192
100 195
100 197
101 22
101 23
101 25
101 26
101 28
101 29
101 31
101 35
101 36
101 39
101 62
101 64
101 65
101 66
101 67
101 68
101 69
101 70
101 72
101 74
101 77
101 103
101 106
101 113
101 115
101 117
101 143
101 144
101 145
101 146
101 148
101 151
101 152
101 153
101 154
101 156
101 157
101 158
101 183
101 188
101 189
101 191
101 192
101 194
101 195
101 196
101 197
101 198
102 23
102 24
102 25
102 26
102 27
102 28
102 29
102 30
102 31
102 32
102 33
102 35
102 36
102 37
102 38
102 39
102 63
102 64
102 65
102 67
102 68
102 69
102 70
102 71
102 74
102 75
102 76
102 77
102 79
102 103
102 104
102 106
102 107
102 108
102 109
102 110
102 111
102 115
102 116
102 117
102 118
102 119
102 143
102 144
102 145
102 146
102 147
102 148
102 149
102 150
102 152
102 154
102 156
102 158
102 159
102 183
102 184
102 185
102 186
102 187
102 188
102 189
102 191
102 192
102 194
102 195
102 197
102 198
102 199
103 25
103 27
103 29
103 30
103 32
103 33
103 35
103 36
103 37
103 38
103 39
103 64
103 65
103 66
103 68
103 70
103 72
103 73
103 77
103 104
103 106
103 109
103 112
103 114
103 115
103 116
103 119
103 144
103 146
103 149
103 151
103 153
103 158
103 185
103 186
103 187
103 188
103 192
103 196
103 197
103 198
104 25
104 27
104 29
104 33
104 34
104 35
104 39
104 65
104 66
104 68
104 72
104 79
104 106
104 111
104 116
104 149
104 150
104 152
104 153
104 185
104 191
104 198
105 26
105 27
105 28
105 29
105 30
105 31
105 32
105 33
105 35
105 36
105 37
105 38
105 39
105 66
105 68
105 70
105 72
105 73
105 74
105 75
105 76
105 77
105 78
105 79
105 106
105 107
105 108
105 109
105 110
105 111
105 112
105 113
105 115
105 116
105 117
105 118
105 119
105 146
105 148
105 149
105 150
105 151
105 153
105 154
105 155
105 156
105 157
105 158
105 159
105 186
105 187
105 189
105 190
105 193
105 194
105 198
105 199
106 27
106 28
106 29
106 30
106 33
106 34
106 38
106 39
106 67
106 68
106 69
106 70
106 72
106 73
106 74
106 77
106 78
106 107
106 108
106 109
106 110
106 112
106 117
106 119
106 149
106 150
106 151
106 152
106 153
106 155
106 156
106 157
106 159
106 187
106 188
106 190
106 192
106 193
106 194
106 195
106 196
106 198
106 199
107 158
108 38
108 117
108 118
109 30
109 31
109 34
109 35
109 36
109 38
109 39
109 73
109 75
109 76
109 78
109 79
109 110
109 111
109 112
109 113
109 114
109 115
109 116
109 117
109 118
109 119
109 150
109 151
109 152
109 153
109 155
109 156
109 157
109 158
109 159
109 191
109 192
109 194
109 195
109 197
109 198
109 199
110 31
110 32
110 35
110 36
110 37
110 38
110 39
110 71
110 72
110 73
110 74
110 75
110 76
110 77
110 78
110 79
110 111
110 112
110 113
110 114
110 115
110 116
110 117
110 118
110 152
110 153
110 154
110 155
110 158
110 159
110 191
110 192
110 193
110 194
110 196
110 197
110 198
110 199
111 36
111 37
111 39
111 77
111 112
111 114
111 118
111 154
111 158
111 192
111 198
111 199
112 77
112 194
113 75
114 35
114 36
114 37
114 38
114 39
114 75
114 76
114 78
114 79
114 116
114 117
114 118
114 119
114 155
114 156
114 157
114 158
114 159
114 195
114 196
114 197
114 198
114 199
115 36
115 78
115 117
115 119
115 199
116 79
117 38
117 39
117 78
117 79
117 118
117 119
117 159
117 198
117 199
118 39
118 79
118 159
118 199
120 2
120 5
120 6
120 10
120 13
120 14
120 15
120 16
120 19
120 20
120 23
120 24
120 26
120 27
120 28
120 29
120 32
120 33
120 34
120 35
120 36
120 37
120 39
120 41
120 42
120 43
120 44
120 45
120 46
120 49
120 51
120 52
120 53
120 54
120 55
120 57
120 58
120 59
120 60
120 61
120 62
120 63
120 64
120 66
120 67
120 68
120 69
120 71
120 73
120 74
120 75
120 77
120 78
120 79
120 81
120 83
120 84
120 85
120 86
120 87
120 89
120 90
120 92
120 93
120 94
120 95
120 96
120 97
120 98
120 99
120 100
120 101
120 102
120 103
120 104
120 106
120 108
120 109
120 110
120 113
120 114
120 115
120 118
120 119
120 121
120 122
120 123
120 124
120 125
120 126
120 127
120 131
120 132
120 133
120 136
120 137
120 138
120 139
120 140
120 141
120 143
120 144
120 146
120 148
120 151
120 152
120 153
120 154
120 155
120 157
120 159
120 162
120 163
120 164
120 165
120 166
120 167
120 168
120 169
120 172
120 175
120 176
120 178
120 180
120 181
120 182
120 183
120 186
120 187
120 188
120 189
120 190
120 194
120 195
120 198
121 2
121 3
121 4
121 5
121 6
121 7
121 10
121 11
121 13
121 14
121 15
121 16
121 17
121 18
121 20
121 21
121 23
121 24
121 25
121 26
121 27
121 28
121 29
121 31
121 32
121 33
121 35
121 37
121 38
121 42
121 43
121 47
121 48
121 49
121 50
121 52
121 53
121 54
121 56
121 57
121 58
121 59
121 60
121 61
121 62
121 63
121 65
121 66
121 68
121 69
121 70
121 71
121 72
121 73
121 74
121 75
121 76
121 77
121 78
121 79
121 83
121 84
121 85
121 86
121 87
121 88
121 89
121 92
121 93
121 94
121 95
121 96
121 97
121 100
121 101
121 103
121 104
121 106
121 107
121 108
121 109
121 110
121 111
121 112
121 114
121 115
121 116
121 118
121 119
121 122
121 123
121 124
121 126
121 128
121 129
121 130
121 131
121 132
121 133
121 135
121 136
121 137
121 138
121 139
121 140
121 142
121 143
121 145
121 147
121 148
121 149
121 150
121 152
121 153
121 154
121 155
121 156
121 157
121 158
121 159
121 162
121 163
121 164
121 165
121 166
121 167
121 168
121 169
121 170
121 171
121 172
121 173
121 174
121 175
121 176
121 177
121 178
121 179
121 180
121 181
121 182
121 183
121 184
121 185
121 186
121 187
121 188
121 189
121 190
121 191
121 192
121 194
121 195
121 196
121 197
121 198
121 199
122 3
122 4
122 5
122 7
122 8
122 9
122 10
122 11
122 12
122 13
122 14
122 15
122 16
122 17
122 19
122 20
122 23
122 24
122 25
122 26
122 27
122 29
122 30
122 31
122 32
122 33
122 34
122 35
122 36
122 37
122 38
122 39
122 44
122 45
122 46
122 47
122 48
122 49
122 50
122 51
122 52
122 53
122 54
122 55
122 56
122 57
122 58
122 59
122 60
122 61
122 62
122 63
122 64
122 65
122 66
122 67
122 69
122 70
122 71
122 72
122 73
122 74
122 75
122 76
122 77
122 78
122 79
122 83
122 84
122 85
122 86
122 87
122 88
122 89
122 90
122 91
122 92
122 93
122 94
122 95
122 96
122 97
122 98
122 99
122 100
122 101
122 102
122 103
122 104
122 105
122 106
122 107
122 108
122 110
122 111
122 112
122 113
122 114
122 115
122 116
122 117
122 118
122 119
122 123
122 124
122 125
122 126
122 127
122 128
122 129
122 131
122 132
122 133
122 134
122 135
122 136
122 137
122 138
122 139
122 140
122 141
122 142
122 143
122 144
122 145
122 146
122 148
122 149
122 150
122 151
122 152
122 153
122 154
122 155
122 156
122 157
122 158
122 159
122 163
122 165
122 167
122 168
122 169
122 171
122 173
122 174
122 175
122 177
122 179
122 180
122 181
122 182
122 183
122 184
122 185
122 186
122 187
122 188
122 189
122 190
122 191
122 192
122 193
122 194
122 195
122 196
122 197
122 198
122 199
123 4
123 14
123 95
123 140
123 177
124 9
124 19
124 20
124 21
124 23
124 24
124 28
124 35
124 55
124 56
124 60
124 73
124 85
124 88
124 94
124 98
124 100
124 101
124 118
124 134
124 136
124 143
124 144
124 145
124 153
124 154
124 158
124 159
124 174
124 175
124 181
124 183
124 198
124 199
125 6
125 7
125 8
125 9
125 10
125 11
125 12
125 13
125 14
125 15
125 16
125 17
125 18
125 19
125 20
125 23
125 24
125 25
125 26
125 27
125 28
125 29
125 30
125 31
125 32
125 33
125 34
125 35
125 36
125 37
125 38
125 39
125 47
125 48
125 49
125 50
125 51
125 52
125 53
125 54
125 55
125 56
125 57
125 58
125 59
125 60
125 61
125 62
125 64
125 65
125 66
125 67
125 68
125 69
125 70
125 71
125 72
125 73
125 74
125 75
125 76
125 77
125 78
125 79
125 86
125 87
125 88
125 89
125 90
125 91
125 92
125 93
125 94
125 95
125 96
125 98
125 99
125 100
125 101
125 102
125 103
125 104
125 105
125 106
125 107
125 108
125 109
125 110
125 111
125 112
125 113
125 114
125 115
125 116
125 117
125 118
125 119
125 126
125 127
125 128
125 129
125 130
125 131
125 132
125 133
125 134
125 135
125 136
125 137
125 138
125 139
125 140
125 141
125 142
125 143
125 144
125 145
125 146
125 147
125 148
125 149
125 150
125 151
125 152
125 153
125 154
125 155
125 156
125 158
125 159
125 166
125 167
125 169
125 170
125 171
125 173
125 174
125 175
125 176
125 177
125 180
125 181
125 182
125 183
125 184
125 185
125 186
125 187
125 188
125 189
125 190
125 191
125 192
125 193
125 194
125 195
125 197
125 198
125 199
126 7
126 8
126 9
126 10
126 11
126 12
126 15
126 16
126 17
126 18
126 19
126 20
126 25
126 27
126 28
126 29
126 30
126 32
126 33
126 34
126 38
126 39
126 47
126 48
126 49
126 52
126 55
126 56
126 57
126 58
126 59
126 62
126 64
126 65
126 66
126 67
126 68
126 69
126 70
126 71
126 72
126 74
126 75
126 78
126 79
126 87
126 90
126 91
126 92
126 93
126 95
126 96
126 97
126 102
126 103
126 104
126 106
126 107
126 108
126 110
126 111
126 112
126 113
126 116
126 117
126 118
126 119
126 127
126 128
126 129
126 130
126 131
126 132
126 133
126 134
126 136
126 137
126 138
126 140
126 141
126 143
126 144
126 145
126 146
126 148
126 149
126 150
126 151
126 152
126 153
126 155
126 156
126 157
126 158
126 159
126 167
126 168
126 169
126 171
126 172
126 173
126 174
126 175
126 176
126 179
126 180
126 181
126 182
126 183
126 185
126 186
126 187
126 189
126 191
126 192
126 193
126 194
126 198
126 199
127 57
127 143
127 144
127 183
128 9
128 10
128 11
128 12
128 13
128 14
128 18
128 19
128 20
128 21
128 22
128 23
128 24
128 26
128 29
128 30
128 31
128 32
128 33
128 34
128 35
128 36
128 38
128 39
128 49
128 55
128 59
128 61
128 62
128 63
128 64
128 65
128 66
128 67
128 69
128 76
128 78
128 79
128 89
128 91
128 92
128 93
128 94
128 95
128 96
128 98
128 99
128 100
128 101
128 102
128 106
128 107
128 108
128 109
128 110
128 111
128 112
128 113
128 115
128 116
128 118
128 119
128 130
128 131
128 132
128 135
128 137
128 139
128 141
128 142
128 143
128 144
128 145
128 146
128 147
128 149
128 151
128 152
128 157
128 158
128 159
128 169
128 171
128 172
128 174
128 178
128 179
128 184
128 185
128 188
128 191
128 192
128 193
128 194
128 197
128 198
128 199
129 28
129 34
129 36
129 50
129 62
129 65
129 71
129 76
129 96
129 100
129 101
129 109
129 116
129 117
129 130
129 133
129 139
129 146
129 147
129 154
129 186
129 191
129 192
129 195
130 11
130 12
130 13
130 14
130 15
130 16
130 18
130 19
130 20
130 21
130 22
130 23
130 24
130 25
130 26
130 27
130 28
130 29
130 30
130 31
130 32
130 33
130 34
130 35
130 36
130 37
130 38
130 39
130 51
130 52
130 53
130 54
130 55
130 56
130 57
130 58
130 59
130 60
130 61
130 62
130 63
130 64
130 65
130 66
130 67
130 68
130 69
130 70
130 71
130 72
130 73
130 74
130 75
130 76
130 77
130 78
130 79
130 91
130 92
130 93
130 94
130 95
130 96
130 97
130 98
130 99
130 100
130 101
130 102
130 103
130 104
130 105
130 106
130 107
130 108
130 109
130 110
130 111
130 112
130 113
130 114
130 115
130 116
130 117
130 118
130 119
130 131
130 133
130 134
130 135
130 136
130 137
130 138
130 140
130 141
130 142
130 143
130 144
130 145
130 146
130 147
130 148
130 149
130 150
130 151
130 152
130 153
130 154
130 155
130 156
130 157
130 158
130 159
130 171
130 172
130 173
130 174
130 175
130 176
130 177
130 178
130 179
130 180
130 181
130 182
130 183
130 185
130 186
130 187
130 189
130 190
130 191
130 192
130 193
130 195
130 196
130 197
130 198
130 199
131 13
131 14
131 15
131 16
131 17
131 18
131 19
131 21
131 22
131 23
131 24
131 25
131 26
131 27
131 28
131 30
131 31
131 32
131 33
131 34
131 35
131 37
131 38
131 39
131 52
131 53
131 54
131 55
131 56
131 57
131 58
131 61
131 64
131 65
131 66
131 67
131 68
131 71
131 72
131 73
131 74
131 75
131 76
131 77
131 94
131 95
131 96
131 97
131 98
131 100
131 102
131 103
131 104
131 105
131 107
131 108
131 109
131 111
131 115
131 116
131 117
131 118
131 133
131 134
131 136
131 137
131 138
131 139
131 140
131 142
131 143
131 144
131 146
131 147
131 148
131 149
131 151
131 154
131 155
131 156
131 157
131 158
131 159
131 174
131 175
131 176
131 177
131 178
131 179
131 180
131 181
131 182
131 183
131 184
131 185
131 186
131 188
131 191
131 192
131 195
131 196
131 197
132 13
132 15
132 17
132 19
132 22
132 25
132 26
132 27
132 29
132 32
132 33
132 35
132 36
132 57
132 58
132 59
132 61
132 62
132 63
132 68
132 71
132 73
132 74
132 76
132 94
132 96
132 98
132 101
132 103
132 106
132 116
132 118
132 135
132 137
132 138
132 142
132 143
132 145
132 153
132 154
132 158
132 173
132 179
132 183
132 187
132 188
132 190
132 191
132 196
132 198
132 199
133 26
133 30
133 33
133 63
133 75
133 94
133 95
133 99
133 113
133 141
133 159
133 180
133 187
133 189
133 195
134 16
134 18
134 19
134 20
134 21
134 22
134 23
134 25
134 27
134 28
134 34
134 35
134 36
134 38
134 56
134 60
134 61
134 64
134 66
134 67
134 76
134 77
134 78
134 79
134 97
134 98
134 101
134 102
134 106
134 107
134 108
134 111
134 113
134 117
134 118
134 119
134 138
134 139
134 142
134 147
134 148
134 154
134 157
134 177
134 178
134 179
134 180
134 181
134 182
134 190
134 191
134 195
134 196
134 197
134 198
135 72
135 76
135 114
135 138
135 151
135 176
136 17
136 26
136 28
136 30
136 31
136 35
136 36
136 39
136 58
136 63
136 66
136 73
136 78
136 108
136 110
136 112
136 119
136 140
136 144
136 149
136 154
136 157
136 185
136 190
136 192
136 196
136 197
137 155
138 19
138 20
138 21
138 22
138 23
138 24
138 25
138 26
138 28
138 29
138 30
138 31
138 32
138 33
138 34
138 35
138 36
138 37
138 39
138 59
138 60
138 63
138 64
138 65
138 66
138 67
138 69
138 70
138 71
138 73
138 76
138 77
138 78
138 79
138 99
138 100
138 101
138 103
138 105
138 106
138 107
138 109
138 110
138 111
138 112
138 114
138 115
138 116
138 117
138 118
138 119
138 139
138 140
138 141
138 142
138 143
138 145
138 147
138 148
138 149
138 150
138 151
138 152
138 153
138 154
138 155
138 156
138 157
138 158
138 159
138 179
138 181
138 182
138 183
138 184
138 185
138 186
138 187
138 188
138 189
138 190
138 191
138 192
138 193
138 194
138 198
138 199
139 20
139 21
139 23
139 24
139 28
139 67
139 69
139 101
139 102
139 107
139 108
139 109
139 111
139 114
139 117
139 119
139 143
139 144
139 159
139 182
139 187
139 189
139 194
139 196
139 199
140 21
140 26
140 27
140 28
140 31
140 32
140 36
140 63
140 66
140 73
140 75
140 76
140 79
140 109
140 118
140 144
140 146
140 149
140 152
140 155
140 187
140 191
140 193
140 196
140 199
141 25
141 27
141 32
141 36
141 39
141 107
141 118
141 142
141 143
141 151
141 183
141 187
141 197
142 23
142 26
142 27
142 28
142 29
142 32
142 35
142 37
142 38
142 39
142 63
142 64
142 66
142 67
142 68
142 69
142 70
142 71
142 73
142 75
142 78
142 103
142 104
142 106
142 108
142 110
142 111
142 115
142 116
142 117
142 119
142 143
142 144
142 145
142 148
142 150
142 153
142 154
142 155
142 157
142 158
142 159
142 183
142 184
142 185
142 186
142 187
142 188
142 190
142 192
142 193
142 196
142 197
142 199
143 24
143 73
143 105
143 112
143 150
143 184
143 199
144 25
144 28
144 31
144 32
144 37
144 71
144 73
144 106
144 107
144 109
144 110
144 115
144 146
144 151
144 153
144 156
144 157
144 186
144 190
144 195
144 196
145 26
145 27
145 28
145 29
145 30
145 34
145 35
145 38
145 67
145 69
145 70
145 72
145 73
145 74
145 75
145 76
145 78
145 79
145 106
145 107
145 110
145 112
145 113
145 114
145 115
145 116
145 117
145 118
145 119
145 146
145 147
145 148
145 149
145 150
145 151
145 152
145 154
145 155
145 156
145 158
145 186
145 188
145 189
145 190
145 191
145 192
145 193
145 194
145 196
145 198
146 148
147 33
147 35
147 36
147 37
147 38
147 39
147 70
147 77
147 111
147 112
147 115
147 116
147 149
147 150
147 152
147 154
147 157
147 194
147 195
147 196
147 198
148 29
148 30
148 32
148 33
148 34
148 35
148 36
148 38
148 70
148 72
148 76
148 78
148 79
148 109
148 111
148 112
148 118
148 119
148 150
148 151
148 152
148 153
148 154
148 157
148 158
148 190
148 192
148 193
148 194
148 195
148 197
149 31
149 32
149 33
149 36
149 37
149 39
149 70
149 71
149 72
149 73
149 77
149 78
149 79
149 110
149 111
149 112
149 114
149 115
149 116
149 117
149 118
149 119
149 150
149 154
149 156
149 157
149 159
149 190
149 191
149 192
149 194
149 195
149 196
149 197
149 198
150 196
150 197
151 115
152 33
152 34
152 35
152 36
152 37
152 39
152 73
152 74
152 75
152 76
152 77
152 78
152 79
152 113
152 115
152 117
152 119
152 154
152 155
152 157
152 158
152 159
152 194
152 195
152 197
152 198
152 199
153 36
153 39
153 76
153 77
153 115
153 116
153 117
153 118
153 154
153 156
153 158
153 195
153 197
153 198
153 199
154 35
154 36
154 38
154 39
154 75
154 76
154 77
154 78
154 115
154 117
154 118
154 119
154 156
154 157
154 158
154 159
154 195
154 196
154 197
154 198
154 199
155 38
155 39
155 76
155 77
155 78
155 79
155 116
155 117
155 118
155 119
155 156
155 158
155 159
155 196
155 198
155 199
156 37
156 39
156 77
156 78
156 117
156 159
156 198
157 38
157 118
158 79
158 119
158 159
158 199
160 2
160 4
160 5
160 8
160 9
160 10
160 12
160 18
160 20
160 22
160 24
160 25
160 26
160 28
160 29
160 30
160 31
160 32
160 33
160 36
160 37
160 39
160 41
160 42
160 43
160 44
160 45
160 47
160 49
160 50
160 51
160 52
160 53
160 54
160 55
160 58
160 60
160 61
160 63
160 64
160 66
160 67
160 71
160 74
160 76
160 77
160 78
160 81
160 82
160 85
160 86
160 87
160 89
160 95
160 98
160 99
160 101
160 105
160 108
160 110
160 111
160 113
160 114
160 115
160 116
160 117
160 121
160 122
160 123
160 125
160 130
160 131
160 132
160 133
160 138
160 139
160 140
160 141
160 142
160 143
160 144
160 145
160 146
160 147
160 150
160 151
160 152
160 153
160 158
160 159
160 161
160 162
160 163
160 166
160 168
160 169
160 170
160 175
160 176
160 178
160 179
160 180
160 181
160 183
160 184
160 189
160 190
160 192
160 194
160 195
160 197
160 199
161 12
161 20
161 21
161 23
161 31
161 34
161 54
161 57
161 66
161 67
161 106
161 118
161 124
161 127
161 162
161 177
161 190
161 194
161 197
162 37
162 68
162 69
162 74
162 89
162 98
162 99
162 105
162 106
162 113
162 123
162 138
162 158
162 167
162 176
162 177
162 185
162 192
162 194
163 5
163 6
163 9
163 10
163 11
163 14
163 18
163 21
163 22
163 24
163 25
163 26
163 33
163 35
163 39
163 47
163 49
163 50
163 52
163 53
163 56
163 64
163 66
163 67
163 68
163 71
163 75
163 76
163 79
163 85
163 95
163 97
163 99
163 104
163 105
163 106
163 108
163 110
163 112
163 114
163 119
163 125
163 131
163 132
163 133
163 136
163 137
163 138
163 139
163 141
163 143
163 144
163 145
163 147
163 148
163 153
163 154
163 156
163 157
163 159
163 165
163 168
163 169
163 171
163 174
163 176
163 177
163 179
163 180
163 181
163 182
163 184
163 185
163 187
163 189
163 190
163 192
163 193
163 194
163 195
163 197
163 198
163 199
164 5
164 6
164 8
164 10
164 17
164 20
164 21
164 22
164 27
164 29
164 31
164 32
164 33
164 34
164 35
164 45
164 50
164 51
164 55
164 58
164 59
164 60
164 61
164 62
164 63
164 64
164 66
164 69
164 70
164 74
164 79
164 87
164 89
164 91
164 93
164 94
164 96
164 105
164 106
164 107
164 109
164 110
164 111
164 112
164 114
164 115
164 117
164 119
164 125
164 127
164 128
164 129
164 130
164 132
164 133
164 134
164 135
164 138
164 139
164 141
164 142
164 143
164 145
164 147
164 148
164 150
164 151
164 154
164 155
164 156
164 158
164 159
164 166
164 167
164 168
164 174
164 175
164 176
164 177
164 178
164 179
164 180
164 182
164 183
164 184
164 185
164 186
164 189
164 190
164 194
164 195
164 196
164 197
164 198
165 12
165 15
165 22
165 24
165 54
165 67
165 68
165 73
165 92
165 99
165 106
165 116
165 129
165 130
165 138
165 154
165 171
165 181
165 188
165 195
166 76
166 135
166 143
166 173
167 11
167 13
167 14
167 15
167 17
167 19
167 21
167 23
167 24
167 25
167 31
167 34
167 37
167 55
167 56
167 57
167 59
167 60
167 61
167 62
167 64
167 66
167 69
167 72
167 74
167 76
167 78
167 79
167 90
167 91
167 93
167 94
167 96
167 97
167 98
167 100
167 105
167 106
167 108
167 109
167 111
167 112
167 113
167 116
167 119
167 128
167 129
167 130
167 132
167 134
167 135
167 136
167 138
167 142
167 143
167 144
167 145
167 147
167 149
167 151
167 152
167 154
167 156
167 157
167 170
167 171
167 173
167 174
167 175
167 178
167 180
167 181
167 182
167 183
167 185
167 186
167 187
167 188
167 189
167 191
167 192
167 194
167 197
167 198
167 199
168 9
168 10
168 11
168 13
168 14
168 16
168 17
168 18
168 19
168 20
168 22
168 23
168 24
168 25
168 26
168 27
168 28
168 29
168 30
168 31
168 32
168 33
168 34
168 35
168 36
168 37
168 38
168 39
168 49
168 50
168 51
168 52
168 53
168 54
168 55
168 56
168 57
168 58
168 59
168 60
168 61
168 62
168 63
168 64
168 66
168 67
168 68
168 69
168 70
168 71
168 72
168 73
168 74
168 75
168 76
168 77
168 78
168 79
168 90
168 91
168 92
168 93
168 94
168 95
168 96
168 97
168 98
168 99
168 100
168 101
168 102
168 104
168 105
168 106
168 107
168 110
168 111
168 112
168 113
168 114
168 115
168 116
168 117
168 118
168 119
168 129
168 130
168 131
168 132
168 133
168 134
168 135
168 136
168 137
168 138
168 139
168 140
168 141
168 142
168 143
168 145
168 146
168 147
168 148
168 149
168 150
168 151
168 152
168 153
168 154
168 155
168 156
168 157
168 158
168 159
168 169
168 170
168 171
168 172
168 173
168 174
168 175
168 176
168 179
168 180
168 181
168 182
168 183
168 184
168 185
168 186
168 187
168 188
168 189
168 190
168 191
168 192
168 193
168 194
168 196
168 197
168 198
168 199
169 12
169 15
169 17
169 19
169 23
169 25
169 31
169 33
169 34
169 35
169 37
169 39
169 50
169 54
169 55
169 59
169 60
169 61
169 64
169 66
169 67
169 69
169 71
169 72
169 74
169 76
169 91
169 93
169 97
169 102
169 104
169 105
169 106
169 107
169 111
169 114
169 117
169 119
169 130
169 131
169 134
169 136
169 139
169 141
169 144
169 145
169 147
169 154
169 155
169 172
169 173
169 175
169 184
169 188
169 190
169 194
169 195
170 11
170 13
170 14
170 15
170 16
170 17
170 18
170 19
170 20
170 21
170 22
170 23
170 24
170 25
170 27
170 28
170 29
170 30
170 31
170 32
170 33
170 34
170 35
170 36
170 37
170 38
170 39
170 51
170 52
170 55
170 56
170 57
170 58
170 60
170 61
170 63
170 64
170 65
170 66
170 67
170 69
170 72
170 73
170 74
170 75
170 76
170 77
170 78
170 79
170 91
170 92
170 93
170 94
170 95
170 96
170 97
170 98
170 99
170 101
170 102
170 103
170 104
170 105
170 106
170 107
170 109
170 110
170 114
170 115
170 116
170 117
170 118
170 119
170 131
170 134
170 135
170 136
170 137
170 139
170 140
170 141
170 142
170 143
170 144
170 146
170 147
170 148
170 149
170 150
170 151
170 152
170 155
170 156
170 157
170 158
170 171
170 172
170 173
170 174
170 175
170 176
170 177
170 178
170 179
170 181
170 182
170 183
170 184
170 186
170 187
170 188
170 189
170 191
170 192
170 193
170 194
170 195
170 197
170 198
170 199
171 19
171 23
171 24
171 25
171 31
171 32
171 34
171 37
171 60
171 71
171 72
171 93
171 103
171 105
171 106
171 109
171 134
171 140
171 144
171 151
171 153
171 158
171 176
171 179
171 180
171 181
171 189
171 193
171 194
171 196
172 13
172 14
172 15
172 17
172 18
172 19
172 20
172 21
172 22
172 23
172 24
172 25
172 27
172 28
172 29
172 30
172 31
172 32
172 33
172 34
172 35
172 36
172 37
172 38
172 39
172 53
172 54
172 55
172 56
172 57
172 58
172 59
172 60
172 61
172 62
172 63
172 64
172 65
172 66
172 67
172 68
172 69
172 70
172 71
172 72
172 73
172 74
172 75
172 76
172 78
172 79
172 93
172 94
172 95
172 96
172 97
172 98
172 99
172 100
172 101
172 102
172 103
172 104
172 105
172 106
172 107
172 108
172 110
172 111
172 112
172 113
172 114
172 115
172 116
172 117
172 118
172 119
172 133
172 134
172 135
172 136
172 137
172 138
172 139
172 140
172 142
172 143
172 144
172 145
172 146
172 147
172 148
172 150
172 151
172 152
172 154
172 155
172 156
172 157
172 158
172 159
172 173
172 174
172 175
172 176
172 177
172 178
172 179
172 180
172 181
172 182
172 183
172 184
172 185
172 186
172 187
172 188
172 189
172 190
172 191
172 192
172 193
172 194
172 195
172 196
172 197
172 198
172 199
173 26
173 56
173 60
173 62
173 63
173 69
173 98
173 106
173 108
173 116
173 135
173 138
173 141
173 156
173 175
173 180
173 181
174 34
174 36
174 39
174 64
174 99
174 100
174 106
174 110
174 135
174 136
174 146
174 147
174 153
174 154
174 156
174 189
174 190
174 191
174 194
175 17
175 18
175 19
175 21
175 22
175 24
175 25
175 26
175 28
175 29
175 30
175 32
175 34
175 35
175 36
175 37
175 38
175 57
175 58
175 59
175 60
175 61
175 62
175 63
175 65
175 67
175 68
175 69
175 70
175 72
175 74
175 75
175 76
175 77
175 79
175 96
175 97
175 98
175 100
175 101
175 102
175 103
175 104
175 105
175 106
175 107
175 108
175 110
175 112
175 114
175 116
175 117
175 139
175 140
175 141
175 142
175 145
175 149
175 150
175 152
175 153
175 154
175 155
175 156
175 158
175 159
175 178
175 179
175 180
175 181
175 182
175 183
175 185
175 186
175 187
175 188
175 189
175 190
175 191
175 192
175 194
175 195
175 196
175 197
175 198
175 199
176 17
176 18
176 19
176 20
176 21
176 22
176 23
176 24
176 25
176 26
176 27
176 28
176 29
176 30
176 31
176 32
176 33
176 34
176 35
176 36
176 37
176 38
176 39
176 57
176 58
176 59
176 60
176 61
176 62
176 63
176 65
176 66
176 67
176 68
176 69
176 70
176 71
176 72
176 73
176 74
176 75
176 76
176 77
176 78
176 79
176 97
176 98
176 99
176 100
176 101
176 102
176 104
176 105
176 106
176 108
176 110
176 111
176 112
176 113
176 114
176 116
176 118
176 119
176 137
176 138
176 139
176 140
176 141
176 142
176 144
176 145
176 146
176 147
176 148
176 149
176 150
176 151
176 153
176 154
176 155
176 156
176 157
176 158
176 159
176 177
176 178
176 179
176 180
176 181
176 182
176 183
176 184
176 185
176 186
176 187
176 189
176 190
176 191
176 192
176 193
176 194
176 195
176 196
176 197
176 198
176 199
177 18
177 19
177 20
177 21
177 22
177 23
177 25
177 26
177 27
177 28
177 29
177 30
177 33
177 34
177 35
177 36
177 37
177 38
177 39
177 58
177 59
177 60
177 61
177 62
177 63
177 64
177 66
177 67
177 68
177 69
177 70
177 72
177 74
177 75
177 76
177 77
177 78
177 79
177 98
177 99
177 100
177 102
177 103
177 105
177 107
177 108
177 109
177 110
177 112
177 114
177 118
177 119
177 138
177 139
177 140
177 141
177 142
177 143
177 144
177 145
177 146
177 147
177 148
177 149
177 150
177 151
177 152
177 153
177 154
177 155
177 156
177 157
177 158
177 159
177 178
177 179
177 181
177 184
177 186
177 187
177 188
177 189
177 190
177 191
177 192
177 193
177 194
177 195
177 196
177 198
177 199
178 21
178 22
178 23
178 24
178 26
178 27
178 29
178 30
178 32
178 33
178 34
178 35
178 36
178 37
178 39
178 59
178 60
178 61
178 62
178 63
178 64
178 65
178 66
178 67
178 68
178 69
178 70
178 71
178 72
178 73
178 74
178 75
178 76
178 77
178 78
178 79
178 99
178 100
178 101
178 103
178 104
178 106
178 107
178 109
178 110
178 111
178 112
178 115
178 116
178 117
178 118
178 119
178 140
178 141
178 142
178 143
178 144
178 145
178 147
178 148
178 149
178 150
178 151
178 152
178 153
178 154
178 155
178 156
178 157
178 158
178 159
178 179
178 180
178 181
178 182
178 183
178 184
178 185
178 186
178 187
178 188
178 191
178 192
178 193
178 194
178 195
178 196
178 197
178 198
178 199
179 21
179 22
179 27
179 31
179 37
179 61
179 63
179 68
179 70
179 73
179 77
179 79
179 102
179 103
179 107
179 110
179 111
179 113
179 140
179 143
179 145
179 146
179 148
179 149
179 158
179 181
179 183
179 186
179 188
179 190
179 194
179 196
179 197
180 21
180 23
180 26
180 35
180 36
180 37
180 63
180 67
180 71
180 73
180 77
180 78
180 107
180 114
180 115
180 118
180 147
180 149
180 150
180 156
180 159
180 185
180 195
180 197
181 30
181 34
181 39
181 62
181 65
181 68
181 72
181 74
181 78
181 102
181 103
181 104
181 109
181 142
181 158
181 183
181 186
181 189
181 190
181 191
181 192
181 196
181 197
182 26
182 27
182 29
182 30
182 31
182 33
182 35
182 37
182 38
182 39
182 64
182 66
182 67
182 71
182 73
182 78
182 79
182 103
182 105
182 108
182 109
182 112
182 114
182 115
182 144
182 145
182 146
182 147
182 150
182 151
182 153
182 156
182 158
182 159
182 183
182 184
182 185
182 187
182 188
182 189
182 191
182 192
182 198
183 27
183 28
183 29
183 30
183 31
183 33
183 34
183 35
183 37
183 38
183 39
183 65
183 68
183 69
183 70
183 71
183 72
183 73
183 74
183 76
183 77
183 79
183 104
183 105
183 106
183 109
183 110
183 112
183 116
183 119
183 145
183 146
183 147
183 148
183 149
183 152
183 153
183 154
183 156
183 157
183 158
183 159
183 185
183 188
183 189
183 191
183 194
183 195
184 25
184 32
184 65
184 67
184 71
184 73
184 75
184 79
184 106
184 109
184 110
184 114
184 116
184 117
184 118
184 119
184 151
184 153
184 154
184 158
184 159
184 185
184 187
184 197
184 199
185 26
185 32
185 34
185 35
185 36
185 37
185 38
185 39
185 66
185 67
185 68
185 69
185 70
185 71
185 72
185 73
185 74
185 75
185 76
185 77
185 79
185 106
185 107
185 111
185 112
185 114
185 115
185 117
185 119
185 147
185 148
185 149
185 150
185 153
185 154
185 155
185 156
185 157
185 158
185 159
185 186
185 187
185 188
185 191
185 193
185 194
185 196
185 197
185 198
185 199
186 27
186 37
186 39
186 75
186 77
186 107
186 108
186 111
186 147
186 151
186 153
186 158
186 188
186 190
186 191
186 193
186 195
187 28
187 29
187 30
187 31
187 32
187 33
187 34
187 35
187 36
187 37
187 38
187 39
187 68
187 69
187 70
187 71
187 72
187 73
187 74
187 75
187 76
187 77
187 78
187 79
187 108
187 109
187 110
187 111
187 112
187 113
187 114
187 115
187 116
187 117
187 118
187 119
187 148
187 149
187 150
187 151
187 152
187 153
187 154
187 155
187 157
187 158
187 159
187 188
187 189
187 190
187 191
187 192
187 193
187 194
187 195
187 196
187 197
187 198
187 199
188 153
189 30
189 35
189 36
189 39
189 76
189 78
189 79
189 112
189 114
189 117
189 150
189 152
189 155
189 157
189 190
189 195
189 196
190 34
190 35
190 37
190 39
190 71
190 72
190 73
190 74
190 77
190 79
190 113
190 114
190 115
190 118
190 119
190 151
190 152
190 154
190 159
190 192
190 193
190 194
190 195
190 196
190 197
190 199
191 34
191 35
191 36
191 37
191 72
191 73
191 74
191 76
191 78
191 112
191 115
191 117
191 155
191 194
191 198
191 199
192 37
192 194
193 35
193 38
193 39
193 78
193 114
193 117
193 119
193 195
193 196
193 198
194 35
194 36
194 37
194 38
194 39
194 75
194 77
194 78
194 79
194 115
194 116
194 117
194 118
194 119
194 155
194 157
194 158
194 159
194 195
194 196
194 197
194 198
194 199
195 36
195 38
195 116
195 119
195 158
195 159
195 198
196 157
197 39
198 39
198 79
198 119
