200
0 60 2.9
1 60 2.9
2 60 2.9
3 60 2.9
4 60 2.9
5 60 2.9
6 60 2.9
7 60 2.9
8 60 2.9
9 60 2.9
10 60 2.9
11 60 2.9
12 60 2.9
13 60 2.9
14 60 2.9
15 60 2.9
16 60 2.9
17 60 2.9
18 60 2.9
19 60 2.9
20 60 2.9
21 60 2.9
22 60 2.9
23 60 2.9
24 60 2.9
25 60 2.9
26 60 2.9
27 60 2.9
28 60 2.9
29 60 2.9
30 60 2.9
31 60 2.9
32 60 2.9
33 60 2.9
34 60 2.9
35 60 2.9
36 60 2.9
37 60 2.9
38 60 2.9
39 60 2.9
40 60 2.9
41 60 2.9
42 60 2.9
43 60 2.9
44 60 2.9
45 60 2.9
46 60 2.9
47 60 2.9
48 60 2.9
49 60 2.9
50 60 2.9
51 60 2.9
52 60 2.9
53 60 2.9
54 60 2.9
55 60 2.9
56 60 2.9
57 60 2.9
58 60 2.9
59 60 2.9
60 60 2.9
61 60 2.9
62 60 2.9
63 60 2.9
64 60 2.9
65 100 2.9
66 60 2.9
67 60 2.9
68 60 2.9
69 60 2.9
70 60 2.9
71 60 2.9
72 60 2.9
73 60 2.9
74 60 2.9
75 60 2.9
76 60 2.9
77 60 2.9
78 60 2.9
79 60 2.9
80 60 2.9
81 60 2.9
82 60 2.9
83 60 2.9
84 60 2.9
85 60 2.9
86 60 2.9
87 60 2.9
88 60 2.9
89 60 2.9
90 60 2.9
91 60 2.9
92 60 2.9
93 60 2.9
94 60 2.9
95 60 2.9
96 60 2.9
97 60 2.9
98 60 2.9
99 60 2.9
100 60 2.9
101 60 2.9
102 60 2.9
103 60 2.9
104 60 2.9
105 60 2.9
106 60 2.9
107 60 2.9
108 60 2.9
109 60 2.9
110 60 2.9
111 60 2.9
112 60 2.9
113 60 2.9
114 60 2.9
115 60 2.9
116 60 2.9
117 60 2.9
118 60 2.9
119 60 2.9
120 60 2.9
121 60 2.9
122 60 2.9
123 60 2.9
124 60 2.9
125 60 2.9
126 60 2.9
127 60 2.9
128 60 2.9
129 60 2.9
130 60 2.9
131 100 2.9
132 58 2.7
133 58 2.7
134 58 2.7
135 58 2.7
136 58 2.7
137 58 2.7
138 58 2.7
139 58 2.7
140 58 2.7
141 58 2.7
142 58 2.7
143 58 2.7
144 58 2.7
145 58 2.7
146 58 2.7
147 58 2.7
148 58 2.7
149 58 2.7
150 58 2.7
151 58 2.7
152 58 2.7
153 58 2.7
154 58 2.7
155 58 2.7
156 58 2.7
157 58 2.7
158 58 2.7
159 58 2.7
160 58 2.7
161 58 2.7
162 58 2.7
163 58 2.7
164 58 2.7
165 58 2.7
166 58 2.7
167 58 2.7
168 58 2.7
169 58 2.7
170 58 2.7
171 58 2.7
172 58 2.7
173 58 2.7
174 58 2.7
175 58 2.7
176 58 2.7
177 58 2.7
178 58 2.7
179 58 2.7
180 58 2.7
181 58 2.7
182 58 2.7
183 58 2.7
184 58 2.7
185 58 2.7
186 58 2.7
187 58 2.7
188 58 2.7
189 58 2.7
190 58 2.7
191 58 2.7
192 58 2.7
193 58 2.7
194 58 2.7
195 58 2.7
196 58 2.7
197 58 2.7
198 58 2.7
199 114 2.7
0 3
0 4
0 6
0 7
0 10
0 12
0 13
0 14
0 15
0 18
0 19
0 21
0 22
0 27
0 30
0 35
0 36
0 41
0 42
0 46
0 49
0 50
0 52
0 54
0 55
0 58
0 60
0 62
0 63
0 65
0 67
0 70
0 72
0 74
0 76
0 77
0 83
0 87
0 89
0 90
0 91
0 95
0 96
0 98
0 99
0 100
0 101
0 104
0 106
0 110
0 113
0 114
0 117
0 121
0 122
0 123
0 124
0 125
0 127
0 128
0 129
0 130
0 136
0 139
0 141
0 142
0 143
0 146
0 150
0 154
0 157
0 165
0 166
0 168
0 170
0 172
0 175
0 176
0 177
0 179
0 181
0 182
0 184
0 185
0 187
0 188
0 194
0 198
0 199
1 2
1 3
1 4
1 5
1 6
1 7
1 8
1 9
1 10
1 12
1 13
1 14
1 15
1 16
1 17
1 18
1 19
1 20
1 21
1 22
1 23
1 24
1 25
1 26
1 27
1 28
1 29
1 30
1 31
1 32
1 33
1 34
1 35
1 36
1 37
1 38
1 39
1 40
1 41
1 43
1 44
1 45
1 46
1 47
1 48
1 49
1 50
1 51
1 52
1 53
1 54
1 55
1 56
1 57
1 58
1 60
1 61
1 62
1 63
1 64
1 65
1 68
1 69
1 70
1 71
1 72
1 73
1 74
1 75
1 76
1 77
1 78
1 79
1 80
1 81
1 82
1 83
1 84
1 85
1 86
1 87
1 88
1 89
1 90
1 91
1 92
1 93
1 94
1 95
1 96
1 97
1 99
1 101
1 102
1 103
1 105
1 106
1 107
1 108
1 109
1 110
1 111
1 112
1 113
1 114
1 115
1 116
1 117
1 119
1 120
1 121
1 122
1 123
1 124
1 125
1 126
1 127
1 129
1 130
1 131
1 135
1 136
1 137
1 138
1 139
1 140
1 141
1 142
1 143
1 144
1 145
1 146
1 147
1 148
1 149
1 150
1 151
1 152
1 153
1 154
1 155
1 156
1 157
1 158
1 159
1 160
1 161
1 162
1 163
1 164
1 165
1 166
1 167
1 168
1 169
1 170
1 171
1 172
1 173
1 174
1 175
1 176
1 177
1 178
1 179
1 180
1 181
1 182
1 183
1 184
1 185
1 186
1 187
1 188
1 189
1 190
1 191
1 193
1 194
1 195
1 196
1 197
1 198
1 199
2 3
2 5
2 6
2 7
2 8
2 9
2 10
2 11
2 12
2 13
2 14
2 15
2 17
2 18
2 19
2 20
2 21
2 22
2 23
2 24
2 25
2 26
2 27
2 28
2 29
2 30
2 31
2 32
2 33
2 34
2 35
2 36
2 37
2 38
2 39
2 40
2 41
2 42
2 43
2 44
2 45
2 47
2 48
2 49
2 50
2 51
2 52
2 53
2 54
2 55
2 56
2 57
2 58
2 59
2 60
2 61
2 62
2 63
2 64
2 65
2 69
2 70
2 71
2 72
2 73
2 74
2 75
2 76
2 77
2 78
2 79
2 80
2 81
2 82
2 83
2 85
2 86
2 87
2 88
2 89
2 90
2 91
2 93
2 95
2 96
2 97
2 98
2 99
2 100
2 101
2 102
2 104
2 107
2 108
2 109
2 110
2 111
2 112
2 113
2 114
2 115
2 116
2 117
2 118
2 119
2 120
2 121
2 122
2 123
2 124
2 125
2 126
2 127
2 128
2 129
2 130
2 131
2 136
2 138
2 139
2 140
2 141
2 142
2 143
2 144
2 145
2 146
2 147
2 148
2 149
2 150
2 151
2 152
2 153
2 154
2 155
2 156
2 157
2 158
2 159
2 160
2 161
2 162
2 163
2 164
2 165
2 166
2 167
2 168
2 169
2 170
2 171
2 172
2 173
2 174
2 175
2 176
2 177
2 178
2 179
2 180
2 181
2 182
2 184
2 185
2 187
2 188
2 189
2 190
2 191
2 192
2 193
2 194
2 197
2 198
2 199
3 5
3 10
3 14
3 15
3 16
3 17
3 20
3 24
3 26
3 28
3 30
3 31
3 33
3 34
3 41
3 42
3 43
3 44
3 45
3 46
3 48
3 49
3 50
3 53
3 56
3 57
3 58
3 59
3 62
3 63
3 64
3 71
3 72
3 77
3 79
3 80
3 81
3 83
3 85
3 90
3 91
3 97
3 98
3 99
3 100
3 102
3 103
3 104
3 105
3 109
3 110
3 115
3 116
3 117
3 118
3 127
3 128
3 131
3 138
3 141
3 144
3 145
3 147
3 149
3 153
3 154
3 155
3 158
3 159
3 164
3 165
3 172
3 173
3 175
3 180
3 181
3 184
3 186
3 187
3 188
3 193
3 195
3 196
3 197
4 6
4 9
4 11
4 12
4 13
4 14
4 16
4 19
4 20
4 23
4 24
4 25
4 26
4 28
4 31
4 32
4 33
4 34
4 35
4 38
4 41
4 42
4 44
4 46
4 47
4 48
4 49
4 52
4 55
4 57
4 59
4 60
4 61
4 62
4 65
4 74
4 75
4 80
4 84
4 85
4 86
4 89
4 93
4 94
4 95
4 96
4 99
4 102
4 103
4 106
4 109
4 111
4 113
4 116
4 117
4 118
4 120
4 121
4 122
4 124
4 125
4 126
4 128
4 129
4 140
4 142
4 147
4 149
4 150
4 152
4 154
4 155
4 158
4 159
4 162
4 164
4 165
4 166
4 170
4 171
4 172
4 174
4 178
4 181
4 184
4 187
4 188
4 190
4 193
4 198
4 199
5 6
5 7
5 8
5 9
5 11
5 17
5 18
5 19
5 21
5 22
5 23
5 24
5 26
5 29
5 30
5 32
5 33
5 34
5 36
5 38
5 40
5 41
5 43
5 46
5 47
5 48
5 49
5 50
5 52
5 53
5 54
5 55
5 56
5 57
5 58
5 59
5 60
5 64
5 72
5 73
5 74
5 76
5 79
5 82
5 83
5 84
5 85
5 88
5 89
5 90
5 91
5 92
5 93
5 94
5 96
5 98
5 99
5 100
5 101
5 102
5 103
5 104
5 105
5 106
5 107
5 108
5 109
5 111
5 112
5 115
5 116
5 117
5 119
5 120
5 122
5 125
5 126
5 128
5 139
5 140
5 141
5 142
5 143
5 144
5 145
5 146
5 147
5 148
5 149
5 150
5 151
5 152
5 153
5 155
5 157
5 158
5 159
5 163
5 164
5 165
5 166
5 168
5 169
5 170
5 171
5 173
5 174
5 175
5 177
5 178
5 179
5 180
5 181
5 183
5 185
5 187
5 188
5 190
5 192
5 193
5 194
5 195
5 197
5 199
6 7
6 8
6 9
6 10
6 11
6 12
6 13
6 14
6 15
6 16
6 17
6 18
6 19
6 20
6 21
6 22
6 23
6 24
6 25
6 26
6 27
6 28
6 29
6 30
6 31
6 32
6 33
6 34
6 35
6 36
6 37
6 38
6 39
6 40
6 41
6 42
6 43
6 44
6 45
6 46
6 47
6 48
6 49
6 50
6 51
6 52
6 53
6 54
6 55
6 57
6 58
6 59
6 60
6 61
6 62
6 63
6 64
6 65
6 73
6 74
6 75
6 76
6 77
6 78
6 79
6 81
6 82
6 83
6 84
6 85
6 86
6 87
6 88
6 89
6 90
6 91
6 92
6 93
6 94
6 95
6 96
6 97
6 98
6 99
6 100
6 101
6 102
6 103
6 104
6 105
6 106
6 107
6 108
6 109
6 110
6 111
6 112
6 113
6 114
6 115
6 116
6 117
6 118
6 119
6 120
6 121
6 122
6 123
6 124
6 125
6 126
6 127
6 128
6 129
6 130
6 131
6 141
6 142
6 143
6 144
6 145
6 146
6 147
6 148
6 149
6 150
6 151
6 152
6 153
6 154
6 155
6 156
6 157
6 158
6 159
6 160
6 161
6 163
6 164
6 165
6 166
6 167
6 168
6 169
6 170
6 171
6 172
6 173
6 174
6 175
6 176
6 177
6 178
6 179
6 180
6 181
6 182
6 183
6 184
6 185
6 186
6 187
6 188
6 189
6 190
6 191
6 192
6 193
6 194
6 195
6 196
6 197
6 198
6 199
7 11
7 15
7 16
7 17
7 18
7 19
7 20
7 24
7 27
7 28
7 29
7 31
7 32
7 33
7 34
7 40
7 42
7 43
7 44
7 51
7 53
7 54
7 55
7 58
7 60
7 62
7 76
7 77
7 80
7 81
7 82
7 83
7 86
7 87
7 88
7 90
7 92
7 96
7 97
7 99
7 101
7 102
7 104
7 106
7 108
7 112
7 113
7 116
7 117
7 119
7 121
7 122
7 123
7 125
7 126
7 129
7 130
7 131
7 143
7 144
7 145
7 146
7 154
7 157
7 159
7 160
7 163
7 169
7 170
7 171
7 173
7 176
7 177
7 181
7 184
7 188
7 192
7 195
7 197
8 9
8 10
8 11
8 12
8 13
8 14
8 15
8 16
8 17
8 18
8 19
8 20
8 21
8 22
8 23
8 24
8 25
8 27
8 29
8 30
8 32
8 33
8 35
8 36
8 37
8 38
8 39
8 40
8 41
8 42
8 43
8 44
8 45
8 46
8 47
8 48
8 50
8 51
8 53
8 55
8 56
8 57
8 58
8 59
8 60
8 61
8 62
8 63
8 64
8 65
8 75
8 76
8 77
8 78
8 79
8 80
8 81
8 82
8 83
8 84
8 86
8 88
8 92
8 93
8 94
8 95
8 96
8 97
8 100
8 102
8 103
8 104
8 105
8 106
8 107
8 109
8 110
8 111
8 112
8 113
8 114
8 115
8 116
8 117
8 118
8 120
8 121
8 122
8 123
8 125
8 126
8 127
8 128
8 129
8 143
8 145
8 146
8 147
8 148
8 149
8 150
8 151
8 152
8 154
8 155
8 156
8 157
8 158
8 159
8 160
8 163
8 164
8 165
8 167
8 168
8 169
8 170
8 171
8 173
8 174
8 175
8 176
8 178
8 179
8 180
8 181
8 182
8 183
8 184
8 185
8 186
8 187
8 188
8 189
8 190
8 191
8 192
8 193
8 194
8 195
8 196
8 197
8 199
9 10
9 12
9 15
9 22
9 23
9 26
9 27
9 28
9 29
9 30
9 40
9 42
9 51
9 63
9 79
9 82
9 83
9 84
9 90
9 93
9 94
9 100
9 105
9 112
9 113
9 115
9 123
9 124
9 131
9 148
9 152
9 160
9 164
9 179
9 188
9 189
9 190
9 194
9 199
10 11
10 15
10 16
10 18
10 21
10 22
10 27
10 28
10 29
10 32
10 33
10 38
10 40
10 43
10 44
10 45
10 49
10 50
10 51
10 54
10 58
10 59
10 64
10 65
10 86
10 87
10 88
10 90
10 93
10 94
10 95
10 96
10 97
10 98
10 101
10 102
10 105
10 108
10 110
10 112
10 114
10 115
10 116
10 117
10 118
10 120
10 121
10 124
10 125
10 129
10 131
10 146
10 147
10 148
10 152
10 153
10 156
10 159
10 160
10 161
10 162
10 164
10 166
10 167
10 168
10 173
10 175
10 176
10 178
10 179
10 180
10 182
10 188
10 189
10 192
10 195
10 196
11 13
11 15
11 16
11 18
11 20
11 21
11 22
11 24
11 25
11 30
11 32
11 33
11 35
11 38
11 39
11 40
11 41
11 42
11 43
11 44
11 45
11 47
11 52
11 53
11 56
11 57
11 58
11 60
11 62
11 64
11 78
11 79
11 81
11 82
11 86
11 87
11 88
11 90
11 91
11 92
11 94
11 95
11 98
11 99
11 101
11 103
11 105
11 106
11 108
11 109
11 110
11 114
11 115
11 116
11 117
11 118
11 122
11 123
11 126
11 130
11 148
11 149
11 152
11 153
11 155
11 157
11 159
11 160
11 162
11 164
11 165
11 166
11 168
11 169
11 170
11 177
11 178
11 182
11 183
11 184
11 188
11 189
11 191
11 194
11 197
11 198
12 14
12 16
12 18
12 19
12 21
12 23
12 24
12 26
12 27
12 28
12 29
12 32
12 33
12 34
12 35
12 40
12 43
12 47
12 49
12 50
12 53
12 54
12 56
12 57
12 59
12 60
12 62
12 79
12 81
12 82
12 83
12 85
12 86
12 89
12 90
12 91
12 94
12 95
12 100
12 101
12 110
12 112
12 113
12 114
12 116
12 117
12 118
12 119
12 120
12 122
12 124
12 126
12 127
12 128
12 131
12 147
12 149
12 150
12 151
12 152
12 154
12 157
12 158
12 161
12 162
12 163
12 166
12 168
12 170
12 171
12 174
12 175
12 176
12 177
12 178
12 179
12 181
12 184
12 187
12 188
12 189
12 191
12 193
12 194
12 195
12 196
12 197
12 198
13 14
13 16
13 17
13 19
13 21
13 22
13 24
13 25
13 26
13 27
13 28
13 29
13 30
13 31
13 32
13 33
13 34
13 35
13 36
13 37
13 38
13 39
13 40
13 41
13 43
13 45
13 47
13 48
13 50
13 51
13 52
13 53
13 54
13 55
13 56
13 58
13 59
13 60
13 61
13 63
13 64
13 80
13 81
13 83
13 84
13 85
13 86
13 88
13 91
13 92
13 93
13 95
13 96
13 97
13 99
13 100
13 101
13 102
13 103
13 104
13 105
13 107
13 111
13 112
13 114
13 115
13 116
13 118
13 119
13 120
13 121
13 122
13 123
13 124
13 125
13 127
13 129
13 131
13 147
13 148
13 149
13 150
13 151
13 152
13 153
13 154
13 155
13 157
13 158
13 159
13 161
13 162
13 164
13 165
13 166
13 167
13 168
13 169
13 170
13 171
13 175
13 176
13 177
13 178
13 179
13 181
13 182
13 183
13 184
13 185
13 186
13 190
13 191
13 192
13 193
13 194
13 197
13 198
14 15
14 16
14 21
14 27
14 30
14 31
14 33
14 38
14 39
14 43
14 44
14 45
14 46
14 47
14 50
14 52
14 53
14 61
14 87
14 91
14 93
14 95
14 98
14 102
14 104
14 105
14 106
14 109
14 110
14 111
14 114
14 115
14 117
14 119
14 121
14 123
14 125
14 126
14 130
14 150
14 152
14 153
14 155
14 157
14 160
14 162
14 163
14 164
14 166
14 167
14 169
14 171
14 173
14 175
14 176
14 178
14 180
14 186
14 189
14 190
14 192
14 194
14 198
14 199
15 16
15 19
15 25
15 36
15 37
15 41
15 42
15 44
15 45
15 46
15 47
15 48
15 50
15 52
15 54
15 56
15 59
15 61
15 64
15 90
15 91
15 92
15 94
15 97
15 98
15 99
15 103
15 112
15 113
15 130
15 151
15 154
15 169
15 171
15 172
15 179
15 180
15 181
15 187
15 191
16 17
16 18
16 19
16 20
16 21
16 22
16 23
16 24
16 25
16 26
16 28
16 29
16 30
16 31
16 32
16 33
16 34
16 35
16 36
16 37
16 39
16 40
16 41
16 42
16 43
16 44
16 45
16 46
16 47
16 48
16 50
16 51
16 52
16 54
16 55
16 56
16 57
16 58
16 59
16 60
16 61
16 62
16 63
16 65
16 83
16 84
16 85
16 86
16 87
16 88
16 89
16 91
16 92
16 93
16 94
16 95
16 96
16 97
16 98
16 100
16 101
16 102
16 103
16 104
16 105
16 106
16 107
16 108
16 109
16 110
16 111
16 113
16 114
16 115
16 116
16 117
16 118
16 121
16 122
16 123
16 125
16 126
16 127
16 128
16 129
16 130
16 131
16 150
16 151
16 152
16 153
16 154
16 156
16 157
16 158
16 159
16 160
16 161
16 162
16 163
16 164
16 165
16 166
16 167
16 168
16 170
16 171
16 173
16 174
16 175
16 176
16 177
16 178
16 179
16 180
16 182
16 183
16 184
16 185
16 186
16 187
16 188
16 189
16 190
16 191
16 192
16 193
16 194
16 195
16 196
16 197
16 199
17 18
17 19
17 21
17 22
17 25
17 26
17 27
17 28
17 29
17 30
17 32
17 33
17 34
17 35
17 36
17 37
17 38
17 39
17 40
17 42
17 43
17 44
17 45
17 46
17 48
17 49
17 51
17 52
17 53
17 54
17 55
17 56
17 57
17 61
17 62
17 63
17 84
17 85
17 88
17 90
17 91
17 92
17 94
17 95
17 96
17 99
17 100
17 105
17 107
17 108
17 109
17 111
17 112
17 113
17 115
17 116
17 117
17 118
17 122
17 123
17 124
17 125
17 126
17 127
17 128
17 129
17 130
17 131
17 151
17 153
17 154
17 155
17 156
17 157
17 158
17 159
17 160
17 161
17 162
17 163
17 164
17 167
17 170
17 171
17 172
17 173
17 174
17 175
17 176
17 177
17 178
17 179
17 181
17 182
17 183
17 184
17 185
17 186
17 187
17 188
17 189
17 191
17 192
17 193
17 194
17 195
17 196
17 197
17 198
17 199
18 30
18 40
18 173
19 20
19 21
19 22
19 23
19 24
19 25
19 27
19 28
19 29
19 30
19 31
19 32
19 33
19 34
19 35
19 36
19 37
19 38
19 39
19 41
19 42
19 43
19 44
19 46
19 47
19 48
19 49
19 50
19 51
19 52
19 54
19 55
19 56
19 57
19 58
19 59
19 60
19 61
19 62
19 63
19 64
19 65
19 86
19 87
19 88
19 89
19 91
19 92
19 93
19 94
19 95
19 96
19 97
19 98
19 99
19 100
19 101
19 102
19 103
19 104
19 105
19 106
19 107
19 108
19 109
19 111
19 112
19 114
19 115
19 116
19 117
19 118
19 119
19 120
19 122
19 123
19 124
19 126
19 127
19 128
19 130
19 131
19 153
19 155
19 156
19 157
19 158
19 159
19 160
19 161
19 162
19 163
19 164
19 165
19 166
19 167
19 168
19 169
19 170
19 171
19 172
19 173
19 174
19 175
19 176
19 177
19 178
19 179
19 181
19 182
19 183
19 184
19 185
19 186
19 187
19 189
19 190
19 191
19 192
19 193
19 194
19 195
19 196
19 197
19 198
19 199
20 23
20 116
20 122
21 22
21 23
21 25
21 30
21 31
21 36
21 40
21 41
21 43
21 48
21 50
21 56
21 61
21 64
21 90
21 93
21 98
21 100
21 104
21 106
21 107
21 108
21 110
21 114
21 116
21 117
21 120
21 121
21 122
21 123
21 128
21 130
21 155
21 158
21 163
21 164
21 170
21 171
21 174
21 175
21 176
21 177
21 178
21 180
21 182
21 183
21 185
21 187
21 190
21 191
21 193
21 194
21 197
21 198
21 199
22 23
22 24
22 25
22 26
22 28
22 30
22 31
22 32
22 33
22 34
22 36
22 37
22 40
22 41
22 42
22 43
22 44
22 45
22 47
22 48
22 50
22 51
22 53
22 54
22 56
22 57
22 58
22 59
22 61
22 62
22 63
22 64
22 89
22 90
22 91
22 92
22 93
22 94
22 96
22 97
22 98
22 99
22 102
22 103
22 104
22 105
22 106
22 107
22 108
22 110
22 111
22 112
22 113
22 114
22 116
22 117
22 118
22 119
22 120
22 123
22 124
22 125
22 128
22 130
22 131
22 157
22 158
22 159
22 161
22 162
22 163
22 164
22 165
22 166
22 168
22 169
22 170
22 171
22 173
22 174
22 176
22 177
22 178
22 180
22 181
22 183
22 184
22 185
22 186
22 187
22 188
22 189
22 191
22 192
22 193
22 194
22 195
22 196
22 197
22 198
23 25
23 30
23 42
23 60
23 92
23 95
23 98
23 101
23 104
23 109
23 110
23 112
23 114
23 120
23 166
23 174
23 178
23 184
23 192
23 198
24 25
24 27
24 28
24 30
24 31
24 32
24 35
24 36
24 37
24 38
24 39
24 41
24 43
24 44
24 48
24 49
24 51
24 53
24 55
24 56
24 59
24 61
24 62
24 64
24 65
24 92
24 93
24 94
24 95
24 96
24 98
24 100
24 101
24 102
24 104
24 105
24 106
24 107
24 109
24 110
24 111
24 112
24 114
24 115
24 116
24 119
24 120
24 122
24 123
24 126
24 128
24 130
24 159
24 160
24 161
24 166
24 167
24 169
24 170
24 173
24 174
24 175
24 177
24 179
24 180
24 181
24 182
24 183
24 184
24 185
24 189
24 190
24 191
24 193
24 195
24 196
24 199
25 26
25 28
25 32
25 35
25 48
25 50
25 51
25 52
25 53
25 54
25 56
25 57
25 61
25 62
25 96
25 99
25 102
25 110
25 111
25 123
25 159
25 165
25 168
25 169
25 170
25 174
25 181
25 185
25 188
25 190
25 191
25 198
26 47
26 193
27 32
27 37
27 39
27 40
27 50
27 97
27 103
27 108
27 109
27 119
27 167
27 171
27 185
27 189
27 191
28 29
28 30
28 31
28 33
28 34
28 35
28 36
28 38
28 39
28 41
28 42
28 43
28 44
28 45
28 46
28 47
28 48
28 49
28 50
28 53
28 54
28 55
28 56
28 57
28 58
28 60
28 61
28 62
28 63
28 65
28 95
28 96
28 97
28 98
28 101
28 102
28 104
28 105
28 106
28 107
28 108
28 109
28 110
28 111
28 112
28 113
28 114
28 115
28 117
28 118
28 119
28 121
28 123
28 124
28 126
28 127
28 128
28 130
28 131
28 162
28 163
28 166
28 167
28 168
28 169
28 170
28 171
28 172
28 173
28 174
28 176
28 178
28 180
28 181
28 182
28 184
28 185
28 186
28 187
28 188
28 189
28 190
28 194
28 195
28 198
28 199
29 30
29 31
29 32
29 34
29 35
29 36
29 38
29 40
29 41
29 42
29 43
29 44
29 45
29 46
29 47
29 48
29 49
29 51
29 52
29 53
29 54
29 55
29 56
29 57
29 58
29 59
29 60
29 61
29 62
29 63
29 64
29 65
29 96
29 98
29 99
29 100
29 102
29 103
29 105
29 107
29 108
29 109
29 111
29 112
29 113
29 114
29 115
29 116
29 117
29 119
29 120
29 121
29 122
29 123
29 124
29 125
29 126
29 127
29 128
29 129
29 130
29 131
29 165
29 166
29 167
29 168
29 169
29 170
29 171
29 172
29 173
29 174
29 175
29 176
29 177
29 178
29 179
29 180
29 181
29 182
29 183
29 184
29 185
29 186
29 187
29 188
29 189
29 190
29 191
29 193
29 194
29 195
29 196
29 198
29 199
30 31
30 32
30 33
30 34
30 35
30 36
30 37
30 38
30 39
30 41
30 43
30 44
30 47
30 48
30 49
30 51
30 52
30 54
30 56
30 57
30 58
30 61
30 62
30 64
30 65
30 97
30 98
30 99
30 100
30 102
30 104
30 105
30 108
30 109
30 110
30 111
30 112
30 115
30 116
30 117
30 118
30 120
30 121
30 122
30 123
30 124
30 126
30 131
30 166
30 167
30 168
30 169
30 170
30 173
30 174
30 175
30 178
30 179
30 182
30 184
30 185
30 187
30 194
30 197
30 199
31 33
31 34
31 35
31 36
31 37
31 38
31 39
31 43
31 44
31 45
31 46
31 47
31 49
31 50
31 51
31 53
31 54
31 57
31 61
31 63
31 65
31 98
31 99
31 100
31 102
31 103
31 104
31 106
31 107
31 109
31 110
31 113
31 114
31 117
31 118
31 120
31 122
31 126
31 128
31 129
31 131
31 166
31 168
31 169
31 170
31 171
31 172
31 174
31 176
31 178
31 180
31 185
31 187
31 193
31 195
31 196
31 198
31 199
32 44
32 54
32 64
32 101
32 108
32 114
32 117
32 129
32 171
32 173
32 179
32 187
32 189
32 194
32 199
33 44
33 104
33 106
33 111
33 113
33 120
33 122
33 173
33 190
33 192
34 41
34 55
34 56
34 59
34 111
34 121
34 186
34 192
35 40
35 53
35 124
35 130
36 38
36 39
36 41
36 43
36 44
36 45
36 47
36 49
36 53
36 55
36 60
36 65
36 111
36 112
36 115
36 121
36 122
36 123
36 127
36 128
36 129
36 171
36 172
36 174
36 176
36 178
36 180
36 181
36 182
36 184
36 187
36 193
36 195
36 196
37 193
38 40
38 41
38 42
38 44
38 45
38 48
38 49
38 50
38 54
38 55
38 58
38 59
38 60
38 61
38 62
38 64
38 65
38 105
38 106
38 107
38 108
38 110
38 113
38 116
38 118
38 119
38 122
38 123
38 126
38 127
38 128
38 130
38 131
38 175
38 176
38 177
38 178
38 179
38 180
38 181
38 182
38 185
38 188
38 189
38 191
38 192
38 195
38 196
38 198
39 40
39 41
39 43
39 47
39 49
39 107
39 110
39 111
39 114
39 115
39 125
39 126
39 127
39 175
39 183
39 185
39 187
39 188
39 189
39 198
40 50
40 56
40 57
40 58
40 59
40 111
40 116
40 123
40 128
40 131
40 175
40 177
40 182
40 183
40 186
40 189
40 190
40 194
40 198
40 199
41 44
41 46
41 50
41 52
41 53
41 56
41 57
41 58
41 59
41 61
41 63
41 65
41 112
41 117
41 118
41 119
41 120
41 121
41 123
41 126
41 129
41 130
41 177
41 179
41 182
41 183
41 184
41 189
41 192
41 194
41 195
42 116
42 117
42 119
42 121
42 127
42 128
42 185
42 188
42 189
43 44
43 45
43 46
43 48
43 49
43 51
43 52
43 53
43 54
43 55
43 56
43 59
43 60
43 61
43 62
43 63
43 64
43 65
43 110
43 111
43 112
43 113
43 114
43 117
43 118
43 119
43 120
43 122
43 123
43 125
43 126
43 127
43 129
43 130
43 131
43 178
43 179
43 180
43 181
43 182
43 183
43 184
43 185
43 186
43 187
43 188
43 189
43 190
43 191
43 192
43 193
43 194
43 195
43 196
43 197
43 198
44 47
44 48
44 49
44 50
44 51
44 55
44 60
44 63
44 65
44 114
44 116
44 119
44 123
44 124
44 125
44 127
44 128
44 129
44 182
44 185
44 186
44 187
44 188
44 189
44 193
44 195
44 197
44 199
45 47
45 48
45 52
45 65
45 112
45 115
45 118
45 123
45 124
45 127
45 187
45 190
46 58
46 62
46 63
46 64
46 123
46 127
46 128
46 183
46 189
46 198
47 48
47 50
47 51
47 52
47 53
47 56
47 57
47 60
47 61
47 62
47 64
47 115
47 117
47 118
47 121
47 123
47 124
47 125
47 126
47 127
47 129
47 131
47 183
47 184
47 185
47 186
47 187
47 188
47 189
47 190
47 191
47 193
47 195
47 199
48 64
48 116
48 129
48 191
48 194
48 198
49 53
49 54
49 55
49 56
49 57
49 58
49 59
49 60
49 62
49 64
49 65
49 116
49 118
49 119
49 122
49 123
49 124
49 125
49 126
49 127
49 130
49 131
49 184
49 185
49 186
49 188
49 191
49 192
49 193
49 196
49 197
50 57
50 60
50 126
50 186
50 188
50 190
50 193
50 196
50 197
50 198
51 53
51 54
51 55
51 58
51 60
51 61
51 64
51 65
51 119
51 122
51 124
51 125
51 126
51 127
51 128
51 129
51 130
51 188
51 189
51 190
51 193
51 195
51 196
51 198
51 199
52 62
53 56
53 58
53 61
53 63
53 65
53 120
53 122
53 129
53 189
53 195
53 197
54 63
54 125
54 190
54 192
54 196
54 197
55 64
55 130
55 190
55 194
55 195
55 196
55 198
56 57
56 59
56 131
56 193
56 196
56 197
57 58
57 61
57 62
57 64
57 65
57 124
57 125
57 126
57 127
57 128
57 130
57 131
57 192
57 198
58 60
58 61
58 62
58 63
58 64
58 65
58 125
58 126
58 127
58 128
58 131
58 194
58 196
58 197
58 198
58 199
59 60
59 62
59 63
59 64
59 128
59 129
59 130
59 131
59 196
59 198
59 199
60 65
61 128
62 63
62 65
62 129
62 130
62 131
62 198
62 199
63 64
64 131
66 5
66 8
66 9
66 10
66 12
66 18
66 19
66 20
66 23
66 25
66 27
66 28
66 29
66 31
66 32
66 34
66 36
66 37
66 38
66 41
66 42
66 43
66 45
66 46
66 47
66 50
66 51
66 52
66 54
66 55
66 58
66 63
66 65
66 67
66 68
66 70
66 71
66 72
66 75
66 76
66 78
66 81
66 82
66 83
66 84
66 85
66 86
66 88
66 89
66 92
66 95
66 96
66 102
66 104
66 105
66 108
66 110
66 112
66 117
66 118
66 121
66 126
66 128
66 129
66 131
66 134
66 135
66 138
66 141
66 143
66 144
66 147
66 148
66 149
66 151
66 154
66 156
66 157
66 158
66 159
66 162
66 163
66 164
66 166
66 168
66 175
66 176
66 179
66 181
66 182
66 184
66 187
66 189
66 190
66 191
66 192
66 193
66 196
66 197
67 2
67 3
67 4
67 6
67 7
67 8
67 9
67 10
67 12
67 13
67 14
67 15
67 16
67 18
67 20
67 21
67 23
67 24
67 25
67 27
67 28
67 29
67 30
67 31
67 32
67 33
67 35
67 36
67 37
67 38
67 39
67 40
67 41
67 43
67 44
67 45
67 46
67 47
67 49
67 50
67 51
67 53
67 54
67 55
67 57
67 59
67 60
67 61
67 62
67 63
67 64
67 65
67 68
67 69
67 70
67 72
67 73
67 74
67 75
67 76
67 77
67 78
67 79
67 81
67 82
67 83
67 84
67 85
67 86
67 87
67 88
67 89
67 90
67 91
67 92
67 94
67 95
67 97
67 98
67 100
67 102
67 104
67 105
67 106
67 107
67 108
67 110
67 111
67 112
67 114
67 116
67 117
67 118
67 119
67 120
67 122
67 123
67 126
67 128
67 129
67 131
67 136
67 137
67 138
67 141
67 143
67 145
67 146
67 147
67 149
67 150
67 151
67 152
67 154
67 155
67 156
67 157
67 159
67 160
67 161
67 162
67 163
67 164
67 166
67 168
67 169
67 170
67 171
67 172
67 174
67 176
67 177
67 178
67 179
67 180
67 183
67 185
67 186
67 187
67 188
67 189
67 190
67 192
67 194
67 195
67 196
67 197
67 199
68 4
68 23
68 44
68 61
68 101
68 104
68 121
68 199
69 4
69 5
69 8
69 10
69 11
69 12
69 14
69 17
69 18
69 20
69 21
69 22
69 23
69 24
69 25
69 26
69 31
69 38
69 39
69 40
69 41
69 42
69 45
69 46
69 48
69 50
69 51
69 52
69 53
69 56
69 57
69 58
69 61
69 63
69 74
69 77
69 78
69 79
69 80
69 82
69 89
69 91
69 95
69 96
69 97
69 98
69 100
69 101
69 102
69 113
69 115
69 117
69 119
69 120
69 121
69 122
69 124
69 125
69 131
69 139
69 140
69 142
69 146
69 147
69 148
69 149
69 152
69 153
69 156
69 159
69 160
69 162
69 163
69 164
69 169
69 170
69 171
69 172
69 173
69 174
69 175
69 176
69 178
69 180
69 182
69 184
69 187
69 191
69 192
69 193
69 194
69 195
69 197
69 198
69 199
70 7
70 11
70 15
70 21
70 23
70 27
70 29
70 31
70 32
70 33
70 34
70 36
70 42
70 43
70 46
70 47
70 48
70 51
70 52
70 59
70 60
70 65
70 71
70 73
70 76
70 77
70 78
70 81
70 82
70 83
70 89
70 90
70 91
70 93
70 95
70 96
70 97
70 101
70 103
70 104
70 105
70 111
70 113
70 114
70 116
70 118
70 119
70 122
70 123
70 124
70 126
70 128
70 131
70 139
70 141
70 144
70 151
70 152
70 158
70 159
70 160
70 161
70 162
70 163
70 164
70 165
70 166
70 169
70 170
70 171
70 172
70 174
70 176
70 178
70 183
70 184
70 185
70 188
70 192
70 194
71 10
71 12
71 13
71 14
71 15
71 17
71 20
71 21
71 22
71 23
71 24
71 26
71 27
71 31
71 32
71 33
71 36
71 38
71 40
71 41
71 43
71 46
71 48
71 51
71 52
71 58
71 59
71 61
71 62
71 64
71 65
71 72
71 73
71 74
71 75
71 78
71 79
71 81
71 82
71 83
71 85
71 87
71 88
71 90
71 98
71 100
71 101
71 111
71 112
71 113
71 119
71 125
71 126
71 128
71 129
71 131
71 139
71 146
71 150
71 153
71 155
71 156
71 160
71 163
71 166
71 168
71 169
71 170
71 176
71 178
71 179
71 181
71 184
71 186
71 189
71 190
71 191
71 192
71 195
71 196
71 197
71 198
72 7
72 8
72 10
72 11
72 14
72 15
72 16
72 17
72 19
72 20
72 21
72 22
72 23
72 24
72 25
72 26
72 28
72 29
72 30
72 31
72 33
72 34
72 36
72 37
72 41
72 42
72 43
72 44
72 45
72 48
72 49
72 50
72 51
72 53
72 54
72 55
72 56
72 58
72 61
72 64
72 65
72 73
72 75
72 76
72 79
72 82
72 83
72 84
72 86
72 87
72 88
72 90
72 91
72 92
72 93
72 95
72 96
72 98
72 102
72 103
72 104
72 105
72 107
72 109
72 110
72 111
72 113
72 114
72 115
72 116
72 117
72 119
72 120
72 121
72 122
72 125
72 127
72 128
72 129
72 130
72 141
72 143
72 145
72 146
72 147
72 148
72 149
72 150
72 153
72 154
72 156
72 157
72 158
72 159
72 160
72 161
72 164
72 165
72 166
72 168
72 169
72 170
72 171
72 172
72 173
72 174
72 175
72 176
72 177
72 178
72 179
72 180
72 181
72 182
72 183
72 184
72 185
72 186
72 187
72 188
72 189
72 190
72 193
72 194
72 195
72 196
72 197
73 10
73 11
73 14
73 17
73 19
73 23
73 25
73 26
73 28
73 31
73 35
73 39
73 40
73 42
73 44
73 46
73 47
73 55
73 57
73 59
73 65
73 76
73 78
73 84
73 85
73 88
73 93
73 97
73 100
73 103
73 108
73 111
73 115
73 116
73 118
73 121
73 124
73 125
73 126
73 127
73 130
73 143
73 149
73 151
73 153
73 156
73 158
73 164
73 173
73 175
73 179
73 180
73 181
73 182
73 186
73 188
73 193
73 194
73 196
73 197
73 199
74 10
74 13
74 19
74 21
74 22
74 24
74 25
74 26
74 28
74 29
74 30
74 31
74 33
74 35
74 36
74 37
74 39
74 40
74 41
74 42
74 43
74 45
74 47
74 48
74 49
74 50
74 51
74 52
74 54
74 56
74 57
74 60
74 63
74 64
74 75
74 76
74 77
74 78
74 81
74 84
74 85
74 86
74 87
74 90
74 91
74 93
74 94
74 95
74 97
74 98
74 99
74 100
74 101
74 102
74 103
74 104
74 109
74 111
74 114
74 115
74 117
74 118
74 121
74 123
74 124
74 125
74 126
74 131
74 142
74 143
74 145
74 146
74 147
74 148
74 149
74 151
74 153
74 155
74 156
74 158
74 159
74 161
74 164
74 165
74 166
74 167
74 168
74 170
74 171
74 172
74 173
74 174
74 175
74 176
74 177
74 179
74 182
74 186
74 190
74 191
74 192
74 195
74 197
74 198
74 199
75 10
75 11
75 12
75 14
75 16
75 17
75 24
75 25
75 28
75 32
75 34
75 39
75 40
75 43
75 48
75 51
75 54
75 63
75 78
75 86
75 88
75 92
75 96
75 97
75 103
75 111
75 116
75 119
75 122
75 125
75 126
75 127
75 144
75 145
75 150
75 151
75 154
75 161
75 162
75 163
75 166
75 167
75 168
75 170
75 172
75 173
75 178
75 180
75 182
75 185
75 187
75 188
75 192
75 197
75 199
76 11
76 12
76 14
76 15
76 19
76 21
76 23
76 26
76 28
76 29
76 30
76 31
76 40
76 41
76 42
76 49
76 53
76 54
76 55
76 61
76 64
76 65
76 81
76 88
76 90
76 92
76 96
76 97
76 98
76 101
76 102
76 105
76 108
76 110
76 119
76 121
76 122
76 126
76 127
76 129
76 131
76 144
76 145
76 147
76 149
76 151
76 152
76 155
76 158
76 168
76 179
76 181
76 185
76 194
76 195
76 196
76 197
76 198
77 15
77 16
77 27
77 35
77 39
77 43
77 49
77 58
77 79
77 86
77 105
77 106
77 113
77 117
77 118
77 131
77 150
77 158
77 159
77 178
77 188
77 192
78 13
78 15
78 16
78 17
78 18
78 19
78 20
78 21
78 22
78 23
78 24
78 25
78 26
78 27
78 28
78 30
78 31
78 32
78 33
78 34
78 35
78 36
78 37
78 38
78 39
78 42
78 43
78 44
78 45
78 46
78 47
78 48
78 49
78 50
78 51
78 52
78 55
78 56
78 57
78 58
78 59
78 60
78 61
78 62
78 63
78 64
78 65
78 79
78 80
78 81
78 82
78 83
78 84
78 86
78 87
78 88
78 89
78 90
78 92
78 93
78 94
78 96
78 97
78 98
78 99
78 100
78 101
78 102
78 103
78 104
78 105
78 106
78 107
78 108
78 109
78 110
78 111
78 112
78 113
78 114
78 115
78 116
78 117
78 118
78 120
78 121
78 122
78 123
78 126
78 127
78 128
78 129
78 130
78 131
78 146
78 147
78 148
78 149
78 150
78 151
78 152
78 154
78 155
78 156
78 157
78 158
78 159
78 160
78 161
78 162
78 163
78 165
78 166
78 167
78 168
78 169
78 170
78 171
78 172
78 173
78 174
78 175
78 176
78 177
78 178
78 179
78 180
78 181
78 182
78 183
78 184
78 185
78 186
78 187
78 188
78 189
78 190
78 191
78 192
78 193
78 195
78 196
78 197
78 198
78 199
79 14
79 16
79 17
79 18
79 20
79 21
79 23
79 24
79 25
79 26
79 28
79 29
79 30
79 33
79 34
79 36
79 37
79 38
79 39
79 40
79 41
79 42
79 43
79 44
79 46
79 47
79 48
79 49
79 50
79 51
79 52
79 53
79 56
79 57
79 58
79 59
79 61
79 62
79 63
79 64
79 65
79 80
79 81
79 82
79 84
79 85
79 86
79 88
79 89
79 90
79 91
79 92
79 93
79 94
79 96
79 99
79 100
79 101
79 104
79 105
79 106
79 107
79 108
79 109
79 110
79 111
79 112
79 113
79 116
79 117
79 118
79 119
79 120
79 121
79 122
79 123
79 124
79 125
79 126
79 130
79 131
79 147
79 148
79 149
79 150
79 152
79 153
79 154
79 155
79 156
79 157
79 159
79 160
79 161
79 162
79 164
79 166
79 167
79 169
79 170
79 171
79 172
79 173
79 174
79 175
79 176
79 177
79 178
79 179
79 180
79 183
79 184
79 185
79 186
79 187
79 189
79 190
79 191
79 192
79 193
79 194
79 195
79 196
79 197
79 199
80 17
80 24
80 25
80 31
80 32
80 42
80 49
80 55
80 56
80 59
80 64
80 65
80 83
80 85
80 92
80 94
80 99
80 106
80 107
80 111
80 112
80 117
80 120
80 124
80 126
80 151
80 154
80 155
80 156
80 157
80 162
80 165
80 166
80 171
80 172
80 183
80 184
80 186
80 191
80 197
80 198
81 16
81 17
81 18
81 19
81 22
81 23
81 28
81 30
81 31
81 33
81 36
81 37
81 38
81 44
81 49
81 55
81 57
81 59
81 61
81 64
81 65
81 82
81 83
81 85
81 86
81 87
81 88
81 90
81 92
81 93
81 95
81 98
81 99
81 104
81 105
81 106
81 107
81 108
81 110
81 113
81 114
81 116
81 118
81 123
81 124
81 125
81 127
81 130
81 131
81 149
81 150
81 151
81 156
81 157
81 159
81 160
81 161
81 168
81 171
81 172
81 173
81 176
81 180
81 181
81 183
81 185
81 186
81 187
81 189
81 192
81 193
81 195
81 196
81 197
81 198
81 199
82 18
82 19
82 24
82 25
82 26
82 28
82 29
82 30
82 32
82 35
82 36
82 41
82 42
82 47
82 52
82 53
82 54
82 56
82 58
82 63
82 65
82 83
82 85
82 90
82 95
82 96
82 97
82 103
82 104
82 105
82 106
82 108
82 111
82 112
82 113
82 115
82 116
82 117
82 119
82 120
82 121
82 123
82 125
82 126
82 155
82 158
82 160
82 161
82 162
82 163
82 166
82 167
82 170
82 172
82 173
82 175
82 176
82 177
82 180
82 181
82 182
82 183
82 186
82 189
82 191
82 192
82 193
82 194
82 195
82 196
82 197
82 198
83 18
83 20
83 21
83 23
83 24
83 25
83 27
83 28
83 29
83 31
83 32
83 34
83 35
83 36
83 38
83 39
83 40
83 41
83 43
83 44
83 47
83 48
83 50
83 52
83 53
83 54
83 57
83 59
83 60
83 61
83 62
83 63
83 65
83 85
83 86
83 87
83 88
83 89
83 90
83 91
83 93
83 95
83 96
83 97
83 99
83 100
83 101
83 102
83 104
83 105
83 106
83 107
83 108
83 109
83 110
83 112
83 113
83 117
83 118
83 119
83 120
83 122
83 123
83 124
83 125
83 127
83 128
83 129
83 130
83 131
83 151
83 152
83 153
83 154
83 155
83 157
83 158
83 159
83 160
83 161
83 163
83 164
83 167
83 168
83 170
83 172
83 173
83 174
83 175
83 176
83 177
83 180
83 183
83 184
83 186
83 187
83 188
83 189
83 190
83 191
83 193
83 194
83 195
83 196
83 197
83 198
84 21
84 22
84 23
84 24
84 25
84 26
84 29
84 30
84 31
84 32
84 33
84 34
84 35
84 36
84 37
84 38
84 39
84 40
84 41
84 42
84 43
84 44
84 46
84 47
84 48
84 49
84 50
84 52
84 56
84 58
84 60
84 61
84 62
84 63
84 64
84 65
84 87
84 88
84 89
84 90
84 91
84 93
84 95
84 97
84 98
84 100
84 101
84 102
84 104
84 106
84 107
84 109
84 110
84 111
84 112
84 113
84 114
84 116
84 118
84 121
84 123
84 124
84 125
84 130
84 131
84 152
84 153
84 154
84 156
84 158
84 159
84 160
84 161
84 162
84 163
84 165
84 166
84 167
84 168
84 170
84 171
84 177
84 179
84 181
84 182
84 183
84 184
84 185
84 188
84 189
84 190
84 191
84 194
84 195
84 196
84 197
84 198
84 199
85 21
85 22
85 26
85 35
85 37
85 38
85 39
85 42
85 44
85 45
85 55
85 58
85 59
85 61
85 64
85 91
85 92
85 93
85 96
85 100
85 105
85 112
85 114
85 116
85 119
85 122
85 126
85 127
85 153
85 156
85 157
85 158
85 164
85 166
85 171
85 173
85 175
85 180
85 182
85 186
85 190
85 192
85 193
85 195
86 21
86 22
86 26
86 27
86 28
86 29
86 30
86 31
86 33
86 34
86 35
86 36
86 38
86 39
86 40
86 41
86 45
86 47
86 48
86 50
86 54
86 56
86 58
86 60
86 62
86 63
86 87
86 89
86 90
86 92
86 93
86 94
86 96
86 98
86 102
86 103
86 107
86 109
86 110
86 113
86 114
86 115
86 118
86 119
86 122
86 124
86 125
86 127
86 129
86 130
86 155
86 158
86 159
86 160
86 161
86 165
86 167
86 168
86 169
86 170
86 173
86 177
86 178
86 179
86 181
86 182
86 183
86 184
86 185
86 188
86 191
86 192
86 193
86 194
86 196
86 197
87 23
87 24
87 27
87 29
87 31
87 32
87 34
87 37
87 38
87 41
87 42
87 44
87 48
87 49
87 54
87 56
87 57
87 60
87 62
87 63
87 64
87 89
87 90
87 91
87 97
87 101
87 102
87 105
87 107
87 108
87 110
87 111
87 115
87 117
87 119
87 121
87 122
87 123
87 124
87 126
87 130
87 157
87 159
87 160
87 161
87 164
87 165
87 168
87 169
87 170
87 171
87 174
87 176
87 177
87 180
87 184
87 188
87 189
87 192
87 196
87 197
87 198
88 23
88 24
88 25
88 26
88 27
88 28
88 29
88 30
88 32
88 33
88 34
88 37
88 38
88 39
88 41
88 44
88 45
88 47
88 48
88 49
88 50
88 51
88 52
88 53
88 54
88 57
88 58
88 59
88 60
88 63
88 64
88 89
88 91
88 93
88 95
88 96
88 99
88 100
88 101
88 102
88 103
88 104
88 105
88 108
88 109
88 110
88 111
88 112
88 113
88 114
88 116
88 117
88 118
88 119
88 120
88 125
88 126
88 128
88 129
88 131
88 156
88 158
88 159
88 160
88 161
88 162
88 163
88 164
88 165
88 167
88 168
88 170
88 171
88 172
88 173
88 175
88 176
88 177
88 178
88 179
88 183
88 186
88 187
88 188
88 189
88 191
88 192
88 193
88 194
88 195
88 197
88 198
89 25
89 32
89 33
89 36
89 42
89 46
89 47
89 48
89 50
89 54
89 56
89 61
89 92
89 94
89 100
89 102
89 104
89 105
89 108
89 114
89 117
89 123
89 124
89 125
89 130
89 131
89 161
89 162
89 166
89 172
89 174
89 175
89 176
89 178
89 179
89 180
89 185
89 187
89 190
89 192
89 193
89 198
89 199
90 30
90 34
90 38
90 41
90 42
90 46
90 47
90 48
90 50
90 51
90 52
90 55
90 57
90 60
90 64
90 91
90 92
90 95
90 98
90 99
90 101
90 103
90 104
90 105
90 106
90 107
90 110
90 112
90 114
90 116
90 125
90 127
90 159
90 161
90 162
90 163
90 165
90 170
90 172
90 174
90 186
90 193
90 194
90 198
91 26
91 27
91 28
91 31
91 32
91 34
91 35
91 36
91 37
91 38
91 39
91 40
91 41
91 42
91 44
91 45
91 47
91 48
91 49
91 50
91 51
91 55
91 58
91 60
91 61
91 64
91 65
91 92
91 95
91 97
91 98
91 99
91 100
91 101
91 104
91 105
91 108
91 109
91 110
91 111
91 112
91 118
91 119
91 120
91 121
91 122
91 126
91 130
91 159
91 160
91 162
91 164
91 165
91 168
91 169
91 172
91 178
91 180
91 183
91 185
91 189
91 190
91 191
91 195
91 196
91 198
92 28
92 30
92 32
92 36
92 39
92 40
92 43
92 44
92 48
92 49
92 51
92 52
92 55
92 56
92 57
92 58
92 60
92 61
92 62
92 63
92 64
92 65
92 93
92 94
92 98
92 101
92 103
92 107
92 109
92 110
92 111
92 113
92 115
92 117
92 122
92 123
92 124
92 125
92 128
92 131
92 162
92 164
92 167
92 171
92 173
92 175
92 178
92 180
92 184
92 185
92 189
92 191
92 195
92 196
93 30
93 31
93 32
93 33
93 34
93 35
93 36
93 37
93 38
93 39
93 40
93 41
93 42
93 43
93 44
93 45
93 46
93 48
93 49
93 50
93 51
93 52
93 53
93 54
93 55
93 56
93 57
93 58
93 59
93 60
93 61
93 62
93 63
93 64
93 65
93 94
93 95
93 96
93 97
93 100
93 101
93 102
93 103
93 104
93 105
93 106
93 107
93 108
93 109
93 110
93 111
93 112
93 113
93 114
93 115
93 116
93 117
93 118
93 119
93 121
93 122
93 123
93 124
93 125
93 126
93 127
93 128
93 129
93 130
93 131
93 161
93 162
93 163
93 164
93 165
93 166
93 167
93 168
93 169
93 170
93 171
93 172
93 173
93 174
93 175
93 176
93 177
93 178
93 179
93 180
93 181
93 182
93 183
93 184
93 185
93 186
93 187
93 189
93 191
93 192
93 193
93 194
93 195
93 196
93 197
93 198
93 199
94 33
94 131
95 32
95 35
95 39
95 40
95 42
95 43
95 47
95 48
95 52
95 54
95 56
95 57
95 65
95 96
95 102
95 103
95 104
95 107
95 109
95 110
95 114
95 120
95 124
95 130
95 165
95 166
95 170
95 174
95 175
95 176
95 180
95 187
95 190
95 193
95 194
95 196
96 31
96 32
96 33
96 34
96 35
96 37
96 38
96 40
96 41
96 43
96 44
96 45
96 46
96 47
96 48
96 50
96 51
96 52
96 53
96 54
96 55
96 56
96 58
96 59
96 60
96 61
96 62
96 63
96 64
96 97
96 98
96 99
96 100
96 101
96 102
96 103
96 104
96 105
96 106
96 107
96 108
96 109
96 110
96 111
96 113
96 114
96 115
96 116
96 117
96 119
96 120
96 121
96 123
96 124
96 125
96 126
96 127
96 129
96 130
96 131
96 165
96 166
96 167
96 168
96 169
96 170
96 171
96 172
96 173
96 174
96 175
96 176
96 177
96 178
96 179
96 180
96 181
96 182
96 183
96 185
96 186
96 187
96 188
96 189
96 190
96 191
96 192
96 194
96 195
96 196
96 197
96 198
96 199
97 36
97 48
97 52
97 54
97 105
97 106
97 120
97 121
97 127
97 167
97 168
97 171
97 172
97 174
97 183
97 191
98 33
98 34
98 35
98 37
98 38
98 43
98 46
98 48
98 49
98 50
98 57
98 58
98 61
98 63
98 99
98 101
98 102
98 103
98 104
98 110
98 114
98 115
98 121
98 122
98 124
98 126
98 128
98 131
98 167
98 168
98 169
98 173
98 177
98 183
98 184
98 190
98 193
98 194
98 196
98 197
98 199
99 36
99 37
99 38
99 39
99 41
99 42
99 43
99 44
99 45
99 46
99 47
99 48
99 49
99 51
99 52
99 53
99 54
99 55
99 56
99 57
99 58
99 59
99 60
99 61
99 62
99 63
99 64
99 65
99 100
99 101
99 102
99 103
99 104
99 105
99 106
99 107
99 108
99 109
99 110
99 112
99 113
99 114
99 115
99 116
99 117
99 119
99 120
99 121
99 122
99 123
99 124
99 125
99 126
99 127
99 128
99 129
99 130
99 131
99 168
99 169
99 170
99 171
99 172
99 173
99 174
99 175
99 176
99 178
99 179
99 180
99 182
99 183
99 184
99 186
99 187
99 188
99 189
99 190
99 191
99 192
99 193
99 194
99 195
99 196
99 197
99 199
100 35
100 36
100 37
100 38
100 39
100 40
100 41
100 42
100 43
100 44
100 45
100 47
100 50
100 52
100 53
100 54
100 55
100 56
100 57
100 58
100 59
100 60
100 61
100 62
100 101
100 102
100 103
100 104
100 106
100 107
100 108
100 110
100 111
100 113
100 115
100 117
100 119
100 120
100 123
100 124
100 126
100 130
100 131
100 169
100 170
100 171
100 172
100 173
100 174
100 175
100 177
100 178
100 179
100 180
100 181
100 182
100 183
100 184
100 186
100 188
100 190
100 192
100 193
100 194
100 195
100 197
100 199
101 38
101 41
101 49
101 53
101 56
101 58
101 60
101 62
101 63
101 64
101 105
101 107
101 115
101 118
101 120
101 121
101 125
101 127
101 173
101 176
101 177
101 188
101 198
102 37
102 38
102 39
102 41
102 42
102 43
102 44
102 45
102 46
102 47
102 48
102 49
102 50
102 51
102 52
102 53
102 54
102 55
102 56
102 58
102 59
102 60
102 61
102 62
102 64
102 65
102 103
102 104
102 105
102 106
102 107
102 108
102 109
102 110
102 111
102 112
102 113
102 114
102 116
102 117
102 118
102 119
102 120
102 122
102 123
102 124
102 127
102 129
102 130
102 131
102 171
102 172
102 174
102 175
102 176
102 177
102 178
102 179
102 180
102 181
102 182
102 183
102 184
102 185
102 186
102 187
102 188
102 189
102 190
102 191
102 193
102 194
102 196
102 198
102 199
103 53
103 55
103 57
103 59
103 60
103 61
103 106
103 111
103 115
103 123
103 124
103 175
103 181
104 49
104 58
104 64
104 113
104 118
104 130
104 182
104 188
104 190
105 62
105 179
105 195
106 41
106 42
106 43
106 44
106 45
106 48
106 50
106 51
106 52
106 53
106 54
106 56
106 57
106 58
106 59
106 60
106 61
106 62
106 63
106 107
106 110
106 111
106 112
106 114
106 115
106 117
106 119
106 120
106 121
106 122
106 123
106 124
106 125
106 126
106 129
106 131
106 175
106 177
106 178
106 180
106 181
106 182
106 183
106 184
106 188
106 189
106 190
106 191
106 193
106 194
106 195
106 197
106 198
106 199
107 42
107 43
107 44
107 45
107 46
107 47
107 48
107 49
107 50
107 51
107 52
107 53
107 54
107 55
107 57
107 58
107 59
107 60
107 61
107 62
107 63
107 64
107 65
107 108
107 109
107 110
107 111
107 112
107 114
107 115
107 116
107 117
107 118
107 119
107 120
107 121
107 122
107 123
107 124
107 125
107 126
107 127
107 128
107 129
107 130
107 131
107 176
107 177
107 179
107 180
107 181
107 182
107 183
107 184
107 185
107 186
107 187
107 188
107 189
107 190
107 191
107 192
107 193
107 194
107 195
107 196
107 197
107 198
107 199
108 43
108 44
108 45
108 46
108 47
108 48
108 49
108 50
108 52
108 53
108 55
108 57
108 58
108 59
108 60
108 61
108 63
108 64
108 65
108 109
108 111
108 113
108 114
108 116
108 117
108 118
108 119
108 120
108 121
108 122
108 123
108 124
108 125
108 126
108 127
108 178
108 179
108 180
108 182
108 183
108 184
108 185
108 187
108 189
108 191
108 192
108 193
108 194
108 195
108 196
108 198
108 199
109 44
109 45
109 46
109 47
109 48
109 50
109 52
109 53
109 55
109 57
109 58
109 59
109 61
109 62
109 63
109 65
109 112
109 113
109 118
109 119
109 122
109 125
109 130
109 131
109 179
109 180
109 181
109 182
109 185
109 187
109 190
109 191
109 193
109 194
109 198
110 46
110 48
110 49
110 50
110 53
110 60
110 63
110 64
110 114
110 182
110 187
111 46
111 47
111 48
111 49
111 50
111 51
111 52
111 53
111 54
111 55
111 56
111 57
111 58
111 59
111 60
111 61
111 62
111 63
111 64
111 65
111 112
111 113
111 115
111 116
111 117
111 118
111 119
111 120
111 121
111 122
111 123
111 124
111 125
111 126
111 127
111 128
111 129
111 130
111 131
111 180
111 181
111 182
111 183
111 184
111 185
111 186
111 187
111 188
111 189
111 190
111 191
111 192
111 193
111 194
111 195
111 196
111 197
111 198
111 199
112 120
112 130
113 49
113 50
113 62
113 63
113 119
113 123
113 128
113 131
113 182
113 185
113 186
113 190
113 193
113 197
114 58
114 115
114 116
114 119
114 121
114 184
114 186
115 125
115 189
115 197
116 51
116 52
116 53
116 54
116 55
116 56
116 57
116 58
116 59
116 60
116 61
116 62
116 63
116 64
116 65
116 117
116 118
116 119
116 120
116 121
116 122
116 123
116 124
116 125
116 126
116 127
116 128
116 129
116 130
116 131
116 185
116 186
116 187
116 188
116 189
116 190
116 191
116 192
116 193
116 194
116 196
116 197
116 198
116 199
117 52
117 53
117 54
117 55
117 56
117 57
117 58
117 60
117 61
117 62
117 64
117 65
117 118
117 120
117 121
117 123
117 124
117 125
117 126
117 128
117 129
117 130
117 131
117 186
117 187
117 188
117 190
117 191
117 192
117 193
117 195
117 197
117 198
117 199
118 53
118 54
118 55
118 56
118 57
118 58
118 59
118 60
118 62
118 64
118 65
118 119
118 120
118 121
118 122
118 123
118 124
118 125
118 126
118 127
118 129
118 130
118 131
118 187
118 188
118 190
118 191
118 192
118 193
118 194
118 195
118 196
118 197
118 198
118 199
119 56
119 58
119 65
119 120
119 122
119 126
119 128
119 188
119 193
119 196
119 199
120 55
120 57
120 61
120 129
120 130
120 191
120 192
120 193
120 195
121 60
121 62
121 63
121 64
121 122
121 129
121 193
121 195
121 196
121 197
121 198
122 58
122 60
122 61
122 62
122 63
122 64
122 65
122 124
122 125
122 128
122 129
122 130
122 131
122 192
122 194
122 195
122 197
122 198
123 58
123 61
123 63
123 64
123 65
123 124
123 128
123 129
123 131
123 192
123 196
123 197
124 60
124 61
124 62
124 63
124 64
124 65
124 125
124 126
124 127
124 128
124 129
124 194
124 195
124 197
124 198
125 60
125 61
125 62
125 126
125 128
125 129
125 196
125 198
126 61
126 62
126 63
126 64
126 65
126 127
126 129
126 130
126 131
126 196
126 197
126 198
126 199
127 62
127 63
127 64
127 65
127 128
127 129
127 130
127 197
127 198
127 199
128 64
128 65
128 129
128 130
128 131
128 198
128 199
129 64
130 131
132 1
132 2
132 3
132 4
132 6
132 8
132 10
132 11
132 12
132 13
132 16
132 19
132 22
132 24
132 25
132 28
132 31
132 35
132 36
132 37
132 40
132 41
132 46
132 48
132 49
132 50
132 51
132 52
132 53
132 54
132 55
132 58
132 59
132 62
132 63
132 64
132 65
132 67
132 69
132 70
132 71
132 73
132 76
132 77
132 80
132 82
132 87
132 88
132 93
132 94
132 95
132 97
132 99
132 104
132 105
132 106
132 108
132 112
132 113
132 114
132 119
132 121
132 122
132 128
132 129
132 130
132 131
132 133
132 134
132 136
132 141
132 142
132 144
132 146
132 152
132 153
132 155
132 156
132 159
132 161
132 165
132 168
132 169
132 172
132 176
132 177
132 179
132 182
132 183
132 186
132 188
132 195
132 199
133 9
133 11
133 28
133 34
133 42
133 47
133 49
133 52
133 55
133 57
133 62
133 71
133 75
133 85
133 86
133 94
133 96
133 106
133 109
133 112
133 118
133 134
133 139
133 142
133 143
133 144
133 149
133 158
133 161
133 163
133 165
133 166
133 168
133 182
133 184
133 185
133 188
133 190
133 194
133 196
133 199
134 3
134 4
134 5
134 6
134 7
134 8
134 9
134 10
134 11
134 12
134 13
134 14
134 15
134 16
134 17
134 18
134 19
134 20
134 21
134 22
134 23
134 24
134 25
134 26
134 27
134 28
134 29
134 30
134 31
134 32
134 33
134 34
134 35
134 36
134 37
134 38
134 39
134 40
134 41
134 42
134 43
134 44
134 45
134 46
134 47
134 48
134 49
134 50
134 51
134 52
134 53
134 54
134 55
134 56
134 57
134 58
134 59
134 60
134 61
134 62
134 63
134 64
134 65
134 69
134 71
134 72
134 73
134 74
134 75
134 76
134 77
134 78
134 79
134 80
134 81
134 82
134 83
134 84
134 85
134 86
134 88
134 89
134 90
134 91
134 92
134 94
134 95
134 96
134 97
134 98
134 99
134 100
134 101
134 102
134 103
134 104
134 105
134 106
134 107
134 108
134 109
134 110
134 111
134 112
134 113
134 114
134 115
134 116
134 117
134 118
134 119
134 120
134 121
134 122
134 123
134 124
134 125
134 126
134 127
134 128
134 129
134 130
134 131
134 135
134 136
134 137
134 138
134 139
134 140
134 141
134 142
134 143
134 144
134 145
134 146
134 147
134 148
134 149
134 150
134 151
134 152
134 153
134 154
134 155
134 156
134 157
134 158
134 159
134 160
134 161
134 162
134 163
134 164
134 165
134 166
134 167
134 168
134 169
134 170
134 171
134 172
134 173
134 174
134 175
134 176
134 177
134 178
134 179
134 180
134 182
134 183
134 184
134 185
134 186
134 187
134 188
134 189
134 190
134 191
134 192
134 193
134 194
134 195
134 196
134 197
134 198
134 199
135 6
135 7
135 9
135 16
135 17
135 19
135 28
135 31
135 33
135 38
135 40
135 44
135 52
135 53
135 74
135 79
135 80
135 81
135 85
135 86
135 87
135 88
135 89
135 90
135 91
135 96
135 103
135 105
135 107
135 110
135 118
135 123
135 131
135 136
135 140
135 141
135 142
135 145
135 154
135 157
135 160
135 165
135 166
135 167
135 170
135 184
135 186
135 193
136 13
136 15
136 18
136 19
136 23
136 27
136 29
136 30
136 43
136 44
136 45
136 48
136 51
136 60
136 64
136 65
136 72
136 91
136 92
136 96
136 98
136 102
136 103
136 106
136 109
136 110
136 114
136 116
136 124
136 125
136 126
136 128
136 129
136 130
136 137
136 145
136 146
136 152
136 155
136 168
136 170
136 175
136 178
136 181
136 183
136 184
136 185
136 186
136 189
136 190
136 191
136 194
136 195
136 197
136 199
137 124
138 7
138 9
138 10
138 11
138 13
138 14
138 15
138 16
138 17
138 19
138 20
138 22
138 23
138 24
138 25
138 26
138 27
138 28
138 29
138 30
138 31
138 32
138 33
138 34
138 35
138 36
138 37
138 38
138 39
138 40
138 41
138 42
138 45
138 46
138 47
138 48
138 49
138 51
138 52
138 53
138 54
138 55
138 56
138 58
138 59
138 60
138 61
138 62
138 63
138 64
138 65
138 73
138 74
138 75
138 76
138 77
138 79
138 80
138 81
138 82
138 83
138 84
138 85
138 86
138 88
138 89
138 91
138 92
138 93
138 94
138 95
138 97
138 98
138 99
138 102
138 103
138 104
138 105
138 106
138 108
138 110
138 111
138 112
138 113
138 114
138 115
138 116
138 117
138 118
138 119
138 120
138 121
138 122
138 124
138 126
138 127
138 128
138 129
138 130
138 131
138 139
138 140
138 141
138 142
138 143
138 144
138 145
138 146
138 147
138 148
138 149
138 150
138 152
138 153
138 154
138 156
138 157
138 158
138 160
138 161
138 162
138 163
138 165
138 166
138 167
138 169
138 171
138 173
138 174
138 175
138 176
138 178
138 179
138 180
138 181
138 182
138 183
138 184
138 185
138 186
138 187
138 188
138 189
138 190
138 191
138 192
138 193
138 194
138 195
138 197
138 198
138 199
139 10
139 11
139 12
139 14
139 15
139 17
139 21
139 22
139 24
139 28
139 29
139 30
139 31
139 32
139 40
139 41
139 44
139 45
139 49
139 50
139 51
139 54
139 56
139 57
139 58
139 65
139 75
139 77
139 80
139 82
139 83
139 85
139 88
139 89
139 91
139 92
139 93
139 98
139 99
139 101
139 102
139 104
139 105
139 106
139 107
139 108
139 109
139 111
139 115
139 119
139 120
139 123
139 124
139 125
139 126
139 129
139 130
139 142
139 143
139 148
139 149
139 150
139 152
139 156
139 157
139 158
139 159
139 160
139 161
139 162
139 164
139 165
139 167
139 168
139 169
139 174
139 176
139 178
139 179
139 182
139 183
139 188
139 190
139 193
139 194
139 197
139 198
140 10
140 11
140 12
140 14
140 15
140 16
140 17
140 20
140 22
140 23
140 24
140 25
140 26
140 28
140 30
140 31
140 32
140 33
140 34
140 35
140 36
140 37
140 38
140 39
140 40
140 41
140 42
140 43
140 44
140 48
140 49
140 50
140 51
140 52
140 53
140 54
140 56
140 57
140 58
140 59
140 61
140 62
140 63
140 64
140 75
140 77
140 78
140 79
140 83
140 86
140 87
140 88
140 89
140 90
140 91
140 92
140 94
140 95
140 96
140 97
140 99
140 101
140 103
140 104
140 105
140 106
140 107
140 108
140 112
140 113
140 114
140 115
140 116
140 117
140 118
140 119
140 120
140 121
140 122
140 125
140 127
140 128
140 129
140 130
140 131
140 141
140 142
140 144
140 145
140 146
140 149
140 150
140 151
140 152
140 153
140 154
140 156
140 157
140 159
140 160
140 162
140 163
140 166
140 167
140 170
140 171
140 172
140 173
140 174
140 175
140 176
140 177
140 178
140 179
140 181
140 182
140 183
140 185
140 186
140 187
140 189
140 192
140 193
140 194
140 196
140 197
140 198
140 199
141 16
141 18
141 43
141 46
141 47
141 49
141 59
141 64
141 92
141 94
141 95
141 101
141 107
141 131
141 142
141 144
141 145
141 146
141 154
141 164
141 167
141 170
141 180
141 186
141 190
141 191
141 199
142 11
142 14
142 15
142 16
142 17
142 18
142 20
142 21
142 23
142 24
142 25
142 27
142 28
142 30
142 31
142 32
142 33
142 34
142 35
142 36
142 37
142 38
142 40
142 41
142 43
142 44
142 46
142 47
142 49
142 50
142 51
142 52
142 53
142 54
142 55
142 57
142 58
142 60
142 62
142 65
142 78
142 79
142 80
142 81
142 83
142 84
142 85
142 87
142 90
142 91
142 93
142 94
142 96
142 97
142 98
142 99
142 101
142 105
142 106
142 109
142 113
142 114
142 115
142 116
142 118
142 120
142 121
142 122
142 123
142 124
142 126
142 127
142 128
142 129
142 130
142 145
142 146
142 147
142 148
142 149
142 150
142 151
142 152
142 154
142 156
142 157
142 158
142 163
142 165
142 167
142 168
142 169
142 170
142 172
142 174
142 175
142 179
142 180
142 182
142 184
142 185
142 186
142 187
142 190
142 191
142 194
142 195
142 196
142 197
142 198
143 12
143 16
143 18
143 19
143 20
143 22
143 23
143 26
143 28
143 29
143 30
143 31
143 32
143 37
143 38
143 40
143 42
143 48
143 49
143 50
143 51
143 52
143 54
143 58
143 59
143 60
143 61
143 62
143 64
143 65
143 80
143 82
143 84
143 86
143 87
143 88
143 90
143 91
143 93
143 95
143 96
143 98
143 99
143 101
143 102
143 103
143 104
143 105
143 106
143 107
143 109
143 110
143 112
143 115
143 118
143 119
143 120
143 124
143 125
143 126
143 127
143 128
143 129
143 130
143 131
143 144
143 147
143 149
143 150
143 151
143 152
143 153
143 154
143 155
143 156
143 157
143 158
143 161
143 162
143 164
143 165
143 167
143 168
143 169
143 170
143 171
143 172
143 173
143 175
143 177
143 178
143 180
143 182
143 188
143 189
143 190
143 193
143 197
143 198
143 199
144 13
144 14
144 15
144 16
144 17
144 18
144 19
144 20
144 21
144 22
144 23
144 24
144 25
144 26
144 28
144 29
144 30
144 31
144 32
144 33
144 34
144 35
144 36
144 37
144 38
144 39
144 40
144 41
144 42
144 43
144 44
144 45
144 46
144 47
144 48
144 49
144 50
144 51
144 52
144 53
144 54
144 55
144 56
144 57
144 58
144 59
144 60
144 61
144 62
144 63
144 64
144 65
144 79
144 80
144 81
144 83
144 84
144 85
144 87
144 88
144 89
144 90
144 91
144 92
144 93
144 94
144 95
144 96
144 97
144 98
144 99
144 100
144 101
144 102
144 103
144 104
144 105
144 106
144 107
144 108
144 109
144 110
144 111
144 112
144 113
144 114
144 115
144 116
144 117
144 118
144 119
144 120
144 122
144 123
144 124
144 125
144 126
144 127
144 128
144 129
144 130
144 131
144 145
144 146
144 147
144 148
144 149
144 150
144 151
144 152
144 153
144 154
144 156
144 157
144 158
144 159
144 160
144 162
144 163
144 164
144 165
144 166
144 167
144 169
144 170
144 171
144 172
144 173
144 174
144 175
144 176
144 177
144 178
144 179
144 180
144 181
144 182
144 183
144 184
144 185
144 186
144 187
144 188
144 189
144 190
144 191
144 192
144 193
144 194
144 195
144 196
144 197
144 198
144 199
145 14
145 15
145 16
145 17
145 18
145 19
145 20
145 21
145 22
145 23
145 24
145 25
145 26
145 27
145 28
145 29
145 30
145 31
145 33
145 34
145 35
145 40
145 42
145 44
145 45
145 46
145 47
145 48
145 49
145 50
145 51
145 52
145 53
145 54
145 55
145 56
145 57
145 58
145 60
145 61
145 63
145 65
145 80
145 81
145 84
145 86
145 87
145 88
145 89
145 90
145 91
145 94
145 99
145 100
145 101
145 102
145 103
145 106
145 107
145 108
145 109
145 110
145 112
145 113
145 115
145 119
145 120
145 121
145 122
145 123
145 125
145 127
145 128
145 129
145 146
145 147
145 148
145 149
145 150
145 151
145 152
145 153
145 154
145 155
145 158
145 159
145 160
145 163
145 164
145 165
145 166
145 167
145 168
145 169
145 171
145 174
145 176
145 177
145 178
145 179
145 185
145 187
145 190
145 191
145 192
145 193
145 194
145 195
145 196
146 15
146 26
146 34
146 46
146 49
146 55
146 56
146 91
146 97
146 106
146 110
146 115
146 117
146 124
146 150
146 152
146 165
146 170
146 192
147 16
147 17
147 18
147 19
147 23
147 25
147 26
147 28
147 29
147 30
147 31
147 35
147 36
147 37
147 41
147 44
147 46
147 47
147 49
147 51
147 52
147 53
147 56
147 57
147 58
147 59
147 61
147 63
147 64
147 65
147 82
147 83
147 84
147 87
147 88
147 90
147 91
147 92
147 93
147 94
147 95
147 96
147 99
147 102
147 105
147 107
147 108
147 109
147 110
147 114
147 115
147 116
147 117
147 118
147 119
147 120
147 122
147 124
147 125
147 127
147 129
147 150
147 152
147 153
147 154
147 155
147 158
147 160
147 161
147 163
147 164
147 165
147 167
147 173
147 174
147 175
147 176
147 177
147 179
147 180
147 181
147 182
147 186
147 188
147 189
147 191
147 195
147 196
147 197
147 198
147 199
148 24
148 29
148 33
148 36
148 60
148 88
148 92
148 113
148 114
148 149
148 153
148 154
148 161
148 171
148 176
148 180
148 183
148 185
148 191
148 193
149 18
149 20
149 21
149 22
149 28
149 30
149 33
149 34
149 36
149 37
149 38
149 39
149 40
149 42
149 43
149 45
149 46
149 47
149 49
149 50
149 52
149 53
149 59
149 60
149 61
149 63
149 65
149 84
149 87
149 89
149 91
149 93
149 94
149 96
149 97
149 98
149 99
149 100
149 103
149 104
149 105
149 106
149 110
149 112
149 113
149 116
149 118
149 120
149 123
149 124
149 125
149 126
149 127
149 150
149 152
149 153
149 154
149 156
149 157
149 164
149 165
149 166
149 167
149 168
149 171
149 172
149 179
149 181
149 184
149 193
149 194
149 198
149 199
150 19
150 20
150 23
150 24
150 25
150 27
150 29
150 31
150 32
150 34
150 35
150 37
150 38
150 40
150 42
150 43
150 45
150 46
150 48
150 49
150 51
150 55
150 56
150 57
150 58
150 60
150 62
150 63
150 64
150 85
150 86
150 87
150 88
150 90
150 91
150 92
150 93
150 94
150 96
150 97
150 99
150 101
150 102
150 104
150 105
150 106
150 107
150 108
150 109
150 110
150 112
150 113
150 114
150 115
150 116
150 117
150 118
150 122
150 123
150 124
150 125
150 126
150 127
150 128
150 129
150 131
150 151
150 152
150 153
150 154
150 155
150 156
150 157
150 158
150 161
150 163
150 165
150 167
150 168
150 169
150 171
150 172
150 173
150 174
150 175
150 176
150 177
150 178
150 179
150 180
150 181
150 182
150 183
150 185
150 186
150 187
150 188
150 189
150 190
150 192
150 193
150 195
150 196
150 197
150 198
150 199
151 35
151 36
151 38
151 44
151 55
151 61
151 91
151 98
151 105
151 109
151 111
151 118
151 121
151 127
151 152
151 157
151 175
151 179
151 182
151 183
151 185
151 189
151 193
151 196
151 197
152 40
152 50
152 99
152 114
152 159
152 161
152 189
153 23
153 24
153 28
153 29
153 31
153 34
153 36
153 39
153 40
153 41
153 42
153 45
153 47
153 48
153 57
153 61
153 63
153 88
153 89
153 90
153 92
153 94
153 95
153 98
153 103
153 104
153 107
153 108
153 118
153 124
153 129
153 154
153 161
153 163
153 164
153 165
153 166
153 169
153 172
153 173
153 175
153 178
153 180
153 184
153 193
153 195
153 196
153 199
154 23
154 25
154 27
154 31
154 32
154 35
154 38
154 39
154 40
154 42
154 43
154 46
154 48
154 49
154 50
154 52
154 53
154 56
154 58
154 59
154 60
154 64
154 65
154 89
154 91
154 94
154 95
154 96
154 97
154 98
154 99
154 100
154 103
154 104
154 105
154 106
154 107
154 108
154 113
154 116
154 117
154 119
154 121
154 122
154 128
154 129
154 131
154 155
154 156
154 158
154 162
154 163
154 165
154 167
154 169
154 172
154 175
154 176
154 177
154 179
154 181
154 182
154 184
154 185
154 186
154 187
154 188
154 190
154 194
154 195
154 196
155 24
155 25
155 27
155 28
155 29
155 30
155 31
155 32
155 33
155 34
155 35
155 36
155 37
155 38
155 39
155 40
155 42
155 43
155 44
155 45
155 46
155 47
155 48
155 49
155 51
155 52
155 53
155 54
155 55
155 56
155 57
155 58
155 60
155 61
155 62
155 63
155 64
155 65
155 90
155 91
155 92
155 93
155 94
155 95
155 96
155 97
155 98
155 99
155 100
155 101
155 102
155 103
155 104
155 105
155 106
155 107
155 108
155 109
155 111
155 112
155 113
155 114
155 115
155 116
155 117
155 118
155 119
155 120
155 121
155 122
155 124
155 125
155 126
155 127
155 129
155 131
155 156
155 157
155 158
155 159
155 160
155 161
155 162
155 163
155 164
155 165
155 166
155 167
155 168
155 169
155 170
155 172
155 173
155 174
155 175
155 176
155 177
155 178
155 179
155 180
155 181
155 182
155 183
155 184
155 185
155 186
155 187
155 189
155 191
155 193
155 194
155 195
155 196
155 197
155 198
155 199
156 25
156 27
156 28
156 29
156 30
156 31
156 32
156 33
156 34
156 35
156 36
156 37
156 39
156 41
156 42
156 43
156 45
156 46
156 47
156 48
156 49
156 50
156 51
156 52
156 53
156 54
156 55
156 56
156 57
156 58
156 59
156 60
156 61
156 62
156 63
156 64
156 65
156 91
156 92
156 93
156 94
156 95
156 96
156 97
156 98
156 99
156 100
156 101
156 102
156 103
156 104
156 105
156 106
156 107
156 108
156 109
156 110
156 111
156 112
156 113
156 114
156 115
156 116
156 117
156 118
156 120
156 121
156 122
156 123
156 124
156 125
156 126
156 127
156 128
156 129
156 130
156 131
156 157
156 158
156 159
156 160
156 161
156 162
156 163
156 164
156 165
156 166
156 167
156 168
156 169
156 170
156 171
156 172
156 173
156 174
156 175
156 177
156 178
156 179
156 180
156 181
156 182
156 183
156 184
156 185
156 186
156 187
156 188
156 189
156 190
156 191
156 192
156 193
156 195
156 196
156 197
156 198
156 199
157 26
157 27
157 30
157 53
157 54
157 56
157 57
157 58
157 59
157 63
157 93
157 97
157 104
157 106
157 108
157 110
157 115
157 123
157 126
157 129
157 130
157 159
157 162
157 165
157 171
157 173
157 174
157 178
157 180
157 190
157 192
157 194
158 28
158 29
158 32
158 33
158 34
158 35
158 36
158 38
158 39
158 40
158 42
158 43
158 44
158 45
158 47
158 48
158 49
158 51
158 52
158 54
158 55
158 56
158 57
158 58
158 59
158 60
158 61
158 62
158 63
158 64
158 65
158 93
158 94
158 96
158 97
158 98
158 99
158 101
158 102
158 103
158 104
158 105
158 107
158 108
158 109
158 110
158 111
158 112
158 114
158 115
158 116
158 117
158 118
158 119
158 121
158 123
158 124
158 125
158 127
158 129
158 130
158 131
158 159
158 160
158 161
158 162
158 163
158 164
158 165
158 166
158 168
158 169
158 170
158 171
158 172
158 174
158 175
158 176
158 178
158 180
158 181
158 182
158 183
158 184
158 185
158 186
158 187
158 188
158 190
158 191
158 194
158 195
158 196
158 197
158 198
158 199
159 29
159 34
159 49
159 54
159 56
159 59
159 98
159 111
159 112
159 119
159 124
159 125
159 160
159 174
159 182
159 187
159 188
159 191
159 196
160 29
160 52
160 168
160 178
161 29
161 37
161 40
161 45
161 48
161 53
161 56
161 61
161 63
161 100
161 108
161 110
161 113
161 115
161 120
161 128
161 130
161 131
161 162
161 163
161 165
161 179
161 181
161 183
161 185
161 187
161 190
161 192
162 30
162 31
162 32
162 33
162 34
162 35
162 36
162 37
162 38
162 39
162 40
162 41
162 42
162 43
162 44
162 45
162 46
162 48
162 49
162 50
162 51
162 52
162 53
162 54
162 55
162 56
162 57
162 58
162 59
162 60
162 61
162 62
162 63
162 64
162 65
162 97
162 98
162 99
162 100
162 101
162 102
162 103
162 104
162 105
162 106
162 107
162 109
162 110
162 111
162 112
162 113
162 114
162 115
162 116
162 117
162 119
162 120
162 121
162 122
162 123
162 124
162 125
162 126
162 128
162 129
162 130
162 131
162 163
162 164
162 165
162 166
162 167
162 168
162 169
162 170
162 172
162 173
162 174
162 175
162 176
162 177
162 178
162 179
162 182
162 183
162 184
162 185
162 187
162 188
162 189
162 190
162 191
162 192
162 193
162 194
162 195
162 196
162 197
162 198
162 199
163 31
163 35
163 37
163 38
163 41
163 43
163 44
163 45
163 49
163 53
163 54
163 55
163 57
163 58
163 59
163 60
163 61
163 63
163 64
163 97
163 98
163 101
163 102
163 103
163 104
163 105
163 106
163 107
163 109
163 110
163 111
163 113
163 114
163 115
163 117
163 119
163 120
163 121
163 124
163 125
163 126
163 128
163 129
163 131
163 167
163 170
163 173
163 174
163 175
163 176
163 178
163 180
163 182
163 187
163 188
163 190
163 191
163 192
163 196
163 198
163 199
164 121
164 129
164 173
165 34
165 35
165 38
165 41
165 42
165 43
165 46
165 47
165 48
165 50
165 51
165 52
165 54
165 55
165 56
165 57
165 59
165 60
165 61
165 63
165 64
165 65
165 99
165 102
165 103
165 104
165 105
165 106
165 107
165 108
165 109
165 110
165 111
165 113
165 114
165 115
165 117
165 118
165 119
165 120
165 121
165 122
165 123
165 126
165 127
165 130
165 131
165 166
165 167
165 173
165 174
165 175
165 176
165 177
165 178
165 179
165 180
165 181
165 183
165 184
165 188
165 189
165 190
165 191
165 192
165 194
165 195
165 196
165 197
166 34
166 36
166 39
166 41
166 43
166 49
166 51
166 52
166 53
166 54
166 57
166 59
166 63
166 64
166 101
166 108
166 111
166 113
166 116
166 117
166 123
166 129
166 168
166 169
166 176
166 178
166 182
166 183
166 184
166 185
166 190
166 193
166 194
166 196
166 199
167 36
167 52
167 62
167 109
167 112
167 115
167 118
167 123
167 124
167 174
167 179
167 182
167 187
167 190
168 37
168 39
168 40
168 42
168 44
168 45
168 47
168 48
168 51
168 52
168 53
168 58
168 60
168 61
168 62
168 64
168 65
168 102
168 103
168 104
168 105
168 106
168 107
168 108
168 109
168 110
168 111
168 113
168 114
168 115
168 116
168 117
168 118
168 120
168 121
168 123
168 124
168 125
168 126
168 127
168 128
168 130
168 131
168 169
168 170
168 171
168 173
168 175
168 177
168 178
168 179
168 181
168 182
168 183
168 184
168 186
168 187
168 188
168 190
168 192
168 193
168 196
168 198
168 199
169 37
169 38
169 39
169 40
169 41
169 42
169 43
169 44
169 45
169 46
169 47
169 48
169 50
169 51
169 52
169 53
169 54
169 55
169 56
169 57
169 58
169 59
169 60
169 61
169 62
169 63
169 64
169 65
169 103
169 104
169 105
169 106
169 107
169 108
169 109
169 110
169 111
169 112
169 113
169 114
169 115
169 116
169 117
169 118
169 119
169 120
169 121
169 122
169 123
169 124
169 125
169 126
169 127
169 128
169 129
169 130
169 131
169 170
169 171
169 172
169 173
169 174
169 175
169 176
169 177
169 178
169 179
169 180
169 181
169 182
169 183
169 184
169 185
169 186
169 187
169 188
169 189
169 190
169 191
169 192
169 193
169 194
169 195
169 196
169 197
169 198
169 199
170 38
170 39
170 40
170 48
170 50
170 52
170 58
170 60
170 62
170 109
170 113
170 117
170 119
170 123
170 124
170 125
170 128
170 129
170 131
170 171
170 172
170 176
170 180
170 191
170 192
170 194
170 197
171 42
171 44
171 45
171 46
171 47
171 48
171 50
171 54
171 55
171 57
171 60
171 63
171 105
171 106
171 107
171 109
171 112
171 113
171 115
171 116
171 117
171 118
171 120
171 121
171 122
171 126
171 127
171 129
171 130
171 131
171 172
171 173
171 176
171 177
171 180
171 181
171 183
171 184
171 187
171 188
171 189
171 191
171 192
171 193
171 196
171 197
171 198
172 40
172 42
172 47
172 51
172 53
172 56
172 59
172 106
172 107
172 108
172 110
172 114
172 117
172 121
172 124
172 126
172 128
172 129
172 175
172 178
172 181
172 183
172 185
172 191
172 193
172 194
172 197
173 41
173 44
173 45
173 47
173 48
173 52
173 53
173 54
173 55
173 56
173 57
173 58
173 59
173 61
173 62
173 64
173 65
173 110
173 111
173 112
173 113
173 114
173 115
173 116
173 117
173 118
173 120
173 123
173 125
173 127
173 129
173 130
173 131
173 174
173 175
173 176
173 179
173 180
173 181
173 183
173 185
173 188
173 189
173 194
173 195
173 196
173 197
173 198
174 42
174 43
174 44
174 45
174 46
174 47
174 48
174 49
174 51
174 53
174 55
174 56
174 57
174 58
174 59
174 62
174 63
174 64
174 65
174 108
174 109
174 110
174 111
174 113
174 114
174 115
174 116
174 117
174 118
174 119
174 121
174 122
174 123
174 124
174 125
174 126
174 128
174 129
174 130
174 131
174 175
174 177
174 178
174 179
174 180
174 181
174 183
174 184
174 186
174 187
174 188
174 189
174 190
174 192
174 193
174 194
174 195
174 196
174 197
174 198
175 48
175 51
175 52
175 53
175 54
175 58
175 63
175 65
175 109
175 112
175 114
175 120
175 124
175 127
175 130
175 179
175 180
175 182
175 184
175 197
176 47
176 52
176 59
176 60
176 110
176 111
176 127
176 129
176 178
176 182
176 187
176 193
177 47
177 48
177 49
177 50
177 54
177 55
177 57
177 58
177 59
177 61
177 63
177 111
177 119
177 120
177 131
177 185
177 187
177 188
177 189
177 192
177 193
177 197
177 199
178 115
179 47
179 48
179 49
179 50
179 52
179 53
179 55
179 56
179 57
179 64
179 113
179 114
179 118
179 121
179 126
179 130
179 181
179 182
179 184
179 185
179 190
179 192
179 193
179 196
179 198
179 199
180 50
180 62
180 116
180 120
180 122
180 123
180 124
180 127
180 182
180 183
180 189
180 190
180 194
180 197
181 49
181 50
181 52
181 53
181 54
181 55
181 56
181 58
181 59
181 60
181 65
181 116
181 117
181 120
181 121
181 122
181 124
181 126
181 127
181 128
181 129
181 131
181 182
181 183
181 184
181 186
181 188
181 189
181 191
181 192
181 195
181 196
181 197
181 198
181 199
182 51
182 53
182 55
182 56
182 57
182 60
182 62
182 65
182 116
182 117
182 118
182 120
182 121
182 122
182 124
182 125
182 127
182 128
182 130
182 131
182 184
182 185
182 186
182 187
182 189
182 190
182 192
182 193
182 195
182 198
182 199
183 51
183 54
183 58
183 60
183 61
183 62
183 118
183 127
183 129
183 130
183 131
183 189
183 190
183 192
183 198
183 199
184 52
184 53
184 54
184 60
184 61
184 65
184 118
184 119
184 120
184 121
184 128
184 129
184 130
184 185
184 187
184 188
184 190
184 191
184 192
184 193
184 194
184 196
185 53
185 54
185 56
185 57
185 58
185 59
185 60
185 61
185 63
185 64
185 65
185 120
185 121
185 122
185 125
185 126
185 127
185 131
185 186
185 187
185 188
185 189
185 191
185 192
185 193
185 194
185 195
185 196
185 197
186 61
186 62
186 64
186 121
186 122
186 124
186 126
186 128
186 129
186 187
186 191
186 192
186 194
186 197
187 55
187 56
187 59
187 60
187 61
187 62
187 63
187 64
187 121
187 123
187 124
187 125
187 126
187 127
187 128
187 130
187 188
187 189
187 190
187 191
187 192
187 193
187 194
187 195
187 196
187 198
188 58
188 61
188 124
188 189
188 190
188 192
188 194
188 196
188 197
188 198
188 199
189 57
189 59
189 63
189 64
189 65
189 123
189 127
189 130
189 191
189 196
189 197
189 198
189 199
190 59
190 60
190 64
190 126
190 130
190 191
190 195
190 196
190 198
190 199
191 58
191 59
191 124
191 126
191 128
191 193
192 126
192 129
192 195
193 60
193 61
193 62
193 65
193 129
193 130
193 195
193 196
193 198
194 131
195 128
195 130
195 199
196 64
197 64
197 65
197 131
198 65
