200
0 200 3.1
1 200 3.1
2 200 3.1
3 200 3.1
4 200 3.1
5 200 3.1
6 200 3.1
7 200 3.1
8 200 3.1
9 200 3.1
10 200 3.1
11 200 3.1
12 200 3.1
13 200 3.1
14 200 3.1
15 200 3.1
16 200 3.1
17 200 3.1
18 200 3.1
19 200 3.1
20 200 3.2
21 200 3.2
22 200 3.2
23 200 3.2
24 200 3.2
25 200 3.2
26 200 3.2
27 200 3.2
28 200 3.2
29 200 3.2
30 200 3.2
31 200 3.2
32 200 3.2
33 200 3.2
34 200 3.2
35 200 3.2
36 200 3.2
37 200 3.2
38 200 3.2
39 200 3.2
40 200 3.3
41 200 3.3
42 200 3.3
43 200 3.3
44 200 3.3
45 200 3.3
46 200 3.3
47 200 3.3
48 200 3.3
49 200 3.3
50 200 3.3
51 200 3.3
52 200 3.3
53 200 3.3
54 200 3.3
55 200 3.3
56 200 3.3
57 200 3.3
58 200 3.3
59 200 3.3
60 200 3.1
61 200 3.1
62 200 3.1
63 200 3.1
64 200 3.1
65 200 3.1
66 200 3.1
67 200 3.1
68 200 3.1
69 200 3.1
70 200 3.1
71 200 3.1
72 200 3.1
73 200 3.1
74 200 3.1
75 200 3.1
76 200 3.1
77 200 3.1
78 200 3.1
79 200 3.1
80 200 2.9
81 200 2.9
82 200 2.9
83 200 2.9
84 200 2.9
85 200 2.9
86 200 2.9
87 200 2.9
88 200 2.9
89 200 2.9
90 200 2.9
91 200 2.9
92 200 2.9
93 200 2.9
94 200 2.9
95 200 2.9
96 200 2.9
97 200 2.9
98 200 2.9
99 200 2.9
100 200 2.7
101 200 2.7
102 200 2.7
103 200 2.7
104 200 2.7
105 200 2.7
106 200 2.7
107 200 2.7
108 200 2.7
109 200 2.7
110 200 2.7
111 200 2.7
112 200 2.7
113 200 2.7
114 200 2.7
115 200 2.7
116 200 2.7
117 200 2.7
118 200 2.7
119 200 2.7
120 200 3.2
121 200 3.2
122 200 3.2
123 200 3.2
124 200 3.2
125 200 3.2
126 200 3.2
127 200 3.2
128 200 3.2
129 200 3.2
130 200 3.2
131 200 3.2
132 200 3.2
133 200 3.2
134 200 3.2
135 200 3.2
136 200 3.2
137 200 3.2
138 200 3.2
139 200 3.2
140 200 3.2
141 200 3.2
142 200 3.2
143 200 3.2
144 200 3.2
145 200 3.2
146 200 3.2
147 200 3.2
148 200 3.2
149 200 3.2
150 200 3.2
151 200 3.2
152 200 3.2
153 200 3.2
154 200 3.2
155 200 3.2
156 200 3.2
157 200 3.2
158 200 3.2
159 200 3.2
160 200 2.8
161 200 2.8
162 200 2.8
163 200 2.8
164 200 2.8
165 200 2.8
166 200 2.8
167 200 2.8
168 200 2.8
169 200 2.8
170 200 2.8
171 200 2.8
172 200 2.8
173 200 2.8
174 200 2.8
175 200 2.8
176 200 2.8
177 200 2.8
178 200 2.8
179 200 2.8
180 200 3.4
181 200 3.4
182 200 3.4
183 200 3.4
184 200 3.4
185 200 3.4
186 200 3.4
187 200 3.4
188 200 3.4
189 200 3.4
190 200 3.4
191 200 3.4
192 200 3.4
193 200 3.4
194 200 3.4
195 200 3.4
196 200 3.4
197 200 3.4
198 200 3.4
199 200 3.4
0 3
0 5
0 10
0 12
0 14
0 17
0 19
0 23
0 24
0 27
0 28
0 29
0 33
0 34
0 41
0 48
0 51
0 54
0 59
0 73
0 74
0 77
0 82
0 83
0 98
0 101
0 102
0 106
0 107
0 118
0 119
0 130
0 135
0 138
0 139
0 143
0 146
0 148
0 149
0 155
0 157
0 158
0 159
0 161
0 162
0 165
0 169
0 177
0 179
0 181
0 182
0 183
0 184
0 189
0 192
0 196
0 197
0 199
1 2
1 5
1 6
1 7
1 8
1 9
1 10
1 13
1 14
1 17
1 18
1 19
1 23
1 24
1 27
1 28
1 29
1 30
1 31
1 32
1 33
1 34
1 35
1 36
1 37
1 38
1 39
1 43
1 44
1 45
1 47
1 50
1 51
1 52
1 54
1 55
1 56
1 59
1 62
1 64
1 65
1 66
1 67
1 68
1 69
1 70
1 71
1 72
1 73
1 75
1 78
1 79
1 82
1 83
1 85
1 86
1 87
1 88
1 91
1 92
1 94
1 96
1 98
1 102
1 103
1 104
1 105
1 106
1 109
1 111
1 112
1 113
1 115
1 116
1 123
1 126
1 127
1 128
1 129
1 130
1 131
1 132
1 133
1 134
1 135
1 136
1 137
1 142
1 145
1 146
1 147
1 148
1 149
1 150
1 151
1 153
1 154
1 157
1 158
1 162
1 163
1 164
1 165
1 168
1 169
1 170
1 171
1 172
1 173
1 174
1 177
1 178
1 182
1 183
1 184
1 185
1 186
1 187
1 188
1 189
1 190
1 191
1 192
1 193
1 194
1 196
1 197
1 199
2 3
2 4
2 5
2 6
2 8
2 9
2 10
2 11
2 12
2 13
2 14
2 15
2 16
2 17
2 24
2 25
2 26
2 27
2 28
2 29
2 30
2 31
2 32
2 33
2 34
2 35
2 37
2 38
2 39
2 43
2 45
2 46
2 47
2 48
2 49
2 50
2 51
2 52
2 54
2 55
2 56
2 57
2 58
2 59
2 63
2 64
2 65
2 66
2 67
2 68
2 70
2 71
2 74
2 75
2 76
2 77
2 78
2 79
2 84
2 85
2 86
2 87
2 88
2 89
2 90
2 91
2 92
2 93
2 95
2 96
2 97
2 99
2 103
2 105
2 106
2 107
2 108
2 109
2 110
2 111
2 112
2 113
2 114
2 115
2 116
2 117
2 118
2 119
2 124
2 126
2 127
2 129
2 130
2 131
2 132
2 133
2 134
2 135
2 136
2 137
2 138
2 143
2 144
2 145
2 146
2 147
2 148
2 149
2 150
2 151
2 152
2 153
2 154
2 155
2 156
2 157
2 158
2 159
2 163
2 164
2 165
2 167
2 168
2 169
2 172
2 175
2 176
2 177
2 178
2 179
2 183
2 184
2 185
2 186
2 188
2 190
2 194
2 195
2 196
2 197
2 198
2 199
3 4
3 5
3 6
3 7
3 8
3 9
3 10
3 13
3 14
3 15
3 16
3 18
3 19
3 24
3 25
3 27
3 28
3 29
3 30
3 31
3 32
3 34
3 35
3 37
3 44
3 45
3 46
3 48
3 49
3 51
3 52
3 54
3 55
3 56
3 58
3 59
3 64
3 65
3 67
3 68
3 69
3 72
3 77
3 78
3 86
3 87
3 88
3 89
3 90
3 91
3 92
3 94
3 95
3 96
3 98
3 99
3 104
3 105
3 106
3 107
3 108
3 109
3 111
3 112
3 114
3 115
3 116
3 118
3 119
3 124
3 126
3 128
3 129
3 130
3 131
3 132
3 133
3 134
3 136
3 138
3 139
3 144
3 145
3 146
3 147
3 149
3 150
3 151
3 152
3 154
3 155
3 156
3 157
3 159
3 167
3 169
3 171
3 172
3 173
3 177
3 179
3 185
3 186
3 187
3 188
3 189
3 192
3 193
3 194
3 195
3 198
3 199
4 5
4 10
4 12
4 13
4 14
4 15
4 17
4 18
4 19
4 25
4 26
4 27
4 28
4 29
4 30
4 32
4 33
4 35
4 39
4 45
4 46
4 47
4 51
4 53
4 54
4 56
4 57
4 58
4 66
4 67
4 68
4 70
4 71
4 72
4 73
4 74
4 75
4 76
4 77
4 79
4 85
4 86
4 87
4 88
4 89
4 91
4 92
4 94
4 95
4 96
4 98
4 107
4 108
4 109
4 110
4 111
4 112
4 113
4 115
4 119
4 125
4 127
4 128
4 129
4 130
4 131
4 132
4 133
4 134
4 135
4 137
4 139
4 145
4 148
4 149
4 151
4 152
4 154
4 157
4 158
4 165
4 166
4 167
4 168
4 170
4 173
4 174
4 175
4 177
4 185
4 186
4 187
4 188
4 190
4 191
4 192
4 194
4 195
4 196
5 6
5 7
5 8
5 9
5 10
5 11
5 12
5 13
5 14
5 15
5 19
5 26
5 27
5 28
5 29
5 30
5 31
5 32
5 33
5 34
5 35
5 36
5 38
5 39
5 46
5 47
5 48
5 49
5 50
5 52
5 53
5 54
5 56
5 57
5 58
5 59
5 66
5 67
5 68
5 69
5 70
5 71
5 72
5 73
5 74
5 75
5 76
5 77
5 78
5 79
5 86
5 87
5 88
5 90
5 91
5 92
5 93
5 94
5 95
5 96
5 97
5 98
5 99
5 106
5 107
5 108
5 109
5 111
5 112
5 113
5 114
5 115
5 116
5 117
5 118
5 126
5 127
5 128
5 129
5 130
5 131
5 132
5 136
5 137
5 138
5 146
5 147
5 148
5 149
5 151
5 152
5 153
5 155
5 156
5 157
5 159
5 166
5 167
5 168
5 169
5 170
5 171
5 174
5 177
5 178
5 186
5 187
5 188
5 189
5 190
5 191
5 193
5 194
5 195
5 196
5 197
5 198
5 199
6 7
6 8
6 9
6 10
6 13
6 14
6 16
6 17
6 27
6 29
6 31
6 32
6 33
6 34
6 35
6 36
6 37
6 39
6 48
6 51
6 52
6 53
6 57
6 67
6 69
6 71
6 76
6 77
6 78
6 91
6 92
6 94
6 95
6 96
6 99
6 108
6 116
6 117
6 119
6 127
6 128
6 129
6 130
6 132
6 134
6 135
6 150
6 151
6 156
6 157
6 159
6 167
6 168
6 170
6 171
6 174
6 176
6 178
6 179
6 188
6 190
6 192
6 193
6 195
6 196
6 198
6 199
7 14
7 17
7 28
7 38
7 70
7 71
7 93
7 98
7 111
7 112
7 131
7 154
7 157
7 158
7 172
7 173
7 179
7 190
7 197
8 10
8 11
8 12
8 13
8 14
8 16
8 17
8 29
8 30
8 31
8 32
8 33
8 34
8 36
8 39
8 50
8 51
8 53
8 54
8 55
8 56
8 57
8 58
8 69
8 70
8 71
8 72
8 73
8 74
8 75
8 76
8 77
8 78
8 79
8 89
8 90
8 91
8 93
8 94
8 95
8 97
8 98
8 99
8 109
8 110
8 111
8 112
8 113
8 114
8 115
8 116
8 117
8 118
8 119
8 129
8 130
8 132
8 133
8 134
8 136
8 137
8 138
8 139
8 150
8 151
8 153
8 154
8 155
8 156
8 157
8 158
8 159
8 169
8 172
8 174
8 175
8 176
8 177
8 178
8 179
8 189
8 190
8 191
8 193
8 194
8 195
8 197
8 198
8 199
9 10
9 11
9 12
9 17
9 18
9 31
9 32
9 34
9 36
9 37
9 38
9 39
9 50
9 51
9 54
9 56
9 58
9 70
9 73
9 76
9 79
9 93
9 95
9 96
9 98
9 99
9 110
9 111
9 113
9 114
9 116
9 117
9 130
9 134
9 135
9 136
9 138
9 139
9 153
9 154
9 157
9 159
9 171
9 172
9 173
9 174
9 175
9 176
9 177
9 192
9 194
9 195
9 196
9 197
9 198
10 11
10 12
10 13
10 14
10 15
10 17
10 18
10 19
10 31
10 32
10 33
10 34
10 35
10 36
10 37
10 38
10 39
10 51
10 52
10 53
10 54
10 55
10 56
10 57
10 58
10 59
10 71
10 72
10 73
10 74
10 75
10 76
10 77
10 78
10 79
10 91
10 92
10 93
10 94
10 95
10 96
10 97
10 98
10 99
10 111
10 112
10 113
10 114
10 115
10 117
10 118
10 119
10 131
10 132
10 133
10 134
10 135
10 136
10 137
10 138
10 139
10 151
10 152
10 153
10 154
10 155
10 156
10 157
10 158
10 159
10 171
10 172
10 173
10 174
10 175
10 176
10 178
10 179
10 191
10 192
10 193
10 194
10 195
10 196
10 197
10 198
10 199
11 18
11 72
11 93
11 94
11 118
11 136
11 175
11 176
12 14
12 16
12 17
12 18
12 19
12 35
12 53
12 56
12 58
12 59
12 76
12 77
12 96
12 97
12 98
12 113
12 114
12 115
12 117
12 119
12 135
12 136
12 137
12 138
12 153
12 154
12 155
12 174
12 175
12 176
12 177
12 193
12 197
12 199
13 14
13 39
13 135
13 195
14 15
14 16
14 17
14 18
14 35
14 37
14 39
14 55
14 56
14 57
14 58
14 75
14 76
14 77
14 78
14 79
14 95
14 96
14 97
14 99
14 115
14 116
14 117
14 118
14 119
14 135
14 136
14 137
14 138
14 139
14 155
14 156
14 157
14 158
14 159
14 175
14 176
14 177
14 178
14 179
14 195
14 196
14 197
14 198
14 199
15 96
15 98
15 117
15 118
15 139
15 156
15 159
15 198
15 199
16 19
16 58
16 118
16 178
16 199
17 19
17 58
17 78
17 99
17 159
17 178
17 198
18 79
18 99
18 139
20 1
20 2
20 3
20 4
20 5
20 6
20 7
20 8
20 9
20 12
20 13
20 14
20 15
20 16
20 17
20 19
20 21
20 22
20 23
20 24
20 25
20 26
20 27
20 28
20 29
20 30
20 31
20 32
20 33
20 34
20 35
20 36
20 37
20 38
20 39
20 41
20 42
20 44
20 45
20 46
20 47
20 48
20 49
20 50
20 51
20 52
20 53
20 54
20 55
20 56
20 57
20 58
20 61
20 62
20 63
20 64
20 65
20 66
20 67
20 68
20 69
20 70
20 71
20 72
20 73
20 74
20 75
20 76
20 77
20 79
20 81
20 82
20 83
20 84
20 85
20 87
20 88
20 89
20 90
20 91
20 93
20 94
20 95
20 96
20 97
20 98
20 99
20 101
20 102
20 103
20 104
20 105
20 106
20 107
20 108
20 109
20 110
20 111
20 112
20 114
20 115
20 116
20 117
20 118
20 119
20 121
20 123
20 124
20 125
20 127
20 128
20 129
20 130
20 131
20 132
20 134
20 135
20 136
20 137
20 138
20 139
20 141
20 142
20 143
20 145
20 146
20 147
20 148
20 149
20 150
20 151
20 152
20 153
20 154
20 155
20 156
20 157
20 158
20 159
20 161
20 162
20 163
20 164
20 165
20 166
20 167
20 168
20 169
20 170
20 171
20 172
20 174
20 175
20 176
20 177
20 178
20 179
20 182
20 183
20 184
20 185
20 186
20 187
20 188
20 189
20 190
20 191
20 192
20 193
20 194
20 196
20 197
20 198
20 199
21 2
21 3
21 4
21 5
21 6
21 7
21 8
21 9
21 11
21 12
21 13
21 15
21 16
21 17
21 19
21 23
21 24
21 25
21 26
21 27
21 28
21 29
21 30
21 31
21 32
21 34
21 35
21 37
21 38
21 39
21 42
21 43
21 45
21 46
21 47
21 49
21 51
21 52
21 53
21 54
21 55
21 56
21 57
21 58
21 59
21 62
21 63
21 64
21 65
21 66
21 67
21 68
21 69
21 70
21 71
21 72
21 73
21 74
21 75
21 76
21 77
21 78
21 79
21 82
21 83
21 85
21 86
21 87
21 88
21 89
21 90
21 91
21 92
21 93
21 94
21 95
21 96
21 97
21 98
21 99
21 102
21 104
21 107
21 108
21 110
21 111
21 112
21 113
21 114
21 115
21 116
21 117
21 118
21 119
21 122
21 123
21 124
21 125
21 126
21 127
21 128
21 129
21 130
21 131
21 132
21 133
21 134
21 135
21 136
21 137
21 138
21 139
21 142
21 143
21 144
21 145
21 146
21 147
21 148
21 149
21 150
21 151
21 152
21 153
21 154
21 155
21 156
21 157
21 159
21 162
21 163
21 164
21 165
21 166
21 167
21 168
21 169
21 170
21 171
21 172
21 173
21 174
21 175
21 176
21 177
21 178
21 179
21 182
21 183
21 184
21 185
21 186
21 187
21 188
21 189
21 192
21 193
21 194
21 196
21 197
21 199
22 15
22 18
22 43
22 47
22 53
22 68
22 77
22 85
22 87
22 88
22 90
22 91
22 94
22 99
22 103
22 109
22 145
22 151
22 192
22 193
22 198
23 4
23 5
23 6
23 7
23 9
23 10
23 12
23 13
23 14
23 15
23 16
23 17
23 19
23 25
23 26
23 27
23 28
23 29
23 30
23 31
23 32
23 33
23 34
23 35
23 36
23 37
23 38
23 39
23 44
23 46
23 49
23 50
23 51
23 52
23 53
23 55
23 56
23 57
23 58
23 59
23 64
23 66
23 67
23 68
23 69
23 71
23 72
23 73
23 74
23 75
23 76
23 77
23 79
23 84
23 85
23 86
23 88
23 89
23 90
23 91
23 92
23 93
23 94
23 95
23 96
23 97
23 98
23 99
23 104
23 105
23 106
23 107
23 108
23 109
23 110
23 111
23 112
23 113
23 114
23 115
23 116
23 117
23 118
23 124
23 126
23 127
23 128
23 129
23 130
23 132
23 134
23 135
23 136
23 137
23 138
23 139
23 144
23 145
23 146
23 148
23 149
23 150
23 151
23 152
23 153
23 154
23 155
23 156
23 158
23 159
23 164
23 165
23 166
23 167
23 168
23 169
23 170
23 171
23 172
23 173
23 174
23 177
23 178
23 179
23 184
23 185
23 187
23 188
23 189
23 190
23 191
23 192
23 193
23 194
23 195
23 196
23 197
23 198
23 199
24 36
25 6
25 8
25 9
25 10
25 11
25 12
25 14
25 15
25 16
25 17
25 18
25 19
25 26
25 27
25 29
25 30
25 31
25 33
25 35
25 36
25 37
25 38
25 39
25 46
25 47
25 48
25 49
25 50
25 51
25 52
25 53
25 54
25 55
25 56
25 57
25 58
25 59
25 66
25 67
25 68
25 70
25 71
25 72
25 73
25 75
25 76
25 77
25 78
25 79
25 86
25 87
25 90
25 91
25 92
25 93
25 94
25 95
25 97
25 98
25 99
25 106
25 107
25 108
25 109
25 110
25 112
25 113
25 114
25 117
25 119
25 126
25 127
25 128
25 129
25 130
25 131
25 132
25 133
25 134
25 135
25 136
25 137
25 138
25 139
25 146
25 147
25 148
25 149
25 150
25 152
25 153
25 154
25 155
25 156
25 157
25 158
25 159
25 167
25 168
25 169
25 170
25 171
25 172
25 173
25 174
25 175
25 176
25 178
25 179
25 186
25 187
25 188
25 189
25 191
25 192
25 193
25 194
25 195
25 196
25 197
25 198
26 33
26 36
26 55
26 74
26 75
26 98
26 151
26 159
26 167
26 169
26 175
26 189
26 197
27 8
27 10
27 11
27 12
27 13
27 16
27 17
27 19
27 29
27 30
27 31
27 33
27 34
27 35
27 36
27 48
27 51
27 52
27 54
27 55
27 57
27 59
27 68
27 69
27 71
27 72
27 73
27 74
27 75
27 76
27 77
27 78
27 88
27 90
27 92
27 93
27 96
27 97
27 109
27 112
27 113
27 117
27 119
27 128
27 129
27 133
27 134
27 135
27 136
27 139
27 149
27 151
27 152
27 154
27 155
27 157
27 158
27 159
27 168
27 169
27 171
27 172
27 173
27 174
27 175
27 178
27 179
27 191
27 192
27 193
27 195
27 196
27 197
27 198
27 199
28 9
28 10
28 11
28 12
28 13
28 14
28 15
28 16
28 17
28 18
28 19
28 29
28 30
28 31
28 32
28 33
28 34
28 35
28 36
28 38
28 39
28 49
28 50
28 51
28 52
28 53
28 54
28 55
28 56
28 57
28 58
28 59
28 69
28 70
28 71
28 72
28 73
28 74
28 75
28 76
28 77
28 78
28 79
28 89
28 90
28 91
28 93
28 94
28 95
28 96
28 97
28 98
28 99
28 109
28 110
28 111
28 112
28 113
28 114
28 115
28 116
28 117
28 118
28 119
28 129
28 130
28 131
28 132
28 133
28 134
28 135
28 136
28 137
28 138
28 139
28 149
28 150
28 151
28 152
28 153
28 154
28 155
28 156
28 157
28 158
28 159
28 169
28 170
28 171
28 172
28 173
28 174
28 175
28 176
28 177
28 178
28 179
28 189
28 190
28 191
28 192
28 193
28 194
28 195
28 196
28 197
28 198
28 199
29 10
29 12
29 13
29 14
29 16
29 18
29 31
29 35
29 38
29 50
29 51
29 54
29 55
29 58
29 70
29 71
29 72
29 73
29 74
29 77
29 78
29 92
29 93
29 94
29 99
29 111
29 115
29 116
29 117
29 130
29 131
29 136
29 151
29 152
29 153
29 154
29 155
29 156
29 157
29 158
29 170
29 171
29 172
29 173
29 174
29 192
29 194
29 195
29 196
29 197
29 198
29 199
30 11
30 12
30 13
30 15
30 16
30 17
30 18
30 19
30 32
30 33
30 34
30 35
30 37
30 38
30 39
30 51
30 52
30 53
30 54
30 55
30 56
30 57
30 71
30 72
30 73
30 74
30 75
30 77
30 78
30 79
30 92
30 94
30 95
30 96
30 97
30 98
30 99
30 111
30 112
30 113
30 114
30 115
30 116
30 117
30 118
30 119
30 131
30 132
30 133
30 134
30 135
30 137
30 138
30 151
30 152
30 153
30 157
30 158
30 171
30 172
30 173
30 174
30 175
30 176
30 177
30 178
30 191
30 192
30 193
30 194
30 195
30 196
30 197
30 198
30 199
31 12
31 13
31 15
31 16
31 17
31 18
31 19
31 32
31 33
31 34
31 35
31 36
31 37
31 38
31 39
31 53
31 54
31 55
31 56
31 57
31 58
31 59
31 72
31 73
31 74
31 75
31 76
31 77
31 78
31 79
31 92
31 93
31 94
31 95
31 96
31 97
31 98
31 112
31 113
31 114
31 115
31 116
31 117
31 118
31 119
31 132
31 133
31 134
31 135
31 136
31 137
31 138
31 139
31 152
31 153
31 154
31 155
31 156
31 157
31 158
31 159
31 172
31 173
31 174
31 175
31 176
31 177
31 179
31 192
31 193
31 194
31 195
31 196
31 197
31 198
31 199
32 15
32 34
32 37
32 38
32 79
32 94
32 175
32 198
32 199
33 14
33 38
33 58
33 78
33 98
33 119
33 137
33 154
33 175
33 178
33 195
34 15
34 16
34 17
34 18
34 19
34 35
34 37
34 38
34 39
34 55
34 56
34 57
34 58
34 75
34 76
34 77
34 79
34 95
34 96
34 98
34 116
34 118
34 119
34 135
34 136
34 138
34 139
34 155
34 157
34 176
34 177
34 178
34 179
34 196
34 197
35 16
35 17
35 19
35 36
35 38
35 39
35 57
35 58
35 76
35 77
35 78
35 79
35 96
35 98
35 99
35 117
35 118
35 119
35 136
35 137
35 138
35 139
35 156
35 157
35 158
35 176
35 177
35 178
35 179
35 196
35 198
35 199
36 18
36 19
36 37
36 57
36 59
36 77
36 97
36 99
36 117
36 118
36 119
36 137
36 138
36 157
36 158
36 159
36 177
36 178
36 179
36 198
36 199
37 18
37 19
37 38
37 39
37 59
37 79
37 98
37 99
37 118
37 119
37 138
37 139
37 158
37 178
37 179
37 198
37 199
38 19
38 59
38 79
38 99
38 119
38 159
38 179
38 199
40 1
40 3
40 4
40 5
40 6
40 8
40 9
40 11
40 12
40 13
40 14
40 16
40 17
40 21
40 22
40 23
40 24
40 25
40 26
40 30
40 31
40 32
40 34
40 35
40 36
40 38
40 39
40 42
40 43
40 45
40 46
40 47
40 49
40 52
40 53
40 54
40 55
40 56
40 57
40 59
40 61
40 62
40 63
40 65
40 66
40 67
40 68
40 69
40 71
40 74
40 76
40 79
40 82
40 83
40 84
40 85
40 86
40 87
40 88
40 90
40 91
40 92
40 93
40 94
40 97
40 99
40 101
40 103
40 105
40 106
40 107
40 109
40 110
40 112
40 113
40 114
40 115
40 119
40 123
40 124
40 125
40 127
40 129
40 131
40 132
40 135
40 136
40 137
40 138
40 142
40 143
40 144
40 146
40 147
40 153
40 154
40 155
40 157
40 158
40 161
40 162
40 163
40 164
40 165
40 168
40 169
40 170
40 171
40 172
40 173
40 174
40 175
40 176
40 177
40 178
40 179
40 182
40 183
40 187
40 188
40 189
40 191
40 192
40 193
40 195
40 198
40 199
41 9
41 10
41 12
41 14
41 17
41 26
41 27
41 46
41 47
41 48
41 49
41 51
41 52
41 53
41 56
41 67
41 73
41 75
41 79
41 82
41 84
41 85
41 86
41 88
41 89
41 94
41 98
41 104
41 108
41 110
41 115
41 117
41 124
41 125
41 127
41 133
41 139
41 142
41 143
41 148
41 153
41 163
41 164
41 175
41 179
41 188
41 196
42 3
42 4
42 5
42 6
42 8
42 9
42 12
42 14
42 15
42 17
42 19
42 23
42 24
42 25
42 27
42 29
42 31
42 32
42 33
42 34
42 38
42 39
42 43
42 45
42 48
42 49
42 50
42 53
42 54
42 56
42 59
42 63
42 64
42 65
42 66
42 67
42 68
42 70
42 71
42 72
42 73
42 74
42 76
42 77
42 78
42 79
42 83
42 85
42 86
42 88
42 90
42 96
42 97
42 98
42 99
42 104
42 105
42 106
42 108
42 109
42 111
42 113
42 115
42 118
42 124
42 125
42 126
42 127
42 128
42 129
42 130
42 131
42 132
42 133
42 134
42 135
42 137
42 145
42 146
42 147
42 150
42 151
42 152
42 153
42 154
42 155
42 156
42 157
42 158
42 163
42 164
42 165
42 167
42 168
42 170
42 171
42 173
42 174
42 175
42 176
42 177
42 184
42 185
42 186
42 187
42 188
42 189
42 190
42 191
42 192
42 193
42 194
42 196
42 197
42 198
42 199
43 4
43 6
43 7
43 8
43 9
43 10
43 12
43 13
43 14
43 16
43 17
43 18
43 19
43 24
43 26
43 28
43 29
43 30
43 31
43 32
43 33
43 36
43 45
43 46
43 47
43 50
43 51
43 52
43 53
43 55
43 58
43 64
43 69
43 71
43 72
43 76
43 79
43 90
43 92
43 93
43 97
43 98
43 99
43 104
43 108
43 110
43 111
43 112
43 113
43 114
43 116
43 118
43 127
43 129
43 130
43 132
43 134
43 136
43 137
43 139
43 144
43 147
43 148
43 149
43 150
43 151
43 153
43 155
43 156
43 158
43 167
43 168
43 171
43 172
43 175
43 178
43 184
43 186
43 187
43 188
43 192
43 194
43 198
44 7
44 13
44 16
44 17
44 26
44 28
44 29
44 30
44 31
44 32
44 34
44 38
44 39
44 50
44 51
44 56
44 58
44 65
44 66
44 71
44 73
44 75
44 76
44 77
44 78
44 86
44 88
44 89
44 90
44 94
44 95
44 96
44 97
44 106
44 107
44 110
44 115
44 125
44 127
44 132
44 133
44 135
44 136
44 145
44 146
44 147
44 150
44 154
44 156
44 158
44 165
44 167
44 168
44 170
44 171
44 172
44 175
44 176
44 178
44 179
44 188
44 191
44 192
44 196
44 198
45 32
45 66
45 68
45 74
45 91
45 97
45 107
45 113
45 114
45 115
45 135
45 137
45 139
45 196
46 10
46 13
46 15
46 16
46 32
46 33
46 34
46 37
46 47
46 49
46 55
46 58
46 70
46 71
46 72
46 76
46 78
46 79
46 88
46 90
46 91
46 92
46 95
46 96
46 97
46 99
46 108
46 111
46 112
46 116
46 117
46 118
46 128
46 129
46 130
46 131
46 132
46 137
46 139
46 149
46 152
46 154
46 157
46 159
46 168
46 175
46 176
46 177
46 179
46 188
46 191
46 192
46 194
46 195
46 196
46 197
46 199
47 8
47 9
47 14
47 15
47 16
47 17
47 18
47 19
47 29
47 30
47 31
47 33
47 34
47 35
47 36
47 37
47 38
47 39
47 49
47 50
47 53
47 54
47 58
47 68
47 69
47 70
47 71
47 73
47 75
47 76
47 77
47 78
47 79
47 88
47 90
47 91
47 92
47 96
47 99
47 109
47 110
47 111
47 112
47 115
47 118
47 119
47 128
47 131
47 132
47 133
47 134
47 135
47 137
47 138
47 139
47 149
47 150
47 151
47 152
47 156
47 159
47 169
47 171
47 172
47 174
47 175
47 176
47 179
47 188
47 190
47 193
47 194
47 195
47 197
48 10
48 12
48 13
48 14
48 16
48 18
48 19
48 31
48 32
48 36
48 38
48 39
48 49
48 50
48 51
48 52
48 54
48 58
48 69
48 70
48 71
48 74
48 75
48 89
48 90
48 94
48 95
48 99
48 109
48 112
48 113
48 117
48 118
48 129
48 133
48 134
48 135
48 137
48 138
48 152
48 155
48 159
48 169
48 172
48 173
48 174
48 177
48 190
48 196
48 197
48 198
49 10
49 11
49 12
49 14
49 15
49 16
49 17
49 18
49 19
49 31
49 32
49 33
49 36
49 37
49 38
49 39
49 50
49 51
49 52
49 53
49 54
49 56
49 57
49 58
49 70
49 74
49 76
49 77
49 78
49 90
49 91
49 92
49 93
49 94
49 95
49 96
49 97
49 98
49 99
49 110
49 111
49 112
49 113
49 114
49 118
49 119
49 130
49 131
49 132
49 134
49 135
49 137
49 139
49 150
49 151
49 153
49 154
49 156
49 157
49 171
49 172
49 173
49 175
49 176
49 178
49 190
49 191
49 193
49 194
49 195
49 197
49 199
50 14
50 15
50 16
50 17
50 18
50 31
50 32
50 33
50 35
50 36
50 39
50 52
50 54
50 55
50 57
50 59
50 71
50 72
50 73
50 75
50 79
50 91
50 92
50 94
50 95
50 97
50 99
50 111
50 112
50 114
50 115
50 116
50 117
50 118
50 119
50 131
50 132
50 134
50 135
50 139
50 152
50 154
50 159
50 171
50 172
50 175
50 176
50 178
50 179
50 191
50 192
50 194
50 195
50 196
50 197
50 199
51 12
51 13
51 14
51 15
51 16
51 17
51 18
51 19
51 32
51 33
51 34
51 35
51 36
51 37
51 38
51 39
51 52
51 53
51 54
51 55
51 56
51 57
51 58
51 59
51 72
51 73
51 74
51 75
51 76
51 77
51 78
51 79
51 92
51 93
51 94
51 95
51 96
51 97
51 98
51 99
51 112
51 113
51 114
51 115
51 116
51 117
51 118
51 119
51 132
51 133
51 134
51 135
51 136
51 137
51 138
51 139
51 153
51 154
51 155
51 156
51 157
51 158
51 159
51 172
51 173
51 174
51 175
51 176
51 178
51 179
51 192
51 193
51 194
51 195
51 196
51 197
51 198
51 199
52 13
52 17
52 18
52 19
52 34
52 39
52 53
52 54
52 55
52 56
52 58
52 75
52 77
52 78
52 93
52 94
52 98
52 99
52 114
52 118
52 153
52 154
52 157
52 158
52 173
52 174
52 175
52 193
52 199
53 16
53 17
53 35
53 38
53 39
53 56
53 57
53 59
53 76
53 77
53 78
53 79
53 94
53 95
53 96
53 99
53 118
53 119
53 134
53 138
53 139
53 156
53 157
53 175
53 177
53 194
53 199
54 15
54 16
54 17
54 18
54 19
54 35
54 36
54 37
54 38
54 39
54 55
54 56
54 57
54 58
54 75
54 76
54 77
54 78
54 79
54 95
54 96
54 97
54 98
54 99
54 115
54 118
54 135
54 136
54 137
54 138
54 139
54 155
54 156
54 157
54 159
54 175
54 176
54 177
54 178
54 179
54 195
54 196
54 197
54 198
54 199
55 59
55 79
55 98
55 99
55 117
55 136
55 176
55 177
55 196
56 17
56 19
56 37
56 38
56 39
56 57
56 58
56 59
56 78
56 79
56 97
56 98
56 117
56 119
56 138
56 157
56 158
56 159
56 177
56 178
56 197
56 198
56 199
57 19
57 38
57 59
57 138
57 159
57 178
57 179
58 19
58 59
60 1
60 2
60 3
60 4
60 5
60 7
60 8
60 15
60 17
60 24
60 26
60 30
60 35
60 41
60 42
60 45
60 46
60 50
60 54
60 62
60 65
60 71
60 73
60 74
60 75
60 77
60 79
60 81
60 84
60 85
60 86
60 88
60 90
60 91
60 93
60 95
60 98
60 103
60 106
60 113
60 121
60 122
60 124
60 125
60 128
60 129
60 130
60 134
60 141
60 143
60 148
60 150
60 154
60 156
60 159
60 166
60 168
60 170
60 172
60 175
60 177
60 178
60 179
60 183
60 184
60 185
60 187
60 191
60 195
60 196
61 2
61 3
61 4
61 5
61 6
61 7
61 8
61 9
61 10
61 11
61 13
61 14
61 15
61 17
61 18
61 19
61 22
61 25
61 26
61 27
61 28
61 29
61 30
61 31
61 32
61 34
61 35
61 36
61 37
61 39
61 42
61 43
61 45
61 46
61 47
61 48
61 49
61 50
61 52
61 56
61 57
61 58
61 59
61 62
61 63
61 64
61 65
61 66
61 67
61 68
61 69
61 71
61 72
61 73
61 74
61 75
61 76
61 78
61 79
61 82
61 83
61 84
61 85
61 86
61 88
61 89
61 90
61 92
61 93
61 94
61 96
61 97
61 98
61 103
61 105
61 107
61 109
61 110
61 111
61 112
61 113
61 115
61 116
61 117
61 118
61 119
61 122
61 123
61 124
61 125
61 127
61 129
61 130
61 132
61 133
61 134
61 135
61 136
61 137
61 138
61 139
61 142
61 143
61 144
61 145
61 146
61 147
61 148
61 149
61 151
61 152
61 153
61 156
61 157
61 158
61 159
61 162
61 163
61 164
61 166
61 167
61 168
61 169
61 171
61 172
61 173
61 174
61 175
61 176
61 177
61 178
61 182
61 183
61 184
61 185
61 186
61 187
61 188
61 189
61 190
61 191
61 192
61 193
61 194
61 195
61 196
61 197
61 198
61 199
62 3
62 11
62 13
62 14
62 15
62 16
62 28
62 31
62 33
62 35
62 36
62 44
62 59
62 69
62 72
62 75
62 78
62 79
62 86
62 88
62 93
62 96
62 97
62 98
62 105
62 106
62 113
62 116
62 117
62 127
62 131
62 132
62 139
62 144
62 149
62 151
62 158
62 168
62 170
62 174
62 179
62 183
62 185
62 186
62 187
62 188
62 189
62 194
63 4
63 7
63 8
63 13
63 14
63 18
63 26
63 27
63 29
63 30
63 35
63 36
63 38
63 47
63 51
63 53
63 54
63 55
63 56
63 57
63 59
63 65
63 66
63 68
63 76
63 77
63 84
63 86
63 87
63 91
63 93
63 99
63 106
63 110
63 112
63 116
63 119
63 124
63 125
63 126
63 129
63 131
63 134
63 139
63 146
63 147
63 148
63 154
63 155
63 158
63 159
63 164
63 165
63 166
63 167
63 168
63 170
63 171
63 174
63 175
63 176
63 186
63 188
63 193
64 5
64 6
64 8
64 9
64 10
64 11
64 12
64 13
64 14
64 15
64 16
64 17
64 18
64 25
64 26
64 27
64 28
64 29
64 30
64 31
64 32
64 34
64 36
64 37
64 38
64 39
64 45
64 46
64 47
64 48
64 49
64 51
64 52
64 53
64 54
64 55
64 57
64 58
64 59
64 65
64 66
64 67
64 68
64 69
64 70
64 72
64 74
64 75
64 76
64 78
64 85
64 86
64 88
64 89
64 91
64 92
64 93
64 94
64 95
64 96
64 97
64 98
64 99
64 105
64 106
64 107
64 108
64 110
64 111
64 112
64 113
64 114
64 115
64 116
64 117
64 118
64 119
64 126
64 127
64 129
64 131
64 132
64 134
64 135
64 136
64 137
64 138
64 139
64 145
64 146
64 147
64 148
64 149
64 150
64 151
64 154
64 155
64 157
64 158
64 159
64 165
64 166
64 167
64 168
64 169
64 172
64 174
64 175
64 177
64 178
64 179
64 185
64 186
64 187
64 188
64 189
64 190
64 191
64 192
64 193
64 194
64 196
64 198
64 199
65 10
65 19
65 26
65 31
65 33
65 34
65 35
65 36
65 39
65 48
65 66
65 72
65 76
65 87
65 90
65 93
65 98
65 108
65 110
65 111
65 135
65 136
65 137
65 149
65 152
65 156
65 159
65 170
65 171
65 173
65 178
65 188
65 193
66 7
66 11
66 13
66 17
66 19
66 27
66 33
66 34
66 35
66 48
66 50
66 53
66 54
66 55
66 57
66 58
66 67
66 70
66 71
66 73
66 77
66 79
66 87
66 97
66 110
66 112
66 117
66 118
66 127
66 133
66 137
66 148
66 149
66 155
66 158
66 169
66 171
66 172
66 173
66 175
66 176
66 177
66 187
66 191
66 194
66 198
67 8
67 9
67 10
67 11
67 12
67 13
67 15
67 17
67 19
67 28
67 29
67 30
67 32
67 34
67 37
67 38
67 50
67 51
67 52
67 55
67 56
67 57
67 58
67 59
67 68
67 70
67 71
67 75
67 76
67 77
67 78
67 89
67 90
67 91
67 94
67 97
67 98
67 99
67 108
67 109
67 110
67 111
67 113
67 114
67 116
67 117
67 119
67 128
67 129
67 130
67 133
67 134
67 136
67 137
67 138
67 139
67 150
67 152
67 153
67 154
67 155
67 156
67 158
67 159
67 168
67 170
67 172
67 173
67 176
67 177
67 179
67 191
67 192
67 193
67 197
67 198
68 10
68 11
68 12
68 18
68 19
68 30
68 32
68 33
68 34
68 35
68 36
68 37
68 38
68 49
68 51
68 54
68 55
68 59
68 70
68 72
68 74
68 78
68 89
68 92
68 96
68 97
68 98
68 109
68 112
68 113
68 114
68 116
68 118
68 130
68 133
68 134
68 135
68 136
68 138
68 149
68 152
68 156
68 169
68 171
68 173
68 174
68 189
68 192
68 193
68 197
68 198
68 199
69 10
69 11
69 12
69 13
69 14
69 15
69 16
69 17
69 18
69 19
69 30
69 31
69 32
69 36
69 39
69 54
69 55
69 57
69 58
69 70
69 73
69 74
69 75
69 78
69 79
69 90
69 91
69 94
69 95
69 98
69 110
69 111
69 113
69 115
69 116
69 119
69 131
69 132
69 133
69 135
69 136
69 138
69 150
69 151
69 152
69 153
69 154
69 158
69 159
69 170
69 171
69 174
69 175
69 176
69 177
69 178
69 190
69 191
69 193
69 195
69 197
69 199
70 14
70 16
70 31
70 32
70 33
70 38
70 53
70 59
70 72
70 75
70 76
70 77
70 92
70 93
70 96
70 98
70 99
70 111
70 115
70 131
70 135
70 137
70 139
70 153
70 154
70 155
70 157
70 159
70 172
70 173
70 177
70 178
70 191
70 192
70 196
71 12
71 13
71 14
71 15
71 16
71 18
71 32
71 33
71 34
71 35
71 37
71 38
71 39
71 52
71 53
71 54
71 55
71 56
71 57
71 58
71 59
71 72
71 73
71 74
71 77
71 78
71 79
71 92
71 93
71 94
71 95
71 96
71 97
71 98
71 112
71 113
71 114
71 115
71 117
71 118
71 132
71 133
71 135
71 136
71 137
71 139
71 152
71 153
71 154
71 155
71 156
71 157
71 158
71 159
71 172
71 173
71 174
71 175
71 177
71 178
71 179
71 193
71 194
71 195
71 197
71 198
71 199
72 14
72 17
72 18
72 38
72 39
72 53
72 56
72 59
72 73
72 74
72 75
72 77
72 78
72 79
72 93
72 97
72 116
72 118
72 133
72 136
72 137
72 138
72 153
72 154
72 156
72 157
72 159
72 174
72 175
72 176
72 177
72 178
72 193
72 195
72 199
73 14
73 15
73 17
73 18
73 19
73 34
73 35
73 36
73 37
73 38
73 39
73 55
73 57
73 58
73 59
73 74
73 75
73 76
73 77
73 95
73 96
73 97
73 99
73 114
73 117
73 119
73 134
73 137
73 138
73 139
73 154
73 155
73 156
73 157
73 158
73 159
73 174
73 175
73 177
73 178
73 179
73 194
73 195
73 196
73 197
73 198
74 15
74 16
74 19
74 35
74 36
74 37
74 39
74 58
74 75
74 95
74 96
74 99
74 115
74 116
74 118
74 135
74 136
74 137
74 157
74 158
74 159
74 176
74 178
74 179
74 195
74 196
74 198
75 18
75 19
75 56
75 58
75 59
75 77
75 78
75 79
75 99
75 116
75 117
75 139
75 156
75 157
75 158
75 177
75 179
75 196
75 198
76 17
76 18
76 19
76 37
76 38
76 39
76 57
76 58
76 78
76 79
76 97
76 98
76 99
76 117
76 118
76 119
76 138
76 139
76 157
76 158
76 159
76 177
76 178
76 179
76 198
76 199
77 19
77 38
77 39
77 58
77 59
77 79
77 98
77 99
77 118
77 119
77 138
77 178
77 198
77 199
78 19
78 39
78 99
78 119
78 139
78 179
80 3
80 5
80 8
80 9
80 11
80 12
80 18
80 19
80 23
80 24
80 26
80 28
80 29
80 30
80 31
80 32
80 33
80 34
80 36
80 38
80 39
80 42
80 43
80 44
80 45
80 46
80 49
80 50
80 51
80 52
80 53
80 54
80 55
80 56
80 58
80 59
80 61
80 62
80 63
80 64
80 65
80 66
80 68
80 70
80 71
80 72
80 73
80 76
80 77
80 79
80 81
80 82
80 85
80 86
80 87
80 88
80 90
80 91
80 93
80 95
80 97
80 99
80 101
80 102
80 104
80 106
80 107
80 108
80 113
80 117
80 119
80 122
80 124
80 127
80 128
80 133
80 135
80 137
80 138
80 139
80 141
80 143
80 146
80 150
80 151
80 153
80 154
80 155
80 156
80 159
80 161
80 162
80 163
80 164
80 165
80 167
80 168
80 169
80 170
80 171
80 172
80 177
80 179
80 183
80 184
80 186
80 187
80 188
80 190
80 195
80 196
80 197
80 199
81 2
81 3
81 4
81 6
81 7
81 9
81 10
81 11
81 14
81 15
81 16
81 17
81 18
81 19
81 22
81 23
81 25
81 27
81 29
81 32
81 34
81 36
81 38
81 42
81 46
81 47
81 49
81 50
81 51
81 52
81 53
81 54
81 55
81 57
81 59
81 62
81 63
81 65
81 67
81 68
81 70
81 72
81 73
81 75
81 76
81 78
81 82
81 83
81 84
81 85
81 86
81 88
81 91
81 92
81 93
81 94
81 96
81 97
81 99
81 102
81 103
81 104
81 105
81 106
81 109
81 111
81 112
81 113
81 115
81 116
81 117
81 118
81 119
81 122
81 123
81 124
81 125
81 126
81 127
81 128
81 129
81 130
81 131
81 132
81 133
81 134
81 135
81 137
81 138
81 144
81 145
81 146
81 148
81 149
81 150
81 151
81 153
81 154
81 155
81 156
81 157
81 159
81 163
81 164
81 165
81 167
81 168
81 169
81 170
81 171
81 172
81 173
81 174
81 175
81 176
81 177
81 178
81 179
81 182
81 184
81 186
81 187
81 188
81 189
81 190
81 191
81 192
81 193
81 194
81 195
81 196
81 197
81 198
81 199
82 6
82 10
82 11
82 15
82 19
82 24
82 25
82 33
82 34
82 53
82 54
82 57
82 58
82 59
82 66
82 70
82 83
82 86
82 90
82 92
82 93
82 95
82 108
82 112
82 116
82 131
82 133
82 144
82 146
82 152
82 153
82 154
82 156
82 157
82 158
82 165
82 166
82 167
82 171
82 173
82 174
82 175
82 183
82 184
82 194
82 199
83 7
84 5
84 6
84 7
84 10
84 12
84 26
84 32
84 36
84 38
84 45
84 47
84 48
84 50
84 51
84 54
84 57
84 59
84 66
84 69
84 71
84 72
84 73
84 74
84 75
84 76
84 78
84 85
84 86
84 88
84 89
84 90
84 95
84 96
84 97
84 99
84 109
84 112
84 115
84 116
84 118
84 127
84 129
84 130
84 133
84 134
84 135
84 138
84 145
84 146
84 148
84 153
84 154
84 156
84 157
84 159
84 165
84 169
84 170
84 173
84 174
84 176
84 177
84 179
84 188
84 191
84 194
84 195
84 198
85 6
85 7
85 8
85 9
85 10
85 11
85 12
85 13
85 14
85 15
85 16
85 17
85 18
85 19
85 26
85 27
85 28
85 29
85 30
85 31
85 32
85 33
85 34
85 35
85 36
85 37
85 38
85 39
85 46
85 47
85 48
85 49
85 50
85 51
85 52
85 53
85 54
85 55
85 56
85 57
85 58
85 59
85 66
85 67
85 68
85 69
85 70
85 71
85 72
85 73
85 74
85 75
85 76
85 77
85 78
85 79
85 86
85 87
85 88
85 89
85 90
85 91
85 92
85 93
85 94
85 95
85 96
85 97
85 98
85 99
85 106
85 107
85 108
85 109
85 110
85 111
85 112
85 113
85 114
85 115
85 116
85 118
85 119
85 126
85 127
85 128
85 129
85 130
85 131
85 132
85 133
85 134
85 135
85 136
85 137
85 138
85 139
85 146
85 147
85 148
85 149
85 150
85 151
85 152
85 153
85 154
85 155
85 156
85 157
85 158
85 166
85 167
85 168
85 169
85 170
85 171
85 172
85 173
85 174
85 175
85 176
85 177
85 178
85 179
85 186
85 187
85 188
85 189
85 190
85 191
85 192
85 193
85 194
85 195
85 196
85 197
85 198
85 199
86 8
86 9
86 10
86 11
86 12
86 13
86 14
86 15
86 16
86 17
86 18
86 19
86 27
86 28
86 30
86 31
86 32
86 33
86 36
86 37
86 38
86 39
86 47
86 48
86 49
86 50
86 51
86 52
86 53
86 54
86 55
86 57
86 67
86 68
86 69
86 70
86 71
86 72
86 73
86 74
86 75
86 76
86 77
86 78
86 79
86 87
86 88
86 89
86 90
86 92
86 93
86 94
86 95
86 96
86 97
86 98
86 99
86 107
86 108
86 109
86 110
86 111
86 112
86 113
86 114
86 115
86 116
86 117
86 118
86 119
86 127
86 128
86 129
86 130
86 131
86 133
86 134
86 135
86 136
86 137
86 138
86 139
86 147
86 148
86 149
86 151
86 153
86 154
86 155
86 156
86 157
86 158
86 159
86 167
86 168
86 169
86 170
86 172
86 173
86 174
86 175
86 176
86 177
86 178
86 179
86 188
86 189
86 190
86 192
86 193
86 194
86 195
86 196
86 197
86 199
87 8
87 10
87 28
87 34
87 36
87 48
87 52
87 59
87 75
87 94
87 99
87 134
87 135
87 136
87 151
87 156
87 157
87 169
87 177
87 196
88 9
88 14
88 30
88 31
88 34
88 35
88 37
88 38
88 50
88 51
88 52
88 55
88 56
88 57
88 58
88 69
88 71
88 73
88 75
88 76
88 77
88 78
88 90
88 92
88 94
88 96
88 97
88 99
88 109
88 110
88 111
88 113
88 114
88 118
88 130
88 132
88 135
88 136
88 139
88 150
88 151
88 152
88 155
88 156
88 158
88 159
88 174
88 191
88 192
88 193
88 194
88 195
88 196
88 198
88 199
89 16
89 30
89 31
89 32
89 34
89 37
89 54
89 56
89 59
89 71
89 75
89 77
89 91
89 95
89 111
89 112
89 115
89 132
89 137
89 151
89 154
89 155
89 158
89 159
89 175
89 177
89 190
89 192
89 196
89 197
90 11
90 12
90 13
90 14
90 32
90 34
90 37
90 38
90 39
90 51
90 53
90 57
90 58
90 59
90 72
90 76
90 77
90 78
90 79
90 91
90 94
90 95
90 96
90 99
90 111
90 112
90 113
90 114
90 115
90 116
90 117
90 118
90 131
90 132
90 133
90 134
90 135
90 137
90 138
90 139
90 151
90 152
90 153
90 155
90 157
90 158
90 159
90 171
90 173
90 174
90 175
90 177
90 178
90 179
90 191
90 192
90 196
90 199
91 12
91 15
91 16
91 18
91 19
91 32
91 33
91 36
91 53
91 54
91 58
91 59
91 74
91 79
91 94
91 95
91 96
91 112
91 116
91 119
91 134
91 136
91 137
91 138
91 139
91 153
91 155
91 158
91 159
91 172
91 176
91 177
91 179
91 194
91 195
91 196
91 197
91 198
91 199
92 14
92 15
92 17
92 19
92 34
92 35
92 36
92 39
92 53
92 54
92 55
92 56
92 57
92 73
92 74
92 75
92 76
92 77
92 78
92 79
92 93
92 94
92 96
92 97
92 98
92 99
92 113
92 114
92 115
92 116
92 119
92 136
92 138
92 139
92 154
92 155
92 156
92 157
92 159
92 173
92 174
92 176
92 178
92 179
92 193
92 194
92 196
92 197
92 198
93 14
93 15
93 16
93 17
93 18
93 19
93 35
93 36
93 37
93 38
93 39
93 54
93 55
93 56
93 57
93 58
93 59
93 74
93 76
93 78
93 96
93 97
93 98
93 99
93 114
93 116
93 117
93 118
93 119
93 134
93 136
93 137
93 138
93 154
93 155
93 158
93 159
93 174
93 175
93 176
93 178
93 194
93 195
93 198
93 199
94 16
94 17
94 19
94 35
94 36
94 37
94 56
94 57
94 59
94 75
94 76
94 78
94 95
94 97
94 98
94 99
94 115
94 116
94 118
94 135
94 136
94 138
94 139
94 155
94 156
94 157
94 158
94 159
94 175
94 176
94 177
94 179
94 195
94 196
94 197
94 198
94 199
95 198
96 158
96 198
97 39
97 58
97 139
98 19
98 79
98 139
98 179
98 199
100 13
100 81
100 85
100 195
101 2
101 3
101 4
101 5
101 6
101 7
101 8
101 10
101 11
101 12
101 13
101 15
101 16
101 17
101 18
101 22
101 23
101 25
101 26
101 27
101 28
101 29
101 31
101 32
101 34
101 36
101 37
101 38
101 39
101 42
101 43
101 44
101 45
101 46
101 47
101 48
101 49
101 51
101 53
101 54
101 55
101 57
101 58
101 59
101 62
101 63
101 64
101 65
101 66
101 67
101 68
101 69
101 70
101 71
101 72
101 73
101 74
101 75
101 76
101 77
101 78
101 79
101 82
101 83
101 84
101 86
101 87
101 88
101 90
101 91
101 92
101 93
101 94
101 96
101 97
101 99
101 102
101 103
101 104
101 105
101 107
101 108
101 110
101 111
101 112
101 113
101 114
101 115
101 116
101 118
101 119
101 122
101 123
101 124
101 125
101 126
101 127
101 128
101 129
101 130
101 131
101 132
101 133
101 134
101 135
101 136
101 137
101 138
101 139
101 142
101 143
101 144
101 145
101 146
101 147
101 149
101 150
101 152
101 153
101 154
101 155
101 156
101 157
101 158
101 162
101 163
101 164
101 165
101 166
101 167
101 168
101 169
101 170
101 171
101 172
101 173
101 174
101 175
101 176
101 177
101 178
101 179
101 182
101 183
101 184
101 185
101 187
101 188
101 189
101 190
101 191
101 192
101 193
101 194
101 197
101 198
101 199
102 3
102 4
102 5
102 6
102 7
102 8
102 9
102 10
102 11
102 12
102 13
102 15
102 19
102 23
102 24
102 25
102 26
102 27
102 28
102 31
102 32
102 33
102 35
102 36
102 38
102 39
102 43
102 44
102 46
102 48
102 49
102 50
102 54
102 55
102 56
102 57
102 58
102 63
102 64
102 66
102 67
102 68
102 69
102 73
102 77
102 83
102 84
102 85
102 88
102 89
102 91
102 92
102 93
102 94
102 95
102 96
102 97
102 98
102 104
102 105
102 108
102 109
102 111
102 113
102 114
102 117
102 118
102 119
102 123
102 124
102 125
102 126
102 129
102 130
102 131
102 132
102 134
102 136
102 137
102 138
102 144
102 145
102 146
102 148
102 150
102 151
102 152
102 157
102 158
102 159
102 163
102 164
102 165
102 167
102 169
102 170
102 171
102 173
102 175
102 176
102 177
102 179
102 183
102 184
102 187
102 188
102 190
102 192
102 193
102 194
102 195
102 196
102 198
102 199
103 4
103 5
103 6
103 7
103 8
103 9
103 10
103 11
103 12
103 13
103 14
103 15
103 16
103 17
103 18
103 19
103 24
103 25
103 26
103 27
103 28
103 29
103 30
103 31
103 32
103 33
103 34
103 35
103 36
103 37
103 38
103 39
103 44
103 45
103 46
103 47
103 48
103 49
103 50
103 51
103 52
103 53
103 54
103 55
103 56
103 57
103 58
103 59
103 64
103 65
103 66
103 67
103 69
103 70
103 71
103 72
103 73
103 74
103 76
103 77
103 78
103 84
103 85
103 86
103 87
103 88
103 89
103 90
103 91
103 92
103 93
103 94
103 95
103 96
103 97
103 98
103 99
103 104
103 105
103 106
103 107
103 108
103 109
103 110
103 111
103 112
103 113
103 115
103 116
103 117
103 118
103 119
103 124
103 125
103 126
103 127
103 128
103 129
103 130
103 131
103 132
103 133
103 134
103 135
103 136
103 137
103 138
103 139
103 145
103 146
103 147
103 148
103 149
103 150
103 151
103 152
103 153
103 154
103 156
103 157
103 158
103 159
103 164
103 165
103 166
103 167
103 169
103 170
103 171
103 172
103 173
103 174
103 175
103 177
103 178
103 179
103 184
103 185
103 186
103 187
103 188
103 189
103 190
103 191
103 192
103 193
103 194
103 195
103 196
103 197
103 199
104 126
105 7
105 9
105 12
105 13
105 14
105 15
105 16
105 17
105 18
105 27
105 28
105 29
105 30
105 31
105 32
105 34
105 35
105 36
105 38
105 46
105 47
105 49
105 50
105 51
105 52
105 54
105 55
105 56
105 58
105 59
105 69
105 70
105 71
105 72
105 74
105 78
105 79
105 86
105 88
105 89
105 90
105 91
105 92
105 95
105 96
105 97
105 98
105 106
105 107
105 108
105 109
105 111
105 114
105 115
105 117
105 118
105 119
105 126
105 127
105 128
105 130
105 132
105 133
105 138
105 139
105 146
105 147
105 148
105 149
105 150
105 152
105 153
105 154
105 155
105 156
105 157
105 159
105 166
105 167
105 168
105 170
105 172
105 173
105 174
105 177
105 178
105 179
105 186
105 187
105 188
105 189
105 190
105 193
105 194
105 196
105 197
106 7
106 8
106 12
106 13
106 15
106 17
106 18
106 34
106 35
106 37
106 38
106 39
106 48
106 49
106 50
106 54
106 56
106 57
106 68
106 69
106 71
106 72
106 73
106 74
106 77
106 78
106 79
106 87
106 88
106 92
106 94
106 99
106 107
106 108
106 109
106 111
106 112
106 113
106 114
106 116
106 127
106 128
106 129
106 133
106 136
106 139
106 148
106 150
106 151
106 154
106 155
106 167
106 168
106 171
106 172
106 174
106 175
106 178
106 179
106 187
106 189
106 190
106 192
106 198
106 199
107 9
107 10
107 11
107 12
107 14
107 15
107 16
107 28
107 32
107 37
107 39
107 50
107 53
107 55
107 73
107 74
107 77
107 79
107 88
107 91
107 92
107 99
107 112
107 113
107 114
107 116
107 128
107 129
107 131
107 132
107 138
107 148
107 149
107 154
107 157
107 158
107 159
107 168
107 169
107 170
107 171
107 173
107 176
107 188
107 192
107 194
107 195
108 9
108 10
108 15
108 34
108 51
108 54
108 71
108 73
108 96
108 111
108 113
108 138
108 156
108 159
108 193
108 198
109 14
109 16
109 19
109 34
109 35
109 39
109 58
109 72
109 79
109 95
109 111
109 113
109 159
109 173
109 175
109 179
109 194
110 14
110 16
110 31
110 32
110 33
110 36
110 38
110 39
110 52
110 53
110 54
110 55
110 57
110 58
110 59
110 71
110 72
110 75
110 76
110 78
110 79
110 93
110 94
110 97
110 111
110 114
110 115
110 116
110 117
110 118
110 131
110 133
110 134
110 136
110 137
110 151
110 152
110 154
110 155
110 156
110 157
110 159
110 171
110 174
110 175
110 176
110 178
110 191
110 199
111 13
112 13
112 17
112 18
112 33
112 37
112 39
112 54
112 55
112 56
112 57
112 58
112 59
112 75
112 77
112 79
112 93
112 96
112 113
112 117
112 118
112 119
112 136
112 137
112 139
112 153
112 158
112 175
112 177
112 179
112 194
112 195
113 14
113 15
113 17
113 18
113 19
113 34
113 35
113 36
113 37
113 39
113 54
113 55
113 56
113 57
113 59
113 75
113 76
113 77
113 78
113 94
113 95
113 97
113 99
113 114
113 115
113 116
113 117
113 118
113 119
113 134
113 135
113 136
113 137
113 138
113 139
113 154
113 156
113 158
113 159
113 175
113 176
113 177
113 179
113 194
113 195
113 197
113 199
114 15
114 16
114 17
114 18
114 19
114 35
114 36
114 38
114 39
114 55
114 56
114 57
114 59
114 75
114 76
114 77
114 79
114 95
114 96
114 97
114 115
114 116
114 118
114 119
114 135
114 136
114 137
114 138
114 139
114 155
114 156
114 157
114 159
114 175
114 176
114 177
114 178
114 179
114 195
114 196
114 197
114 198
114 199
115 16
115 17
115 18
115 19
115 36
115 37
115 38
115 39
115 56
115 57
115 58
115 59
115 76
115 77
115 78
115 79
115 96
115 97
115 98
115 99
115 116
115 117
115 118
115 119
115 136
115 137
115 138
115 139
115 156
115 157
115 159
115 176
115 177
115 178
115 179
115 197
115 198
115 199
116 18
116 19
116 37
116 57
116 79
116 99
116 117
116 119
116 137
116 157
116 178
116 179
116 197
116 199
117 158
118 19
118 59
118 99
118 159
118 179
118 199
120 1
120 9
120 10
120 18
120 19
120 25
120 28
120 36
120 43
120 45
120 46
120 47
120 48
120 51
120 55
120 62
120 71
120 78
120 85
120 87
120 91
120 92
120 97
120 101
120 104
120 110
120 112
120 115
120 116
120 118
120 119
120 122
120 123
120 126
120 129
120 130
120 133
120 149
120 150
120 154
120 157
120 161
120 166
120 167
120 174
120 175
120 176
120 183
120 187
120 188
120 191
120 195
120 196
120 197
120 198
121 4
121 6
121 8
121 11
121 12
121 13
121 18
121 19
121 22
121 23
121 25
121 26
121 29
121 30
121 32
121 34
121 39
121 47
121 48
121 49
121 55
121 56
121 57
121 59
121 64
121 68
121 69
121 70
121 71
121 75
121 79
121 83
121 85
121 88
121 90
121 92
121 94
121 95
121 97
121 99
121 102
121 103
121 105
121 107
121 108
121 110
121 116
121 119
121 122
121 126
121 127
121 128
121 129
121 130
121 132
121 133
121 137
121 145
121 147
121 148
121 149
121 153
121 155
121 156
121 158
121 163
121 166
121 168
121 169
121 170
121 171
121 172
121 173
121 175
121 176
121 177
121 182
121 184
121 186
121 187
121 189
121 191
121 192
121 193
121 197
122 5
122 8
122 9
122 10
122 13
122 14
122 18
122 19
122 23
122 24
122 27
122 29
122 30
122 32
122 36
122 37
122 38
122 44
122 47
122 50
122 53
122 54
122 55
122 59
122 65
122 67
122 69
122 72
122 75
122 76
122 83
122 84
122 85
122 86
122 87
122 90
122 91
122 93
122 94
122 97
122 98
122 99
122 103
122 104
122 111
122 112
122 114
122 115
122 119
122 127
122 128
122 129
122 132
122 133
122 134
122 135
122 137
122 138
122 139
122 144
122 146
122 147
122 153
122 155
122 156
122 159
122 163
122 165
122 167
122 169
122 171
122 173
122 175
122 177
122 186
122 187
122 188
122 189
122 196
122 197
123 5
123 6
123 7
123 8
123 9
123 12
123 13
123 14
123 15
123 17
123 18
123 19
123 24
123 27
123 30
123 34
123 38
123 39
123 47
123 48
123 49
123 50
123 51
123 53
123 54
123 56
123 57
123 58
123 59
123 64
123 66
123 68
123 69
123 75
123 76
123 77
123 78
123 84
123 85
123 87
123 88
123 90
123 92
123 93
123 94
123 95
123 96
123 97
123 104
123 105
123 106
123 108
123 110
123 113
123 114
123 115
123 117
123 119
123 124
123 125
123 126
123 128
123 131
123 132
123 133
123 134
123 136
123 139
123 144
123 145
123 148
123 150
123 153
123 154
123 155
123 159
123 164
123 165
123 167
123 171
123 173
123 175
123 178
123 184
123 185
123 186
123 189
123 191
123 194
123 195
123 196
124 7
124 9
124 11
124 12
124 13
124 14
124 16
124 18
124 19
124 25
124 30
124 31
124 32
124 34
124 35
124 36
124 37
124 47
124 48
124 49
124 50
124 55
124 58
124 59
124 66
124 68
124 73
124 77
124 85
124 86
124 89
124 90
124 92
124 98
124 99
124 105
124 106
124 107
124 108
124 110
124 113
124 114
124 117
124 118
124 119
124 125
124 126
124 127
124 128
124 130
124 131
124 133
124 134
124 135
124 136
124 139
124 151
124 152
124 153
124 157
124 158
124 159
124 167
124 168
124 169
124 171
124 174
124 175
124 176
124 179
124 185
124 187
124 188
124 191
124 197
124 199
125 9
125 10
125 11
125 13
125 15
125 17
125 18
125 27
125 28
125 29
125 32
125 36
125 37
125 38
125 39
125 46
125 47
125 49
125 50
125 51
125 56
125 57
125 58
125 67
125 68
125 70
125 71
125 72
125 77
125 78
125 79
125 86
125 88
125 89
125 91
125 92
125 93
125 94
125 95
125 97
125 98
125 106
125 107
125 109
125 112
125 116
125 117
125 118
125 126
125 127
125 129
125 130
125 131
125 132
125 133
125 134
125 136
125 139
125 147
125 148
125 149
125 151
125 152
125 154
125 155
125 157
125 169
125 174
125 175
125 176
125 177
125 178
125 179
125 188
125 189
125 190
125 192
125 193
125 194
125 195
125 197
125 199
126 7
126 9
126 10
126 11
126 13
126 15
126 16
126 17
126 18
126 19
126 30
126 31
126 32
126 33
126 34
126 35
126 37
126 39
126 47
126 48
126 49
126 50
126 51
126 52
126 53
126 56
126 57
126 58
126 59
126 67
126 68
126 69
126 70
126 71
126 74
126 75
126 76
126 78
126 88
126 93
126 94
126 96
126 98
126 99
126 107
126 109
126 112
126 113
126 115
126 118
126 119
126 127
126 128
126 131
126 132
126 134
126 135
126 136
126 138
126 147
126 148
126 149
126 150
126 151
126 152
126 153
126 155
126 156
126 157
126 167
126 169
126 170
126 172
126 174
126 176
126 179
126 188
126 189
126 190
126 191
126 192
126 196
126 198
127 10
127 11
127 13
127 14
127 16
127 17
127 18
127 19
127 28
127 29
127 30
127 35
127 36
127 39
127 53
127 54
127 56
127 58
127 59
127 69
127 72
127 77
127 78
127 79
127 88
127 89
127 91
127 93
127 95
127 97
127 108
127 109
127 114
127 115
127 119
127 130
127 133
127 135
127 149
127 151
127 152
127 154
127 155
127 156
127 158
127 168
127 170
127 175
127 177
127 178
127 190
127 193
127 196
127 199
128 9
128 10
128 11
128 12
128 14
128 15
128 16
128 17
128 19
128 29
128 30
128 31
128 32
128 33
128 34
128 35
128 37
128 38
128 39
128 49
128 50
128 51
128 52
128 53
128 54
128 55
128 56
128 57
128 58
128 59
128 69
128 71
128 72
128 73
128 74
128 75
128 77
128 78
128 89
128 90
128 92
128 93
128 94
128 95
128 96
128 97
128 98
128 109
128 110
128 111
128 112
128 113
128 114
128 115
128 116
128 117
128 118
128 119
128 129
128 130
128 131
128 132
128 133
128 134
128 135
128 136
128 138
128 139
128 150
128 151
128 152
128 153
128 154
128 155
128 156
128 157
128 158
128 169
128 170
128 171
128 172
128 173
128 176
128 178
128 179
128 189
128 190
128 191
128 193
128 194
128 195
128 196
128 197
129 17
129 119
129 153
130 93
130 193
131 12
131 13
131 16
131 17
131 18
131 32
131 35
131 38
131 39
131 54
131 56
131 57
131 59
131 73
131 74
131 75
131 77
131 78
131 79
131 93
131 94
131 97
131 98
131 99
131 112
131 117
131 119
131 132
131 133
131 134
131 136
131 137
131 139
131 153
131 157
131 158
131 159
131 172
131 173
131 175
131 176
131 177
131 179
131 192
131 196
131 198
131 199
132 13
132 14
132 15
132 16
132 17
132 18
132 19
132 33
132 34
132 35
132 36
132 37
132 38
132 39
132 54
132 55
132 56
132 58
132 59
132 73
132 74
132 75
132 76
132 77
132 78
132 79
132 93
132 94
132 95
132 96
132 97
132 98
132 99
132 113
132 114
132 115
132 116
132 117
132 118
132 119
132 133
132 134
132 135
132 136
132 137
132 138
132 139
132 153
132 154
132 155
132 156
132 157
132 158
132 159
132 173
132 174
132 175
132 176
132 177
132 178
132 179
132 193
132 194
132 195
132 196
132 197
132 198
132 199
133 15
133 34
133 38
133 55
133 58
133 74
133 76
133 78
133 98
133 115
133 118
133 135
133 136
133 137
133 138
133 175
133 177
133 179
133 195
134 179
135 17
135 18
135 19
135 36
135 37
135 38
135 39
135 56
135 57
135 58
135 59
135 76
135 77
135 78
135 118
135 119
135 137
135 139
135 156
135 157
135 158
135 159
135 176
135 177
135 196
135 198
135 199
136 119
136 158
137 198
138 39
138 59
138 99
138 119
138 139
138 179
138 199
140 1
140 2
140 4
140 5
140 6
140 7
140 8
140 9
140 12
140 13
140 14
140 15
140 16
140 17
140 18
140 19
140 22
140 23
140 24
140 25
140 26
140 27
140 28
140 29
140 31
140 35
140 36
140 38
140 41
140 43
140 45
140 48
140 49
140 51
140 54
140 56
140 57
140 58
140 59
140 62
140 64
140 65
140 66
140 67
140 68
140 69
140 70
140 71
140 72
140 73
140 74
140 77
140 78
140 81
140 82
140 83
140 84
140 86
140 89
140 91
140 93
140 95
140 96
140 97
140 98
140 99
140 102
140 103
140 104
140 107
140 108
140 109
140 110
140 111
140 114
140 115
140 116
140 117
140 119
140 121
140 122
140 124
140 130
140 132
140 134
140 135
140 137
140 139
140 141
140 143
140 145
140 147
140 148
140 150
140 155
140 156
140 159
140 162
140 163
140 167
140 170
140 171
140 172
140 173
140 174
140 175
140 176
140 177
140 178
140 181
140 182
140 183
140 185
140 186
140 190
140 191
140 192
140 193
140 197
140 199
141 2
141 3
141 4
141 5
141 7
141 8
141 10
141 11
141 13
141 14
141 16
141 19
141 24
141 25
141 26
141 27
141 28
141 29
141 30
141 31
141 32
141 34
141 35
141 36
141 38
141 43
141 44
141 47
141 50
141 51
141 52
141 53
141 57
141 58
141 59
141 64
141 65
141 66
141 67
141 68
141 70
141 71
141 72
141 73
141 74
141 75
141 77
141 78
141 79
141 83
141 84
141 86
141 88
141 90
141 91
141 93
141 94
141 95
141 96
141 97
141 98
141 102
141 104
141 107
141 108
141 109
141 112
141 113
141 114
141 116
141 117
141 119
141 122
141 124
141 125
141 126
141 127
141 129
141 130
141 134
141 135
141 136
141 137
141 142
141 143
141 144
141 145
141 147
141 148
141 150
141 151
141 152
141 153
141 156
141 158
141 159
141 162
141 164
141 165
141 170
141 171
141 172
141 173
141 174
141 177
141 178
141 179
141 182
141 183
141 185
141 187
141 188
141 189
141 190
141 191
141 193
141 194
141 195
141 196
141 197
141 198
141 199
142 3
142 4
142 6
142 7
142 10
142 12
142 14
142 15
142 16
142 17
142 18
142 19
142 23
142 25
142 26
142 27
142 28
142 29
142 30
142 31
142 32
142 33
142 35
142 36
142 38
142 39
142 43
142 44
142 46
142 47
142 48
142 49
142 50
142 53
142 54
142 55
142 56
142 58
142 59
142 63
142 64
142 65
142 69
142 70
142 72
142 75
142 76
142 77
142 78
142 79
142 83
142 84
142 85
142 86
142 87
142 88
142 89
142 92
142 93
142 95
142 97
142 103
142 104
142 105
142 106
142 107
142 108
142 110
142 111
142 113
142 114
142 115
142 117
142 123
142 124
142 125
142 127
142 128
142 130
142 132
142 134
142 135
142 136
142 137
142 138
142 139
142 143
142 144
142 152
142 153
142 154
142 156
142 157
142 158
142 159
142 163
142 164
142 165
142 166
142 167
142 168
142 170
142 171
142 172
142 173
142 175
142 176
142 177
142 178
142 183
142 185
142 186
142 187
142 188
142 189
142 190
142 191
142 193
142 194
142 196
142 198
142 199
143 7
143 9
143 10
143 12
143 13
143 14
143 17
143 19
143 26
143 28
143 29
143 33
143 34
143 39
143 45
143 51
143 52
143 55
143 57
143 58
143 59
143 66
143 71
143 72
143 74
143 78
143 79
143 85
143 87
143 88
143 91
143 92
143 95
143 96
143 98
143 99
143 104
143 105
143 106
143 108
143 109
143 110
143 116
143 117
143 118
143 124
143 126
143 127
143 128
143 132
143 134
143 135
143 138
143 144
143 147
143 150
143 152
143 154
143 155
143 156
143 157
143 164
143 165
143 168
143 169
143 170
143 173
143 175
143 177
143 179
143 184
143 185
143 188
143 189
143 191
143 193
143 194
143 195
143 196
143 197
143 198
143 199
144 5
144 6
144 7
144 9
144 10
144 11
144 12
144 13
144 14
144 15
144 16
144 17
144 18
144 19
144 25
144 27
144 28
144 29
144 30
144 32
144 35
144 36
144 37
144 38
144 39
144 45
144 46
144 47
144 48
144 49
144 50
144 51
144 52
144 53
144 54
144 55
144 56
144 57
144 65
144 66
144 67
144 68
144 69
144 70
144 71
144 73
144 74
144 75
144 76
144 77
144 78
144 79
144 85
144 86
144 87
144 88
144 89
144 90
144 91
144 92
144 93
144 94
144 95
144 96
144 97
144 99
144 105
144 106
144 107
144 108
144 109
144 110
144 112
144 113
144 115
144 116
144 117
144 119
144 126
144 127
144 128
144 129
144 130
144 131
144 132
144 133
144 134
144 135
144 136
144 137
144 138
144 139
144 145
144 146
144 147
144 148
144 149
144 153
144 154
144 155
144 156
144 157
144 158
144 159
144 165
144 166
144 167
144 170
144 171
144 172
144 174
144 175
144 176
144 177
144 178
144 185
144 186
144 187
144 188
144 189
144 190
144 191
144 192
144 193
144 194
144 195
144 196
144 197
144 198
144 199
145 9
145 18
145 19
145 27
145 36
145 38
145 47
145 56
145 66
145 67
145 76
145 77
145 86
145 95
145 96
145 99
145 107
145 115
145 133
145 137
145 153
145 154
145 172
145 174
145 179
145 186
145 188
145 189
145 190
145 191
145 198
146 7
146 8
146 9
146 10
146 11
146 12
146 14
146 15
146 18
146 19
146 27
146 28
146 29
146 30
146 32
146 33
146 34
146 35
146 36
146 37
146 38
146 39
146 47
146 48
146 49
146 50
146 52
146 53
146 54
146 55
146 56
146 57
146 58
146 59
146 68
146 69
146 70
146 71
146 72
146 73
146 74
146 75
146 76
146 77
146 78
146 79
146 87
146 89
146 90
146 91
146 92
146 93
146 94
146 97
146 98
146 99
146 109
146 110
146 111
146 112
146 113
146 114
146 115
146 117
146 118
146 119
146 127
146 128
146 129
146 130
146 131
146 132
146 133
146 134
146 135
146 136
146 137
146 138
146 139
146 147
146 148
146 149
146 150
146 152
146 153
146 155
146 156
146 157
146 158
146 159
146 167
146 168
146 169
146 170
146 171
146 172
146 174
146 177
146 178
146 179
146 188
146 190
146 191
146 192
146 193
146 194
146 195
146 196
146 197
146 198
146 199
147 8
147 12
147 13
147 15
147 16
147 19
147 34
147 35
147 38
147 51
147 52
147 54
147 55
147 68
147 79
147 88
147 91
147 95
147 96
147 110
147 113
147 128
147 131
147 135
147 151
147 154
147 176
147 191
147 193
147 195
147 197
147 198
147 199
148 10
148 11
148 13
148 14
148 15
148 16
148 19
148 30
148 31
148 32
148 33
148 34
148 35
148 36
148 37
148 38
148 39
148 49
148 50
148 52
148 53
148 54
148 56
148 57
148 58
148 59
148 69
148 70
148 71
148 72
148 73
148 74
148 77
148 78
148 79
148 90
148 91
148 92
148 93
148 95
148 96
148 98
148 99
148 109
148 112
148 116
148 117
148 118
148 129
148 130
148 131
148 132
148 133
148 134
148 135
148 136
148 138
148 139
148 149
148 150
148 151
148 152
148 157
148 158
148 169
148 170
148 172
148 173
148 174
148 175
148 177
148 179
148 189
148 190
148 191
148 192
148 193
148 196
148 197
148 198
148 199
149 12
149 14
149 15
149 16
149 30
149 31
149 34
149 53
149 54
149 56
149 58
149 70
149 71
149 72
149 76
149 93
149 95
149 97
149 98
149 110
149 113
149 115
149 116
149 117
149 130
149 132
149 133
149 137
149 138
149 151
149 152
149 154
149 155
149 170
149 171
149 174
149 175
149 176
149 179
149 190
149 191
149 192
149 193
149 194
149 195
149 199
150 11
150 13
150 14
150 15
150 16
150 17
150 18
150 19
150 31
150 32
150 33
150 34
150 35
150 36
150 38
150 39
150 51
150 52
150 53
150 54
150 56
150 59
150 71
150 73
150 75
150 76
150 77
150 78
150 79
150 92
150 93
150 95
150 96
150 98
150 99
150 111
150 112
150 114
150 115
150 117
150 118
150 131
150 132
150 134
150 135
150 136
150 138
150 139
150 151
150 152
150 154
150 155
150 156
150 157
150 158
150 159
150 171
150 172
150 173
150 174
150 177
150 178
150 179
150 191
150 192
150 193
150 195
150 196
150 197
150 198
150 199
151 14
151 34
151 53
151 58
151 77
151 96
151 176
151 178
151 192
151 197
152 13
152 14
152 15
152 16
152 17
152 18
152 19
152 33
152 34
152 35
152 37
152 38
152 53
152 54
152 55
152 56
152 57
152 73
152 74
152 75
152 76
152 77
152 78
152 79
152 93
152 95
152 96
152 97
152 98
152 99
152 113
152 114
152 116
152 117
152 118
152 119
152 133
152 134
152 135
152 136
152 137
152 138
152 139
152 153
152 154
152 155
152 156
152 157
152 158
152 159
152 173
152 174
152 175
152 176
152 177
152 178
152 179
152 194
152 195
152 196
152 197
152 198
152 199
153 14
153 17
153 18
153 19
153 35
153 39
153 54
153 56
153 57
153 74
153 75
153 76
153 77
153 79
153 94
153 95
153 99
153 136
153 138
153 155
153 157
153 158
153 175
153 178
153 194
153 195
153 197
153 198
154 19
154 35
154 38
154 55
154 58
154 59
154 75
154 76
154 97
154 99
154 116
154 117
154 118
154 136
154 137
154 156
154 157
154 158
154 159
154 175
154 176
154 179
154 195
155 17
155 18
155 37
155 38
155 39
155 57
155 58
155 59
155 76
155 79
155 96
155 98
155 99
155 116
155 118
155 119
155 137
155 139
155 156
155 157
155 158
155 159
155 176
155 177
155 179
155 196
155 197
155 198
155 199
156 17
156 18
156 19
156 37
156 38
156 57
156 58
156 59
156 78
156 79
156 97
156 98
156 99
156 117
156 118
156 137
156 138
156 139
156 157
156 158
156 177
156 179
156 197
156 198
157 58
157 78
157 99
157 178
157 198
158 159
160 1
160 2
160 5
160 6
160 9
160 10
160 12
160 14
160 15
160 16
160 17
160 18
160 19
160 23
160 28
160 30
160 31
160 32
160 34
160 37
160 38
160 41
160 45
160 46
160 48
160 49
160 50
160 52
160 53
160 54
160 56
160 58
160 59
160 66
160 70
160 71
160 72
160 73
160 75
160 76
160 77
160 85
160 88
160 91
160 92
160 94
160 95
160 96
160 102
160 104
160 106
160 110
160 111
160 115
160 116
160 118
160 119
160 121
160 124
160 125
160 129
160 130
160 131
160 132
160 133
160 135
160 136
160 137
160 139
160 143
160 144
160 146
160 147
160 148
160 149
160 150
160 153
160 154
160 155
160 157
160 158
160 159
160 168
160 169
160 170
160 171
160 172
160 174
160 175
160 176
160 177
160 178
160 179
160 181
160 182
160 183
160 184
160 186
160 187
160 189
160 190
160 192
160 194
160 195
160 198
161 2
161 7
161 8
161 12
161 13
161 14
161 15
161 16
161 17
161 19
161 22
161 23
161 27
161 29
161 31
161 33
161 35
161 36
161 38
161 39
161 44
161 45
161 47
161 48
161 50
161 52
161 53
161 55
161 56
161 57
161 58
161 62
161 65
161 66
161 68
161 71
161 73
161 75
161 76
161 77
161 83
161 85
161 86
161 87
161 89
161 98
161 102
161 103
161 105
161 107
161 110
161 118
161 127
161 132
161 133
161 134
161 135
161 137
161 139
161 142
161 145
161 147
161 155
161 156
161 158
161 159
161 166
161 168
161 171
161 173
161 175
161 178
161 179
161 183
161 185
161 186
161 187
161 188
161 191
161 192
162 3
162 4
162 5
162 6
162 7
162 8
162 9
162 11
162 12
162 13
162 14
162 15
162 16
162 17
162 18
162 19
162 23
162 24
162 25
162 26
162 27
162 28
162 29
162 30
162 31
162 32
162 33
162 34
162 35
162 36
162 37
162 38
162 39
162 43
162 44
162 45
162 46
162 47
162 48
162 49
162 50
162 51
162 52
162 53
162 54
162 55
162 56
162 57
162 58
162 59
162 63
162 64
162 65
162 66
162 67
162 68
162 69
162 70
162 71
162 72
162 73
162 74
162 75
162 76
162 77
162 78
162 79
162 83
162 84
162 85
162 86
162 87
162 88
162 89
162 90
162 91
162 92
162 93
162 94
162 95
162 96
162 97
162 98
162 99
162 103
162 104
162 105
162 106
162 107
162 108
162 109
162 110
162 111
162 112
162 113
162 114
162 115
162 116
162 117
162 118
162 119
162 123
162 124
162 125
162 126
162 127
162 128
162 129
162 130
162 131
162 132
162 133
162 134
162 135
162 136
162 137
162 138
162 139
162 143
162 144
162 145
162 146
162 147
162 148
162 149
162 150
162 151
162 152
162 153
162 154
162 155
162 156
162 157
162 158
162 159
162 163
162 164
162 165
162 166
162 167
162 168
162 169
162 170
162 171
162 172
162 173
162 174
162 175
162 176
162 177
162 178
162 179
162 183
162 184
162 185
162 186
162 187
162 188
162 189
162 190
162 191
162 192
162 193
162 194
162 195
162 196
162 197
162 198
162 199
163 6
163 7
163 8
163 11
163 17
163 18
163 28
163 33
163 36
163 38
163 39
163 44
163 46
163 48
163 51
163 54
163 59
163 65
163 66
163 67
163 68
163 73
163 74
163 75
163 76
163 78
163 79
163 84
163 86
163 89
163 92
163 94
163 95
163 96
163 98
163 99
163 106
163 107
163 108
163 111
163 112
163 113
163 117
163 119
163 125
163 128
163 129
163 130
163 132
163 134
163 137
163 138
163 145
163 149
163 151
163 152
163 154
163 156
163 158
163 164
163 166
163 167
163 172
163 173
163 175
163 176
163 178
163 179
163 189
163 191
163 193
163 196
163 197
163 199
164 5
164 7
164 8
164 9
164 10
164 12
164 13
164 15
164 16
164 17
164 18
164 19
164 25
164 26
164 27
164 29
164 30
164 31
164 32
164 34
164 35
164 36
164 37
164 38
164 48
164 49
164 50
164 51
164 52
164 53
164 55
164 56
164 57
164 58
164 65
164 66
164 67
164 69
164 70
164 71
164 74
164 75
164 76
164 77
164 79
164 86
164 88
164 89
164 90
164 91
164 93
164 94
164 95
164 96
164 97
164 98
164 99
164 105
164 106
164 109
164 110
164 111
164 114
164 118
164 119
164 126
164 127
164 130
164 131
164 132
164 133
164 134
164 135
164 136
164 137
164 138
164 139
164 145
164 146
164 147
164 149
164 151
164 152
164 155
164 156
164 157
164 158
164 159
164 165
164 168
164 171
164 175
164 176
164 177
164 178
164 179
164 185
164 186
164 187
164 189
164 190
164 191
164 192
164 193
164 194
164 195
164 196
164 197
164 199
165 6
165 8
165 10
165 11
165 12
165 13
165 14
165 17
165 18
165 19
165 29
165 31
165 33
165 34
165 35
165 38
165 46
165 47
165 49
165 50
165 51
165 52
165 53
165 57
165 58
165 59
165 68
165 69
165 70
165 71
165 73
165 74
165 75
165 76
165 77
165 78
165 87
165 88
165 89
165 90
165 91
165 92
165 93
165 94
165 97
165 98
165 99
165 106
165 107
165 108
165 109
165 110
165 111
165 112
165 113
165 114
165 116
165 117
165 118
165 126
165 130
165 134
165 138
165 139
165 146
165 147
165 148
165 149
165 151
165 153
165 155
165 158
165 159
165 166
165 167
165 168
165 170
165 171
165 172
165 174
165 175
165 176
165 177
165 178
165 179
165 186
165 187
165 188
165 189
165 190
165 191
165 192
165 193
165 194
165 195
165 196
165 197
165 198
165 199
166 15
166 137
166 156
167 9
167 10
167 11
167 13
167 14
167 17
167 18
167 19
167 28
167 30
167 31
167 32
167 33
167 34
167 35
167 36
167 38
167 52
167 56
167 57
167 58
167 68
167 69
167 70
167 72
167 73
167 76
167 77
167 79
167 88
167 90
167 95
167 96
167 97
167 98
167 99
167 108
167 110
167 117
167 128
167 129
167 130
167 131
167 136
167 139
167 151
167 153
167 157
167 159
167 168
167 169
167 172
167 176
167 179
167 188
167 190
167 194
167 196
168 11
168 12
168 13
168 14
168 17
168 18
168 19
168 30
168 31
168 32
168 35
168 36
168 37
168 38
168 39
168 49
168 50
168 52
168 54
168 55
168 56
168 57
168 58
168 59
168 69
168 71
168 73
168 74
168 77
168 78
168 89
168 91
168 93
168 94
168 95
168 98
168 109
168 111
168 113
168 116
168 117
168 119
168 129
168 130
168 131
168 132
168 134
168 137
168 138
168 139
168 150
168 152
168 154
168 155
168 156
168 157
168 158
168 159
168 172
168 174
168 175
168 177
168 179
168 191
168 192
168 193
168 194
168 198
168 199
169 10
169 11
169 12
169 14
169 15
169 16
169 17
169 18
169 31
169 34
169 36
169 38
169 50
169 51
169 53
169 55
169 72
169 73
169 79
169 90
169 95
169 97
169 99
169 110
169 111
169 112
169 116
169 117
169 132
169 133
169 135
169 137
169 139
169 150
169 156
169 170
169 171
169 172
169 174
169 175
169 179
169 191
169 195
170 33
170 35
170 36
170 38
170 58
170 59
170 71
170 78
170 95
170 113
170 118
170 133
170 134
170 139
170 151
170 158
170 174
170 176
170 191
170 195
170 198
171 12
171 13
171 14
171 16
171 17
171 18
171 19
171 33
171 36
171 37
171 38
171 39
171 52
171 54
171 55
171 56
171 57
171 58
171 59
171 72
171 73
171 74
171 75
171 77
171 78
171 79
171 92
171 93
171 94
171 96
171 97
171 99
171 114
171 115
171 116
171 132
171 133
171 134
171 136
171 137
171 138
171 139
171 152
171 154
171 155
171 156
171 157
171 158
171 172
171 176
171 177
171 178
171 194
171 195
171 196
172 13
172 14
172 15
172 16
172 17
172 18
172 19
172 33
172 34
172 35
172 36
172 37
172 38
172 53
172 54
172 56
172 57
172 58
172 59
172 73
172 74
172 75
172 76
172 77
172 78
172 79
172 95
172 96
172 97
172 98
172 99
172 115
172 116
172 117
172 118
172 119
172 133
172 135
172 136
172 137
172 138
172 139
172 153
172 154
172 157
172 158
172 159
172 173
172 176
172 178
172 179
172 193
172 196
173 16
173 18
173 34
173 38
173 39
173 54
173 56
173 57
173 75
173 78
173 95
173 99
173 116
173 134
173 136
173 138
173 156
173 157
173 158
173 177
173 178
173 197
174 15
174 16
174 18
174 35
174 37
174 38
174 39
174 55
174 56
174 58
174 59
174 75
174 76
174 78
174 79
174 95
174 96
174 97
174 98
174 99
174 115
174 116
174 117
174 118
174 119
174 138
174 139
174 155
174 156
174 157
174 158
174 175
174 176
174 177
174 178
174 179
174 195
174 196
174 197
174 198
174 199
175 76
175 118
176 37
176 77
176 98
176 99
176 118
176 119
176 137
176 177
176 198
176 199
177 18
177 38
177 58
177 59
177 98
177 99
177 139
177 158
177 178
177 198
178 19
178 59
178 99
178 139
178 159
180 3
180 4
180 7
180 9
180 10
180 12
180 13
180 14
180 18
180 24
180 25
180 27
180 28
180 30
180 32
180 33
180 36
180 41
180 44
180 45
180 46
180 48
180 50
180 51
180 52
180 55
180 59
180 63
180 71
180 73
180 76
180 78
180 85
180 87
180 88
180 91
180 92
180 93
180 96
180 101
180 104
180 105
180 106
180 109
180 111
180 112
180 116
180 119
180 122
180 125
180 128
180 129
180 131
180 132
180 133
180 134
180 136
180 138
180 139
180 143
180 144
180 145
180 146
180 150
180 151
180 152
180 154
180 156
180 163
180 167
180 168
180 170
180 173
180 174
180 176
180 178
180 182
180 183
180 185
180 189
180 190
180 191
180 192
180 193
180 196
180 197
181 2
181 3
181 4
181 5
181 6
181 7
181 8
181 9
181 11
181 12
181 13
181 14
181 15
181 16
181 17
181 18
181 19
181 22
181 23
181 24
181 26
181 27
181 28
181 29
181 30
181 31
181 32
181 33
181 34
181 35
181 36
181 37
181 38
181 39
181 42
181 43
181 44
181 45
181 46
181 47
181 49
181 50
181 51
181 52
181 53
181 54
181 56
181 57
181 58
181 59
181 62
181 63
181 64
181 65
181 66
181 67
181 68
181 69
181 70
181 72
181 73
181 74
181 75
181 76
181 77
181 78
181 79
181 82
181 83
181 84
181 85
181 86
181 87
181 88
181 89
181 90
181 91
181 92
181 93
181 94
181 95
181 96
181 97
181 98
181 99
181 102
181 103
181 104
181 105
181 106
181 107
181 108
181 109
181 110
181 111
181 112
181 113
181 114
181 115
181 116
181 117
181 118
181 119
181 122
181 123
181 124
181 125
181 127
181 128
181 129
181 130
181 132
181 133
181 134
181 135
181 136
181 137
181 139
181 142
181 143
181 144
181 145
181 146
181 147
181 148
181 149
181 150
181 151
181 152
181 153
181 154
181 156
181 157
181 158
181 159
181 162
181 164
181 165
181 166
181 167
181 168
181 170
181 171
181 175
181 176
181 178
181 179
181 182
181 183
181 184
181 185
181 186
181 187
181 188
181 189
181 190
181 191
181 192
181 193
181 194
181 195
181 196
181 197
181 198
181 199
182 3
182 4
182 5
182 6
182 7
182 8
182 9
182 10
182 11
182 12
182 13
182 14
182 15
182 16
182 18
182 19
182 23
182 24
182 25
182 26
182 27
182 29
182 30
182 31
182 32
182 33
182 34
182 35
182 36
182 37
182 38
182 43
182 44
182 45
182 46
182 47
182 48
182 49
182 50
182 51
182 52
182 53
182 54
182 55
182 56
182 57
182 58
182 59
182 63
182 64
182 65
182 66
182 67
182 68
182 69
182 70
182 71
182 72
182 73
182 74
182 75
182 76
182 77
182 78
182 79
182 83
182 84
182 85
182 86
182 87
182 88
182 89
182 90
182 91
182 92
182 93
182 94
182 95
182 96
182 97
182 98
182 99
182 103
182 104
182 105
182 106
182 108
182 109
182 110
182 111
182 112
182 113
182 114
182 115
182 116
182 117
182 118
182 119
182 123
182 124
182 125
182 126
182 127
182 128
182 129
182 130
182 131
182 132
182 133
182 134
182 135
182 136
182 137
182 138
182 139
182 143
182 144
182 145
182 146
182 147
182 149
182 150
182 151
182 152
182 153
182 154
182 155
182 156
182 157
182 158
182 159
182 163
182 164
182 165
182 166
182 167
182 168
182 169
182 170
182 171
182 172
182 173
182 174
182 175
182 176
182 177
182 178
182 179
182 183
182 184
182 185
182 186
182 187
182 188
182 189
182 190
182 191
182 192
182 193
182 194
182 195
182 196
182 197
182 198
182 199
183 4
183 7
183 10
183 11
183 14
183 17
183 19
183 27
183 31
183 36
183 38
183 48
183 49
183 50
183 51
183 52
183 53
183 70
183 71
183 72
183 85
183 86
183 87
183 91
183 92
183 93
183 98
183 105
183 109
183 110
183 111
183 113
183 114
183 116
183 117
183 124
183 125
183 128
183 130
183 135
183 139
183 146
183 150
183 153
183 164
183 172
183 177
183 184
183 186
183 192
183 195
183 196
184 5
184 6
184 7
184 8
184 9
184 10
184 11
184 12
184 14
184 15
184 16
184 17
184 18
184 19
184 25
184 26
184 27
184 28
184 29
184 30
184 31
184 36
184 37
184 39
184 46
184 47
184 48
184 49
184 50
184 51
184 52
184 53
184 54
184 55
184 56
184 57
184 58
184 59
184 65
184 66
184 68
184 71
184 72
184 74
184 75
184 76
184 77
184 78
184 79
184 85
184 86
184 87
184 88
184 89
184 91
184 92
184 95
184 96
184 99
184 105
184 107
184 108
184 109
184 110
184 111
184 112
184 113
184 114
184 115
184 116
184 118
184 119
184 126
184 127
184 128
184 129
184 130
184 131
184 132
184 133
184 134
184 135
184 136
184 137
184 139
184 146
184 147
184 148
184 149
184 150
184 152
184 154
184 156
184 157
184 158
184 165
184 166
184 167
184 168
184 169
184 170
184 171
184 172
184 175
184 176
184 177
184 178
184 185
184 186
184 188
184 190
184 191
184 192
184 193
184 194
184 196
184 198
184 199
185 12
185 15
185 19
185 92
185 111
185 135
185 150
185 151
186 8
186 10
186 11
186 12
186 15
186 16
186 18
186 27
186 29
186 30
186 32
186 33
186 34
186 36
186 37
186 38
186 39
186 50
186 59
186 69
186 70
186 73
186 74
186 76
186 77
186 78
186 79
186 89
186 93
186 96
186 99
186 107
186 110
186 111
186 112
186 114
186 115
186 117
186 130
186 134
186 138
186 139
186 147
186 148
186 153
186 155
186 156
186 170
186 175
186 178
186 179
186 187
186 188
186 191
186 194
186 195
186 197
186 198
186 199
187 59
188 10
188 12
188 13
188 14
188 15
188 17
188 29
188 30
188 32
188 34
188 35
188 37
188 39
188 49
188 52
188 53
188 55
188 56
188 57
188 58
188 59
188 70
188 71
188 73
188 74
188 79
188 90
188 91
188 92
188 94
188 95
188 96
188 109
188 113
188 114
188 116
188 131
188 135
188 138
188 139
188 151
188 152
188 153
188 155
188 156
188 159
188 171
188 175
188 177
188 189
188 191
188 194
188 196
188 199
189 56
189 71
189 172
189 196
190 13
190 14
190 15
190 17
190 33
190 35
190 37
190 39
190 56
190 57
190 71
190 72
190 73
190 92
190 94
190 98
190 113
190 114
190 115
190 117
190 132
190 133
190 134
190 139
190 151
190 156
190 171
190 174
190 176
190 177
190 196
190 198
190 199
191 15
191 16
191 35
191 36
191 37
191 39
191 55
191 56
191 72
191 73
191 76
191 77
191 92
191 114
191 115
191 134
191 135
191 136
191 137
191 152
191 153
191 157
191 158
191 159
191 174
191 175
191 177
191 193
191 197
192 14
192 18
192 19
192 35
192 53
192 54
192 58
192 73
192 74
192 76
192 93
192 94
192 96
192 97
192 98
192 116
192 117
192 118
192 138
192 139
192 153
192 154
192 155
192 158
192 159
192 175
192 178
192 193
192 194
192 195
192 196
193 15
193 17
193 98
193 155
193 195
193 197
193 199
194 15
194 16
194 17
194 18
194 19
194 35
194 36
194 37
194 38
194 39
194 55
194 56
194 57
194 58
194 59
194 75
194 76
194 77
194 78
194 79
194 95
194 96
194 97
194 98
194 99
194 115
194 116
194 117
194 118
194 119
194 135
194 136
194 138
194 139
194 155
194 156
194 157
194 158
194 159
194 175
194 176
194 177
194 178
194 179
194 195
194 196
194 197
194 198
194 199
195 16
195 17
195 18
195 19
195 36
195 37
195 38
195 39
195 57
195 58
195 59
195 76
195 77
195 78
195 79
195 96
195 97
195 98
195 99
195 116
195 117
195 118
195 119
195 136
195 137
195 138
195 139
195 156
195 157
195 158
195 159
195 176
195 177
195 178
195 179
195 197
195 198
195 199
196 17
196 18
196 19
196 37
196 38
196 57
196 58
196 59
196 78
196 79
196 97
196 98
196 99
196 117
196 119
196 138
196 139
196 157
196 158
196 159
196 177
196 179
196 197
196 198
196 199
197 39
197 79
197 119
197 139
198 19
198 39
198 59
198 99
198 119
198 139
198 159
198 179
198 199
