200
0 2000 3.4
1 2000 3.4
2 2000 3.3
3 2000 3.3
4 2000 3.3
5 2000 3.3
6 2000 3.2
7 2000 3.2
8 2000 3.2
9 2000 3.2
10 2000 3.2
11 2000 3.2
12 2000 3.4
13 2000 3.4
14 2000 3
15 2000 3
16 2000 3.2
17 2000 3.2
18 2000 3
19 2000 3
20 2000 3.2
21 2000 3.2
22 2000 3
23 2000 3
24 2000 3.5
25 2000 3.5
26 2000 3.1
27 2000 3.1
28 2000 3.2
29 2000 3.2
30 2000 3.5
31 2000 3.5
32 2000 3
33 2000 3
34 2000 3.3
35 2000 3.3
36 2000 3.4
37 2000 3.4
38 2000 3.3
39 2000 3.3
40 2000 3.5
41 2000 3.5
42 2000 3.4
43 2000 3.4
44 2000 3.5
45 2000 3.5
46 2000 3.5
47 2000 3.5
48 2000 3.3
49 2000 3.3
50 2000 3.1
51 2000 3.1
52 2000 3.2
53 2000 3.2
54 2000 3
55 2000 3
56 2000 3.3
57 2000 3.3
58 2000 3.1
59 2000 3.1
60 2000 3.1
61 2000 3.1
62 2000 3.1
63 2000 3.1
64 2000 3.3
65 2000 3.3
66 2000 3.4
67 2000 3.4
68 2000 3
69 2000 3
70 2000 3.2
71 2000 3.2
72 2000 3.1
73 2000 3.1
74 2000 3.5
75 2000 3.5
76 2000 3.3
77 2000 3.3
78 2000 3.5
79 2000 3.5
80 2000 3.2
81 2000 3.2
82 2000 3.5
83 2000 3.5
84 2000 3.5
85 2000 3.5
86 2000 3.3
87 2000 3.3
88 2000 3.3
89 2000 3.3
90 2000 3.2
91 2000 3.2
92 2000 3.2
93 2000 3.2
94 2000 3.5
95 2000 3.5
96 2000 3
97 2000 3
98 2000 3.1
99 2000 3.1
100 2000 3.1
101 2000 3.1
102 2000 3.2
103 2000 3.2
104 2000 3.3
105 2000 3.3
106 2000 3.4
107 2000 3.4
108 2000 3.2
109 2000 3.2
110 2000 3.2
111 2000 3.2
112 2000 3.2
113 2000 3.2
114 2000 3
115 2000 3
116 2000 3.2
117 2000 3.2
118 2000 3.1
119 2000 3.1
120 2000 3.2
121 2000 3.2
122 2000 3.1
123 2000 3.1
124 2000 3.5
125 2000 3.5
126 2000 3.3
127 2000 3.3
128 2000 3.2
129 2000 3.2
130 2000 3
131 2000 3
132 2000 3.3
133 2000 3.3
134 2000 3.3
135 2000 3.3
136 2000 3.4
137 2000 3.4
138 2000 3.3
139 2000 3.3
140 2000 3.1
141 2000 3.1
142 2000 3.3
143 2000 3.3
144 2000 3.5
145 2000 3.5
146 2000 3
147 2000 3
148 2000 3.2
149 2000 3.2
150 2000 3.2
151 2000 3.2
152 2000 3.4
153 2000 3.4
154 2000 3.5
155 2000 3.5
156 2000 3.3
157 2000 3.3
158 2000 3.1
159 2000 3.1
160 2000 3.1
161 2000 3.1
162 2000 3
163 2000 3
164 2000 3
165 2000 3
166 2000 3.1
167 2000 3.1
168 2000 3.1
169 2000 3.1
170 2000 3
171 2000 3
172 2000 3.5
173 2000 3.5
174 2000 3.2
175 2000 3.2
176 2000 3.3
177 2000 3.3
178 2000 3.4
179 2000 3.4
180 2000 3.4
181 2000 3.4
182 2000 3.5
183 2000 3.5
184 2000 3
185 2000 3
186 2000 3.5
187 2000 3.5
188 2000 3.5
189 2000 3.5
190 2000 3
191 2000 3
192 2000 3.3
193 2000 3.3
194 2000 3.4
195 2000 3.4
196 2000 3.1
197 2000 3.1
198 2000 3.3
199 2000 3.3
0 5
0 9
0 11
0 25
0 33
0 35
0 37
0 43
0 49
0 59
0 67
0 77
0 79
0 87
0 89
0 95
0 101
0 103
0 105
0 111
0 115
0 127
0 133
0 141
0 149
0 151
0 161
0 165
0 167
0 171
0 173
0 183
0 185
0 193
0 195
0 197
0 199
2 9
2 15
2 25
2 59
2 71
2 99
2 117
2 121
2 123
2 125
2 153
2 187
2 195
2 199
4 19
4 33
4 45
4 63
4 71
4 79
4 123
4 155
4 159
4 163
4 173
4 183
6 9
6 11
6 19
6 21
6 23
6 25
6 37
6 45
6 53
6 55
6 67
6 75
6 81
6 85
6 87
6 99
6 103
6 113
6 117
6 151
6 153
6 157
6 163
6 167
6 171
6 173
6 177
6 189
6 197
6 199
8 1
8 3
8 5
8 7
8 9
8 11
8 15
8 17
8 21
8 23
8 25
8 27
8 29
8 31
8 33
8 35
8 37
8 39
8 41
8 45
8 47
8 49
8 51
8 53
8 55
8 57
8 59
8 61
8 63
8 65
8 67
8 69
8 71
8 73
8 75
8 77
8 81
8 85
8 87
8 89
8 93
8 97
8 99
8 101
8 105
8 107
8 109
8 111
8 113
8 115
8 117
8 121
8 123
8 125
8 127
8 129
8 131
8 133
8 135
8 137
8 139
8 141
8 143
8 145
8 147
8 151
8 153
8 155
8 157
8 159
8 165
8 167
8 169
8 171
8 173
8 175
8 177
8 179
8 181
8 183
8 185
8 187
8 189
8 191
8 193
8 195
8 197
8 199
10 1
10 3
10 9
10 11
10 13
10 15
10 17
10 21
10 23
10 25
10 27
10 29
10 31
10 33
10 35
10 37
10 39
10 43
10 45
10 47
10 49
10 51
10 59
10 65
10 67
10 69
10 73
10 75
10 77
10 81
10 83
10 87
10 89
10 91
10 95
10 97
10 99
10 101
10 103
10 107
10 111
10 113
10 115
10 117
10 121
10 123
10 129
10 131
10 133
10 135
10 137
10 139
10 141
10 143
10 145
10 147
10 149
10 151
10 153
10 155
10 157
10 161
10 163
10 165
10 167
10 169
10 171
10 175
10 177
10 179
10 181
10 183
10 185
10 187
10 189
10 191
10 195
10 199
12 1
12 3
12 5
12 7
12 9
12 11
12 13
12 15
12 17
12 19
12 21
12 23
12 25
12 27
12 29
12 31
12 33
12 35
12 37
12 39
12 41
12 43
12 45
12 47
12 49
12 51
12 53
12 55
12 57
12 59
12 61
12 63
12 65
12 67
12 69
12 71
12 73
12 75
12 77
12 79
12 81
12 83
12 85
12 87
12 89
12 91
12 93
12 95
12 97
12 99
12 101
12 103
12 105
12 107
12 109
12 111
12 113
12 115
12 119
12 121
12 123
12 125
12 127
12 131
12 133
12 135
12 137
12 139
12 141
12 143
12 145
12 147
12 149
12 151
12 153
12 155
12 157
12 159
12 161
12 163
12 165
12 167
12 169
12 171
12 173
12 175
12 177
12 179
12 181
12 183
12 185
12 187
12 189
12 191
12 193
12 195
12 197
12 199
14 11
14 17
14 53
14 59
14 61
14 65
14 77
14 79
14 93
14 99
14 101
14 107
14 111
14 113
14 117
14 135
14 145
14 147
14 149
14 153
14 163
14 165
14 175
14 189
14 195
16 5
16 9
16 11
16 17
16 21
16 23
16 35
16 43
16 47
16 59
16 67
16 69
16 73
16 77
16 79
16 97
16 105
16 113
16 115
16 133
16 147
16 155
16 157
16 161
16 167
16 171
16 177
16 181
16 183
16 191
16 199
18 1
18 3
18 5
18 7
18 9
18 11
18 15
18 17
18 19
18 21
18 23
18 25
18 29
18 31
18 33
18 37
18 39
18 41
18 43
18 45
18 47
18 49
18 53
18 55
18 57
18 59
18 61
18 63
18 65
18 67
18 69
18 71
18 73
18 75
18 77
18 79
18 81
18 83
18 85
18 87
18 89
18 93
18 99
18 101
18 103
18 107
18 111
18 113
18 115
18 117
18 119
18 121
18 123
18 125
18 127
18 131
18 133
18 135
18 137
18 139
18 141
18 145
18 147
18 149
18 153
18 155
18 157
18 159
18 161
18 163
18 173
18 175
18 179
18 181
18 183
18 185
18 187
18 189
18 191
18 193
18 195
18 197
20 3
20 5
20 7
20 9
20 11
20 13
20 15
20 17
20 19
20 21
20 23
20 25
20 29
20 31
20 33
20 35
20 37
20 39
20 41
20 43
20 45
20 49
20 51
20 55
20 57
20 59
20 61
20 63
20 65
20 67
20 69
20 71
20 73
20 77
20 79
20 81
20 83
20 87
20 89
20 93
20 95
20 99
20 101
20 103
20 105
20 107
20 109
20 111
20 115
20 117
20 119
20 123
20 125
20 127
20 129
20 131
20 135
20 137
20 139
20 143
20 145
20 147
20 151
20 153
20 155
20 157
20 159
20 161
20 163
20 165
20 167
20 169
20 171
20 173
20 175
20 179
20 183
20 185
20 187
20 189
20 191
20 193
20 195
20 199
22 1
22 3
22 5
22 7
22 9
22 11
22 13
22 15
22 19
22 21
22 23
22 27
22 29
22 31
22 33
22 35
22 37
22 39
22 41
22 43
22 45
22 47
22 49
22 51
22 53
22 55
22 57
22 59
22 63
22 65
22 67
22 69
22 71
22 73
22 77
22 79
22 81
22 83
22 85
22 89
22 91
22 93
22 95
22 97
22 99
22 101
22 103
22 105
22 107
22 109
22 111
22 113
22 115
22 117
22 119
22 121
22 123
22 125
22 127
22 129
22 131
22 133
22 135
22 137
22 139
22 141
22 143
22 147
22 149
22 151
22 153
22 155
22 157
22 159
22 161
22 163
22 165
22 167
22 169
22 171
22 173
22 175
22 177
22 179
22 181
22 183
22 185
22 187
22 189
22 193
22 195
24 29
24 33
24 53
24 63
24 73
24 83
24 87
24 115
24 119
24 125
24 147
24 153
24 165
24 191
24 197
26 115
26 165
28 1
28 13
28 41
28 53
28 67
28 83
28 99
28 101
28 123
28 193
30 1
30 3
30 5
30 7
30 11
30 17
30 21
30 25
30 27
30 31
30 33
30 43
30 49
30 55
30 61
30 65
30 67
30 69
30 77
30 85
30 97
30 105
30 107
30 119
30 123
30 125
30 129
30 133
30 139
30 145
30 147
30 151
30 155
30 159
30 161
30 165
30 167
30 169
30 179
30 181
30 183
30 187
30 189
30 191
30 195
30 197
30 199
32 13
32 31
32 39
32 41
32 43
32 51
32 67
32 93
32 111
32 117
32 131
32 145
32 151
32 155
32 169
32 171
32 181
32 185
32 189
32 191
32 199
34 9
34 11
34 13
34 21
34 23
34 29
34 33
34 49
34 53
34 55
34 57
34 59
34 61
34 69
34 71
34 73
34 75
34 81
34 87
34 91
34 93
34 95
34 103
34 105
34 109
34 111
34 113
34 115
34 121
34 125
34 127
34 129
34 135
34 137
34 139
34 141
34 145
34 149
34 153
34 155
34 157
34 161
34 163
34 165
34 167
34 171
34 173
34 175
34 179
34 183
34 187
34 191
36 1
36 3
36 7
36 9
36 13
36 15
36 17
36 19
36 21
36 23
36 27
36 29
36 31
36 33
36 35
36 37
36 39
36 43
36 45
36 47
36 49
36 51
36 53
36 59
36 61
36 63
36 65
36 67
36 69
36 73
36 75
36 77
36 79
36 81
36 83
36 85
36 87
36 89
36 91
36 93
36 99
36 103
36 107
36 113
36 115
36 119
36 121
36 123
36 125
36 127
36 129
36 131
36 133
36 135
36 137
36 141
36 147
36 149
36 151
36 153
36 155
36 157
36 159
36 161
36 165
36 167
36 169
36 171
36 173
36 175
36 177
36 179
36 181
36 183
36 185
36 189
36 191
36 193
36 195
36 197
36 199
38 1
38 5
38 7
38 9
38 11
38 13
38 15
38 17
38 19
38 25
38 29
38 31
38 33
38 35
38 39
38 41
38 45
38 49
38 53
38 57
38 59
38 63
38 67
38 69
38 71
38 77
38 81
38 83
38 87
38 89
38 91
38 95
38 97
38 101
38 103
38 105
38 107
38 109
38 113
38 115
38 117
38 119
38 125
38 127
38 133
38 135
38 137
38 141
38 143
38 145
38 147
38 153
38 157
38 159
38 161
38 163
38 165
38 167
38 169
38 171
38 173
38 179
38 185
38 187
38 193
38 195
38 197
38 199
40 9
40 49
40 95
40 127
40 149
40 155
40 157
42 1
42 3
42 5
42 7
42 9
42 11
42 13
42 15
42 17
42 19
42 21
42 23
42 25
42 27
42 29
42 31
42 33
42 35
42 37
42 39
42 41
42 43
42 45
42 47
42 49
42 51
42 53
42 55
42 57
42 59
42 61
42 63
42 65
42 67
42 69
42 71
42 73
42 75
42 77
42 79
42 81
42 83
42 85
42 87
42 89
42 93
42 95
42 97
42 99
42 103
42 105
42 107
42 109
42 111
42 113
42 115
42 117
42 119
42 123
42 125
42 127
42 129
42 131
42 133
42 137
42 139
42 141
42 143
42 145
42 147
42 149
42 151
42 153
42 155
42 157
42 159
42 161
42 163
42 167
42 169
42 171
42 175
42 177
42 179
42 181
42 183
42 185
42 187
42 189
42 191
42 193
42 195
42 197
42 199
44 1
44 49
44 71
44 73
44 75
44 109
44 139
44 151
44 185
44 193
46 1
46 9
46 11
46 13
46 15
46 19
46 21
46 23
46 25
46 27
46 33
46 35
46 37
46 47
46 53
46 55
46 57
46 59
46 63
46 65
46 67
46 69
46 71
46 77
46 83
46 93
46 97
46 99
46 103
46 109
46 115
46 119
46 121
46 123
46 125
46 131
46 133
46 135
46 137
46 141
46 143
46 147
46 151
46 155
46 157
46 159
46 161
46 163
46 165
46 173
46 175
46 179
46 181
46 183
46 185
46 189
46 191
46 193
48 3
48 5
48 7
48 9
48 11
48 13
48 15
48 23
48 25
48 27
48 29
48 31
48 37
48 39
48 41
48 43
48 45
48 47
48 49
48 51
48 53
48 55
48 57
48 59
48 61
48 63
48 67
48 69
48 71
48 75
48 77
48 81
48 83
48 87
48 89
48 91
48 95
48 97
48 99
48 101
48 103
48 105
48 107
48 109
48 111
48 113
48 115
48 117
48 119
48 121
48 123
48 125
48 127
48 129
48 131
48 133
48 135
48 137
48 139
48 141
48 143
48 145
48 147
48 149
48 151
48 153
48 155
48 157
48 159
48 163
48 165
48 171
48 173
48 175
48 177
48 179
48 181
48 183
48 185
48 187
48 193
48 195
48 197
48 199
50 1
50 3
50 5
50 7
50 9
50 11
50 13
50 15
50 17
50 19
50 21
50 23
50 25
50 27
50 29
50 31
50 33
50 35
50 37
50 39
50 41
50 43
50 45
50 47
50 49
50 51
50 53
50 57
50 59
50 61
50 63
50 65
50 67
50 69
50 71
50 73
50 75
50 77
50 79
50 81
50 83
50 85
50 87
50 89
50 91
50 93
50 95
50 97
50 99
50 101
50 103
50 105
50 107
50 109
50 111
50 115
50 117
50 119
50 121
50 123
50 125
50 127
50 129
50 131
50 133
50 135
50 137
50 139
50 141
50 143
50 145
50 147
50 149
50 151
50 153
50 155
50 157
50 159
50 161
50 163
50 165
50 167
50 169
50 171
50 173
50 177
50 179
50 181
50 183
50 185
50 187
50 189
50 191
50 193
50 195
50 197
50 199
52 5
52 15
52 17
52 21
52 65
52 73
52 139
52 159
52 189
54 1
54 5
54 11
54 13
54 15
54 19
54 23
54 25
54 29
54 33
54 35
54 37
54 39
54 41
54 43
54 45
54 47
54 49
54 51
54 53
54 55
54 59
54 67
54 69
54 73
54 79
54 81
54 83
54 87
54 89
54 91
54 93
54 95
54 99
54 101
54 107
54 111
54 113
54 117
54 119
54 121
54 123
54 127
54 129
54 133
54 135
54 141
54 143
54 145
54 147
54 149
54 153
54 159
54 161
54 163
54 165
54 167
54 169
54 175
54 177
54 183
54 185
54 187
54 191
54 193
54 197
54 199
56 3
56 5
56 7
56 9
56 11
56 13
56 23
56 31
56 33
56 37
56 39
56 41
56 43
56 47
56 49
56 51
56 53
56 59
56 61
56 63
56 65
56 67
56 69
56 75
56 77
56 79
56 81
56 83
56 87
56 89
56 93
56 95
56 97
56 99
56 101
56 103
56 105
56 107
56 109
56 111
56 115
56 117
56 121
56 123
56 127
56 129
56 133
56 135
56 141
56 143
56 153
56 157
56 161
56 165
56 169
56 175
56 177
56 179
56 181
56 191
56 193
56 199
58 67
58 71
60 7
60 11
60 13
60 15
60 17
60 21
60 25
60 29
60 33
60 35
60 39
60 43
60 45
60 47
60 49
60 53
60 59
60 63
60 65
60 69
60 73
60 79
60 91
60 93
60 99
60 103
60 105
60 107
60 113
60 117
60 119
60 121
60 125
60 143
60 147
60 149
60 151
60 153
60 165
60 167
60 169
60 171
60 173
60 185
60 193
60 195
62 3
62 7
62 9
62 13
62 17
62 19
62 21
62 27
62 33
62 35
62 39
62 45
62 47
62 49
62 51
62 57
62 71
62 85
62 89
62 97
62 99
62 101
62 109
62 111
62 117
62 119
62 121
62 127
62 131
62 133
62 137
62 149
62 161
62 169
62 175
62 177
62 179
62 185
62 189
62 193
62 195
62 197
64 5
64 9
64 13
64 17
64 21
64 27
64 29
64 31
64 33
64 37
64 41
64 45
64 47
64 51
64 53
64 59
64 63
64 65
64 69
64 79
64 83
64 91
64 95
64 97
64 109
64 113
64 115
64 121
64 123
64 131
64 133
64 137
64 141
64 151
64 155
64 161
64 179
64 183
64 187
64 189
64 195
66 1
66 37
66 55
66 71
66 91
66 95
66 99
66 105
66 115
66 119
66 143
66 157
68 5
68 9
68 13
68 17
68 19
68 25
68 27
68 31
68 33
68 39
68 41
68 43
68 49
68 51
68 55
68 57
68 59
68 63
68 65
68 69
68 71
68 73
68 75
68 77
68 79
68 81
68 83
68 85
68 87
68 89
68 93
68 95
68 101
68 103
68 107
68 109
68 111
68 117
68 123
68 125
68 129
68 131
68 135
68 137
68 139
68 141
68 143
68 145
68 149
68 151
68 153
68 155
68 157
68 163
68 167
68 171
68 177
68 183
68 185
68 187
68 193
68 195
70 1
70 5
70 11
70 13
70 15
70 17
70 21
70 27
70 29
70 31
70 33
70 35
70 37
70 39
70 41
70 43
70 47
70 49
70 51
70 53
70 57
70 61
70 63
70 65
70 67
70 69
70 71
70 73
70 75
70 77
70 79
70 83
70 85
70 87
70 89
70 91
70 93
70 95
70 97
70 99
70 101
70 105
70 107
70 109
70 111
70 117
70 119
70 121
70 123
70 125
70 127
70 129
70 133
70 137
70 141
70 143
70 145
70 147
70 149
70 151
70 165
70 167
70 169
70 171
70 173
70 175
70 179
70 181
70 183
70 185
70 187
70 189
70 191
70 195
70 199
72 1
72 21
72 25
72 27
72 35
72 39
72 43
72 47
72 51
72 63
72 103
72 109
72 121
72 157
72 161
72 173
74 1
74 3
74 5
74 7
74 11
74 13
74 15
74 17
74 19
74 23
74 27
74 31
74 43
74 45
74 53
74 63
74 67
74 69
74 71
74 77
74 79
74 83
74 85
74 87
74 91
74 93
74 95
74 97
74 99
74 101
74 107
74 109
74 113
74 125
74 127
74 129
74 133
74 137
74 139
74 143
74 145
74 147
74 149
74 151
74 153
74 155
74 157
74 161
74 163
74 171
74 173
74 179
74 181
74 185
74 189
74 197
76 1
76 5
76 7
76 9
76 17
76 19
76 21
76 23
76 25
76 27
76 29
76 31
76 33
76 37
76 39
76 41
76 43
76 45
76 47
76 49
76 53
76 55
76 59
76 61
76 63
76 65
76 67
76 69
76 73
76 75
76 77
76 79
76 83
76 89
76 91
76 93
76 95
76 97
76 99
76 101
76 105
76 107
76 109
76 113
76 117
76 119
76 123
76 127
76 129
76 131
76 133
76 135
76 137
76 139
76 143
76 145
76 147
76 149
76 151
76 153
76 155
76 157
76 159
76 163
76 165
76 173
76 175
76 177
76 183
76 185
76 187
76 189
76 191
76 195
76 197
76 199
78 3
78 5
78 7
78 11
78 23
78 25
78 29
78 31
78 33
78 35
78 39
78 41
78 43
78 45
78 47
78 49
78 55
78 59
78 61
78 63
78 75
78 77
78 83
78 87
78 91
78 93
78 99
78 103
78 105
78 107
78 111
78 113
78 115
78 117
78 119
78 127
78 129
78 133
78 137
78 139
78 143
78 147
78 151
78 155
78 165
78 167
78 171
78 173
78 175
78 179
78 181
78 185
78 193
80 1
80 3
80 5
80 7
80 9
80 11
80 15
80 17
80 19
80 23
80 25
80 27
80 29
80 31
80 33
80 35
80 39
80 41
80 43
80 47
80 49
80 51
80 53
80 55
80 57
80 59
80 61
80 63
80 67
80 69
80 71
80 75
80 77
80 79
80 81
80 83
80 85
80 89
80 95
80 97
80 99
80 101
80 103
80 107
80 111
80 113
80 115
80 117
80 119
80 121
80 123
80 125
80 127
80 129
80 131
80 133
80 135
80 137
80 139
80 141
80 149
80 151
80 155
80 157
80 159
80 161
80 163
80 167
80 169
80 171
80 173
80 175
80 177
80 179
80 181
80 183
80 185
80 189
80 191
80 193
80 195
80 197
80 199
82 27
82 39
82 47
82 57
82 69
82 87
82 109
82 119
82 125
82 139
82 143
82 159
82 183
82 189
84 1
84 3
84 5
84 7
84 9
84 11
84 13
84 15
84 17
84 19
84 21
84 23
84 25
84 27
84 29
84 31
84 33
84 35
84 37
84 39
84 43
84 45
84 47
84 49
84 51
84 53
84 55
84 57
84 59
84 61
84 63
84 65
84 67
84 69
84 71
84 73
84 75
84 77
84 79
84 81
84 83
84 85
84 87
84 89
84 91
84 93
84 95
84 97
84 99
84 101
84 103
84 105
84 107
84 109
84 111
84 113
84 115
84 117
84 119
84 121
84 123
84 125
84 127
84 129
84 131
84 133
84 135
84 139
84 141
84 143
84 145
84 147
84 149
84 151
84 153
84 157
84 159
84 161
84 163
84 165
84 167
84 169
84 171
84 173
84 175
84 177
84 179
84 181
84 183
84 185
84 187
84 189
84 191
84 193
84 195
84 197
84 199
86 1
86 3
86 5
86 7
86 9
86 11
86 13
86 15
86 25
86 27
86 29
86 31
86 33
86 35
86 37
86 39
86 41
86 43
86 45
86 49
86 51
86 55
86 59
86 63
86 65
86 67
86 71
86 73
86 75
86 77
86 81
86 83
86 85
86 87
86 89
86 93
86 95
86 97
86 99
86 101
86 105
86 107
86 109
86 111
86 113
86 117
86 119
86 121
86 123
86 125
86 127
86 129
86 131
86 133
86 135
86 137
86 139
86 143
86 145
86 147
86 149
86 151
86 153
86 155
86 157
86 159
86 161
86 163
86 165
86 167
86 169
86 171
86 173
86 175
86 179
86 181
86 183
86 185
86 189
86 191
86 197
88 1
88 3
88 5
88 7
88 9
88 11
88 13
88 19
88 21
88 23
88 25
88 27
88 29
88 35
88 37
88 43
88 45
88 47
88 49
88 53
88 55
88 57
88 59
88 61
88 65
88 67
88 71
88 73
88 75
88 79
88 81
88 83
88 85
88 87
88 89
88 91
88 93
88 95
88 97
88 101
88 103
88 105
88 107
88 109
88 111
88 113
88 115
88 117
88 119
88 123
88 125
88 127
88 129
88 131
88 133
88 135
88 137
88 139
88 141
88 143
88 145
88 147
88 149
88 151
88 155
88 159
88 161
88 163
88 165
88 167
88 169
88 175
88 177
88 179
88 181
88 183
88 185
88 187
88 189
88 191
88 193
88 197
88 199
90 1
90 7
90 17
90 27
90 31
90 39
90 41
90 49
90 51
90 55
90 57
90 67
90 73
90 83
90 87
90 89
90 99
90 101
90 105
90 109
90 139
90 143
90 147
90 149
90 153
90 157
90 161
90 175
90 181
90 183
90 189
90 197
90 199
92 7
92 11
92 13
92 15
92 19
92 23
92 27
92 35
92 41
92 45
92 63
92 83
92 91
92 97
92 101
92 105
92 107
92 109
92 111
92 113
92 121
92 125
92 133
92 141
92 167
92 175
92 179
92 181
92 199
94 21
94 41
94 55
94 117
94 133
94 187
96 5
96 7
96 9
96 13
96 21
96 23
96 39
96 47
96 61
96 75
96 81
96 83
96 87
96 89
96 95
96 97
96 99
96 101
96 107
96 117
96 125
96 141
96 149
96 155
96 159
96 171
96 187
96 193
96 195
98 153
100 3
100 5
100 9
100 11
100 13
100 15
100 19
100 23
100 25
100 29
100 31
100 33
100 35
100 39
100 45
100 47
100 51
100 53
100 57
100 65
100 67
100 69
100 71
100 75
100 79
100 81
100 91
100 93
100 95
100 97
100 99
100 101
100 103
100 107
100 109
100 113
100 115
100 119
100 121
100 123
100 125
100 127
100 129
100 131
100 133
100 135
100 137
100 139
100 143
100 149
100 153
100 157
100 161
100 163
100 167
100 169
100 171
100 177
100 181
100 183
100 189
100 191
100 197
100 199
102 5
102 7
102 9
102 11
102 13
102 15
102 17
102 19
102 23
102 25
102 27
102 29
102 31
102 33
102 35
102 37
102 41
102 43
102 45
102 47
102 49
102 51
102 53
102 57
102 59
102 61
102 63
102 65
102 67
102 69
102 71
102 77
102 79
102 81
102 83
102 85
102 87
102 89
102 91
102 93
102 95
102 97
102 99
102 101
102 103
102 105
102 107
102 109
102 111
102 115
102 117
102 121
102 123
102 127
102 129
102 131
102 133
102 135
102 139
102 143
102 145
102 147
102 151
102 153
102 155
102 157
102 159
102 161
102 163
102 165
102 167
102 169
102 173
102 175
102 177
102 179
102 181
102 183
102 185
102 187
102 189
102 191
102 193
102 195
102 197
102 199
104 1
104 3
104 5
104 7
104 9
104 11
104 13
104 15
104 17
104 19
104 21
104 23
104 25
104 27
104 29
104 31
104 33
104 35
104 37
104 39
104 41
104 43
104 45
104 47
104 51
104 53
104 55
104 57
104 59
104 61
104 63
104 65
104 67
104 69
104 71
104 73
104 77
104 79
104 81
104 83
104 85
104 87
104 89
104 91
104 93
104 95
104 97
104 101
104 103
104 107
104 109
104 111
104 113
104 115
104 117
104 119
104 121
104 123
104 125
104 127
104 129
104 131
104 133
104 135
104 137
104 139
104 141
104 143
104 145
104 149
104 151
104 153
104 155
104 157
104 159
104 161
104 163
104 165
104 167
104 169
104 171
104 173
104 175
104 177
104 179
104 181
104 183
104 185
104 187
104 189
104 191
104 193
104 195
104 197
104 199
106 3
106 7
106 11
106 15
106 35
106 51
106 59
106 71
106 73
106 75
106 85
106 87
106 97
106 103
106 107
106 129
106 135
106 147
106 149
106 163
106 165
106 175
106 185
106 189
106 199
108 17
108 19
108 25
108 31
108 33
108 43
108 49
108 61
108 67
108 69
108 73
108 81
108 89
108 115
108 121
108 125
108 145
108 157
108 159
108 161
108 165
108 171
108 177
108 185
108 191
108 197
110 1
110 5
110 9
110 13
110 15
110 17
110 21
110 23
110 25
110 27
110 31
110 35
110 37
110 39
110 41
110 43
110 47
110 49
110 51
110 53
110 57
110 61
110 63
110 69
110 73
110 77
110 79
110 83
110 85
110 89
110 97
110 99
110 101
110 111
110 113
110 115
110 117
110 119
110 121
110 123
110 125
110 127
110 135
110 139
110 141
110 143
110 147
110 149
110 151
110 153
110 157
110 161
110 167
110 171
110 173
110 179
110 183
110 185
110 187
110 191
110 193
110 195
110 199
112 3
112 5
112 17
112 29
112 37
112 49
112 53
112 85
112 89
112 95
112 103
112 111
112 119
112 125
112 127
112 133
112 141
112 143
112 145
112 151
112 153
112 155
112 161
112 175
112 179
112 181
112 183
112 187
112 191
114 11
114 13
114 17
114 25
114 27
114 35
114 43
114 49
114 53
114 63
114 73
114 75
114 87
114 101
114 113
114 135
114 147
114 159
114 163
114 171
114 183
114 185
114 195
114 197
116 7
116 9
116 11
116 15
116 17
116 21
116 27
116 29
116 31
116 33
116 35
116 39
116 43
116 49
116 53
116 57
116 61
116 65
116 71
116 73
116 75
116 79
116 81
116 87
116 93
116 97
116 99
116 101
116 103
116 105
116 113
116 115
116 117
116 119
116 123
116 131
116 135
116 141
116 145
116 153
116 155
116 157
116 159
116 169
116 171
116 173
116 175
116 179
116 181
116 185
116 187
116 189
116 191
116 193
116 195
116 197
118 7
118 11
118 21
118 25
118 27
118 29
118 33
118 41
118 61
118 69
118 71
118 75
118 81
118 97
118 109
118 111
118 121
118 129
118 135
118 139
118 143
118 145
118 153
118 155
118 163
118 167
118 171
118 181
120 15
120 21
120 53
120 65
120 81
120 83
120 95
120 99
120 103
120 105
120 109
120 135
120 137
120 153
120 155
120 163
120 175
122 3
122 5
122 7
122 9
122 11
122 13
122 17
122 19
122 21
122 23
122 25
122 27
122 29
122 31
122 33
122 35
122 37
122 45
122 49
122 51
122 53
122 55
122 57
122 59
122 65
122 67
122 69
122 71
122 75
122 77
122 79
122 81
122 83
122 85
122 87
122 89
122 91
122 93
122 95
122 97
122 99
122 101
122 103
122 105
122 111
122 113
122 119
122 121
122 125
122 127
122 129
122 133
122 135
122 137
122 139
122 141
122 143
122 145
122 147
122 149
122 151
122 153
122 155
122 157
122 159
122 161
122 165
122 167
122 169
122 171
122 179
122 181
122 183
122 189
122 191
122 193
124 5
124 13
124 19
124 25
124 27
124 29
124 33
124 35
124 43
124 51
124 53
124 55
124 59
124 61
124 65
124 67
124 71
124 73
124 75
124 77
124 79
124 85
124 89
124 91
124 93
124 95
124 103
124 109
124 115
124 117
124 119
124 141
124 147
124 149
124 155
124 157
124 159
124 161
124 163
124 167
124 175
124 181
124 185
124 187
124 193
124 195
124 199
126 1
126 3
126 5
126 9
126 11
126 13
126 17
126 21
126 23
126 27
126 29
126 31
126 33
126 37
126 41
126 43
126 45
126 47
126 53
126 55
126 67
126 69
126 71
126 75
126 81
126 83
126 87
126 89
126 91
126 93
126 99
126 101
126 103
126 105
126 109
126 115
126 117
126 125
126 127
126 131
126 133
126 135
126 137
126 141
126 143
126 145
126 147
126 149
126 153
126 157
126 159
126 167
126 169
126 173
126 175
126 177
126 179
126 185
126 189
126 191
126 193
126 195
126 197
126 199
128 19
128 23
128 27
128 31
128 35
128 53
128 55
128 61
128 65
128 73
128 93
128 95
128 109
128 117
128 119
128 121
128 125
128 133
128 137
128 143
128 163
128 165
128 171
128 177
128 179
128 185
128 193
130 1
130 19
130 25
130 29
130 39
130 43
130 45
130 49
130 53
130 61
130 69
130 77
130 81
130 91
130 93
130 109
130 127
130 129
130 133
130 141
130 143
130 147
130 149
130 153
130 157
130 161
130 169
130 171
130 179
130 181
130 185
130 191
130 195
130 199
132 3
132 5
132 7
132 11
132 17
132 19
132 27
132 33
132 37
132 41
132 43
132 45
132 47
132 49
132 51
132 55
132 63
132 65
132 67
132 77
132 81
132 85
132 87
132 89
132 93
132 95
132 97
132 101
132 103
132 105
132 109
132 113
132 115
132 117
132 119
132 123
132 125
132 129
132 135
132 139
132 141
132 143
132 153
132 155
132 157
132 163
132 165
132 169
132 171
132 177
132 187
132 195
132 197
134 5
134 7
134 13
134 19
134 25
134 27
134 29
134 41
134 55
134 73
134 79
134 81
134 83
134 91
134 95
134 107
134 117
134 121
134 125
134 127
134 129
134 131
134 137
134 155
134 165
134 177
134 179
134 181
134 185
134 193
136 1
136 5
136 7
136 9
136 13
136 15
136 17
136 21
136 23
136 25
136 27
136 29
136 31
136 35
136 39
136 43
136 45
136 47
136 49
136 53
136 57
136 59
136 61
136 63
136 67
136 69
136 71
136 73
136 75
136 77
136 79
136 81
136 83
136 87
136 89
136 91
136 95
136 99
136 101
136 103
136 105
136 111
136 113
136 115
136 117
136 121
136 123
136 125
136 127
136 129
136 131
136 133
136 135
136 137
136 141
136 143
136 151
136 153
136 157
136 159
136 167
136 171
136 173
136 181
136 183
136 185
136 189
136 191
136 193
136 199
138 1
138 5
138 9
138 11
138 13
138 25
138 35
138 37
138 41
138 43
138 47
138 49
138 51
138 55
138 57
138 59
138 67
138 73
138 77
138 83
138 91
138 99
138 103
138 127
138 147
138 153
138 159
138 165
138 173
138 191
138 199
140 1
140 5
140 9
140 11
140 13
140 19
140 21
140 25
140 27
140 29
140 31
140 35
140 37
140 39
140 41
140 43
140 45
140 49
140 55
140 59
140 61
140 63
140 71
140 73
140 75
140 77
140 81
140 83
140 85
140 87
140 91
140 93
140 95
140 97
140 99
140 101
140 103
140 107
140 109
140 111
140 115
140 117
140 119
140 121
140 125
140 127
140 129
140 131
140 133
140 137
140 139
140 141
140 143
140 145
140 147
140 149
140 153
140 157
140 159
140 165
140 167
140 169
140 171
140 173
140 175
140 177
140 179
140 181
140 185
140 189
140 191
140 193
140 195
140 197
140 199
142 3
142 17
142 27
142 29
142 47
142 51
142 55
142 75
142 85
142 87
142 89
142 91
142 93
142 115
142 127
142 131
142 139
142 141
142 159
142 163
142 165
142 169
142 171
142 173
142 175
142 183
142 197
144 33
144 47
144 77
144 111
144 123
144 125
146 1
146 3
146 11
146 13
146 15
146 21
146 25
146 27
146 29
146 31
146 33
146 35
146 39
146 41
146 43
146 45
146 47
146 51
146 53
146 55
146 57
146 59
146 61
146 63
146 65
146 71
146 75
146 79
146 81
146 85
146 89
146 91
146 95
146 97
146 99
146 101
146 103
146 105
146 107
146 109
146 113
146 115
146 117
146 121
146 123
146 125
146 127
146 129
146 133
146 135
146 139
146 141
146 143
146 145
146 147
146 151
146 153
146 155
146 157
146 163
146 165
146 167
146 169
146 171
146 173
146 175
146 177
146 179
146 181
146 183
146 185
146 187
146 189
146 191
146 193
146 195
146 197
146 199
148 17
148 59
148 127
148 137
150 1
150 5
150 7
150 9
150 13
150 15
150 19
150 23
150 27
150 29
150 31
150 33
150 35
150 37
150 41
150 43
150 45
150 55
150 57
150 59
150 65
150 67
150 69
150 71
150 73
150 75
150 79
150 81
150 83
150 87
150 89
150 91
150 93
150 95
150 97
150 99
150 101
150 103
150 107
150 109
150 111
150 113
150 115
150 117
150 119
150 125
150 127
150 139
150 143
150 145
150 155
150 159
150 161
150 167
150 169
150 171
150 175
150 177
150 179
150 183
150 185
150 187
150 193
150 195
150 197
150 199
152 5
152 7
152 9
152 11
152 13
152 17
152 19
152 23
152 25
152 27
152 31
152 35
152 37
152 41
152 43
152 45
152 51
152 53
152 59
152 61
152 63
152 65
152 69
152 71
152 73
152 75
152 81
152 83
152 85
152 87
152 89
152 91
152 93
152 95
152 99
152 101
152 103
152 107
152 111
152 113
152 115
152 121
152 123
152 125
152 127
152 129
152 131
152 133
152 135
152 141
152 143
152 145
152 149
152 151
152 153
152 155
152 157
152 159
152 161
152 163
152 165
152 171
152 175
152 177
152 181
152 183
152 185
152 187
152 189
152 191
152 193
152 195
152 199
154 3
154 7
154 11
154 13
154 15
154 17
154 23
154 25
154 35
154 43
154 47
154 49
154 53
154 57
154 69
154 73
154 77
154 81
154 83
154 87
154 89
154 91
154 95
154 99
154 101
154 103
154 107
154 109
154 115
154 121
154 125
154 129
154 131
154 133
154 139
154 143
154 145
154 149
154 151
154 157
154 161
154 163
154 165
154 173
154 177
154 179
154 181
154 183
154 185
154 187
154 189
154 191
154 193
154 195
154 199
156 1
156 3
156 5
156 7
156 9
156 11
156 23
156 27
156 33
156 35
156 39
156 43
156 49
156 51
156 53
156 55
156 57
156 59
156 61
156 63
156 65
156 67
156 69
156 71
156 73
156 75
156 79
156 81
156 83
156 85
156 89
156 91
156 97
156 101
156 103
156 105
156 107
156 111
156 113
156 115
156 117
156 119
156 123
156 129
156 131
156 133
156 135
156 139
156 143
156 145
156 151
156 153
156 157
156 159
156 161
156 163
156 169
156 171
156 177
156 183
156 185
156 187
156 189
156 193
156 197
156 199
158 1
158 5
158 7
158 9
158 11
158 13
158 15
158 17
158 19
158 21
158 23
158 25
158 27
158 29
158 31
158 33
158 35
158 37
158 39
158 41
158 43
158 45
158 47
158 49
158 51
158 53
158 55
158 57
158 59
158 61
158 63
158 65
158 67
158 69
158 71
158 75
158 77
158 79
158 81
158 83
158 85
158 87
158 89
158 91
158 93
158 95
158 97
158 99
158 101
158 103
158 105
158 107
158 109
158 111
158 113
158 115
158 117
158 119
158 121
158 123
158 125
158 127
158 129
158 133
158 135
158 137
158 139
158 141
158 143
158 145
158 147
158 149
158 153
158 155
158 157
158 159
158 161
158 163
158 165
158 167
158 169
158 171
158 173
158 175
158 177
158 179
158 181
158 183
158 185
158 187
158 189
158 191
158 193
158 195
158 197
158 199
160 13
160 21
160 25
160 41
160 47
160 61
160 63
160 67
160 93
160 95
160 103
160 123
160 133
160 157
160 169
160 173
160 175
160 197
162 1
162 5
162 7
162 9
162 17
162 19
162 21
162 25
162 27
162 29
162 31
162 35
162 37
162 39
162 41
162 43
162 47
162 49
162 51
162 55
162 57
162 59
162 61
162 63
162 67
162 71
162 73
162 75
162 83
162 85
162 87
162 89
162 91
162 93
162 97
162 101
162 103
162 105
162 107
162 109
162 111
162 117
162 119
162 123
162 125
162 127
162 131
162 133
162 139
162 141
162 143
162 145
162 147
162 149
162 153
162 155
162 157
162 159
162 161
162 163
162 167
162 169
162 171
162 177
162 181
162 183
162 185
162 187
162 189
162 191
162 193
162 195
162 197
162 199
164 1
164 3
164 5
164 9
164 11
164 13
164 15
164 17
164 19
164 21
164 23
164 25
164 29
164 31
164 33
164 35
164 37
164 39
164 41
164 43
164 45
164 47
164 53
164 55
164 57
164 61
164 63
164 65
164 71
164 73
164 75
164 77
164 79
164 81
164 83
164 85
164 87
164 89
164 91
164 93
164 95
164 97
164 99
164 101
164 103
164 105
164 107
164 113
164 115
164 117
164 119
164 121
164 123
164 127
164 129
164 133
164 135
164 137
164 139
164 141
164 147
164 149
164 151
164 153
164 155
164 157
164 165
164 167
164 169
164 171
164 175
164 179
164 181
164 185
164 189
164 191
164 195
164 197
164 199
166 149
168 1
168 5
168 7
168 9
168 11
168 13
168 15
168 17
168 19
168 21
168 23
168 25
168 27
168 29
168 31
168 37
168 39
168 41
168 43
168 53
168 55
168 57
168 59
168 61
168 63
168 67
168 69
168 71
168 73
168 75
168 77
168 81
168 83
168 85
168 87
168 89
168 91
168 93
168 95
168 97
168 99
168 101
168 103
168 105
168 107
168 111
168 113
168 115
168 117
168 119
168 121
168 123
168 125
168 127
168 129
168 131
168 133
168 137
168 139
168 141
168 143
168 149
168 151
168 155
168 159
168 161
168 163
168 165
168 169
168 171
168 173
168 177
168 179
168 181
168 183
168 185
168 189
168 191
168 193
168 197
168 199
170 7
170 11
170 63
170 83
170 89
170 99
170 103
170 133
170 147
170 167
170 195
172 3
172 7
172 9
172 17
172 21
172 23
172 27
172 31
172 33
172 39
172 41
172 43
172 45
172 47
172 49
172 55
172 57
172 59
172 61
172 65
172 73
172 75
172 79
172 81
172 83
172 85
172 87
172 89
172 97
172 99
172 103
172 105
172 107
172 119
172 123
172 125
172 127
172 131
172 133
172 137
172 141
172 143
172 149
172 153
172 157
172 161
172 163
172 171
172 173
172 175
172 177
172 179
172 183
172 187
172 189
172 191
174 5
174 13
174 33
174 35
174 37
174 41
174 57
174 67
174 69
174 79
174 81
174 91
174 99
174 105
174 115
174 117
174 135
174 137
174 143
174 145
174 147
174 153
174 155
174 197
176 1
176 3
176 5
176 7
176 9
176 13
176 15
176 17
176 21
176 23
176 25
176 27
176 29
176 33
176 37
176 39
176 41
176 43
176 45
176 47
176 51
176 55
176 57
176 59
176 61
176 65
176 67
176 69
176 71
176 73
176 77
176 79
176 81
176 83
176 85
176 87
176 89
176 93
176 95
176 97
176 99
176 103
176 105
176 107
176 109
176 111
176 115
176 117
176 119
176 121
176 123
176 125
176 127
176 131
176 133
176 135
176 139
176 141
176 143
176 145
176 149
176 151
176 155
176 157
176 159
176 161
176 163
176 165
176 167
176 169
176 173
176 175
176 177
176 181
176 185
176 187
176 189
176 191
176 193
176 195
176 197
176 199
178 3
178 11
178 61
178 71
178 161
180 5
180 9
180 17
180 21
180 29
180 31
180 33
180 35
180 39
180 45
180 53
180 55
180 65
180 69
180 71
180 73
180 77
180 79
180 85
180 87
180 95
180 97
180 99
180 103
180 113
180 115
180 117
180 129
180 131
180 137
180 139
180 141
180 143
180 149
180 151
180 153
180 155
180 157
180 163
180 165
180 167
180 169
180 171
180 177
180 181
180 183
180 189
180 191
180 193
180 197
180 199
182 1
182 3
182 5
182 7
182 9
182 11
182 13
182 17
182 21
182 23
182 25
182 27
182 33
182 35
182 37
182 39
182 41
182 43
182 45
182 47
182 49
182 51
182 55
182 57
182 59
182 61
182 63
182 67
182 69
182 71
182 73
182 75
182 77
182 79
182 81
182 83
182 85
182 89
182 93
182 95
182 97
182 99
182 101
182 103
182 105
182 107
182 109
182 111
182 113
182 115
182 117
182 123
182 125
182 127
182 129
182 131
182 139
182 145
182 147
182 153
182 155
182 157
182 159
182 161
182 163
182 167
182 169
182 171
182 173
182 175
182 177
182 179
182 181
182 185
182 187
182 189
182 191
182 195
182 199
184 3
184 11
184 15
184 41
184 45
184 57
184 61
184 65
184 67
184 69
184 81
184 99
184 127
184 141
184 143
184 157
184 165
184 177
184 179
184 183
184 187
184 191
186 1
186 3
186 5
186 7
186 9
186 11
186 13
186 15
186 17
186 19
186 21
186 23
186 25
186 27
186 29
186 31
186 33
186 35
186 37
186 39
186 41
186 43
186 45
186 47
186 49
186 51
186 53
186 55
186 57
186 59
186 61
186 63
186 65
186 67
186 69
186 71
186 73
186 75
186 77
186 79
186 81
186 85
186 87
186 91
186 93
186 95
186 97
186 99
186 101
186 103
186 105
186 107
186 109
186 113
186 115
186 117
186 119
186 121
186 123
186 125
186 127
186 129
186 131
186 133
186 135
186 137
186 139
186 141
186 143
186 145
186 147
186 149
186 151
186 153
186 155
186 157
186 159
186 161
186 163
186 165
186 167
186 169
186 171
186 173
186 175
186 177
186 179
186 181
186 183
186 185
186 187
186 189
186 191
186 193
186 195
186 197
186 199
188 11
188 91
188 107
188 163
190 39
190 49
190 61
190 63
190 67
190 75
190 83
190 125
190 151
190 157
190 165
192 5
192 13
192 15
192 23
192 27
192 29
192 31
192 33
192 37
192 41
192 49
192 53
192 57
192 61
192 63
192 69
192 71
192 77
192 79
192 83
192 85
192 87
192 89
192 93
192 97
192 101
192 105
192 115
192 117
192 121
192 129
192 135
192 141
192 151
192 153
192 155
192 157
192 161
192 165
192 179
192 183
192 185
192 191
192 195
192 199
194 1
194 5
194 7
194 11
194 13
194 25
194 27
194 31
194 33
194 37
194 45
194 51
194 53
194 57
194 59
194 65
194 73
194 79
194 89
194 91
194 93
194 95
194 101
194 103
194 107
194 109
194 111
194 121
194 123
194 125
194 127
194 133
194 135
194 139
194 143
194 149
194 151
194 153
194 155
194 157
194 159
194 169
194 175
194 181
194 185
194 187
194 189
194 191
194 193
194 199
196 1
196 3
196 5
196 7
196 9
196 11
196 13
196 15
196 17
196 19
196 21
196 23
196 25
196 27
196 29
196 31
196 33
196 35
196 37
196 39
196 41
196 43
196 45
196 47
196 49
196 51
196 53
196 55
196 57
196 59
196 61
196 63
196 65
196 67
196 69
196 71
196 73
196 75
196 77
196 79
196 81
196 83
196 85
196 87
196 89
196 91
196 93
196 95
196 97
196 99
196 101
196 103
196 105
196 107
196 109
196 111
196 113
196 115
196 117
196 119
196 121
196 123
196 125
196 127
196 129
196 131
196 133
196 135
196 137
196 139
196 141
196 143
196 145
196 147
196 149
196 151
196 153
196 155
196 157
196 161
196 163
196 165
196 167
196 169
196 171
196 173
196 175
196 177
196 179
196 181
196 183
196 185
196 187
196 189
196 191
196 193
196 195
196 197
196 199
198 13
198 27
198 35
198 51
198 69
198 77
198 115
198 169
