20
0 40 3.1
1 40 3.1
2 40 3.1
3 40 3.1
4 40 3.1
5 40 3.1
6 40 3.1
7 40 3.1
8 40 3.1
9 40 3.1
10 40 4.4
11 40 4.4
12 40 4.4
13 40 4.4
14 40 4.4
15 40 4.4
16 40 4.4
17 40 4.4
18 40 4.4
19 40 4.4
0 3
0 6
0 7
0 9
0 11
0 13
0 15
0 16
0 17
0 18
0 19
1 2
1 3
1 4
1 5
1 6
1 9
1 13
1 14
1 17
2 4
2 5
2 6
2 8
2 9
2 13
2 14
2 15
2 17
2 18
2 19
3 4
3 7
3 9
3 18
3 19
4 6
4 7
4 15
4 17
5 6
5 7
5 8
5 9
5 16
5 17
5 18
6 7
7 19
8 19
10 2
10 5
10 7
10 11
10 16
10 17
11 2
11 4
11 6
11 7
11 8
11 12
11 14
11 19
12 7
13 6
13 7
14 6
15 6
15 7
15 8
15 9
15 16
15 17
15 19
16 7
16 9
16 18
16 19
17 8
18 19
