20
0 66 3.4
1 66 3.4
2 66 3.4
3 66 3.4
4 66 3.4
5 70 3.4
6 66 3.4
7 66 3.4
8 66 3.4
9 66 3.4
10 66 3.4
11 70 3.4
12 50 3.4
13 50 3.4
14 50 3.4
15 50 3.4
16 50 3.4
17 50 3.4
18 50 3.4
19 50 3.4
0 1
0 2
0 4
0 5
0 7
0 9
0 10
0 11
0 14
0 16
0 18
0 19
1 3
1 4
1 5
1 8
1 9
1 10
1 11
1 15
1 16
1 18
1 19
2 3
2 4
2 5
2 16
2 18
3 10
4 19
6 1
6 2
6 3
6 4
6 7
6 8
6 9
6 10
6 11
6 14
6 15
6 16
6 17
6 18
6 19
7 3
7 5
7 8
7 10
7 11
7 18
7 19
8 3
8 5
8 9
8 19
9 4
9 5
9 10
9 11
9 18
10 5
10 11
12 2
12 11
13 3
13 5
13 8
13 16
13 17
14 3
14 4
14 5
14 9
14 11
14 15
14 17
14 18
14 19
15 5
15 11
15 16
15 17
15 18
15 19
16 4
16 17
16 18
16 19
17 5
17 11
17 19
18 19
