20
0 80 3.2
1 80 3.2
2 80 3.2
3 80 3.2
4 80 3.2
5 80 2.7
6 80 2.7
7 80 2.7
8 80 2.7
9 80 2.7
10 80 3.2
11 80 3.2
12 80 3.2
13 80 3.2
14 80 3.2
15 80 2.8
16 80 2.8
17 80 2.8
18 80 2.8
19 80 2.8
0 3
0 4
0 7
0 9
0 11
0 12
1 4
2 3
2 4
2 8
2 9
2 13
2 19
3 14
5 1
5 4
5 8
5 9
5 12
5 18
6 3
7 4
7 8
7 14
7 18
7 19
8 19
10 1
10 2
10 3
10 6
10 7
10 8
10 11
10 17
10 19
11 2
11 4
11 7
11 8
11 9
11 12
11 13
11 14
12 3
12 4
12 8
12 9
12 13
12 19
13 14
15 8
15 9
15 11
15 14
15 16
15 17
15 18
15 19
16 13
17 3
17 4
17 19
18 9
18 19
