20
0 100 2.6
1 100 2.6
2 100 2.6
3 100 2.6
4 100 2.7
5 100 2.7
6 100 2.7
7 100 2.7
8 100 2.6
9 100 2.6
10 100 2.6
11 100 2.6
12 100 2.7
13 100 2.7
14 100 2.7
15 100 2.7
16 100 2.8
17 100 2.8
18 100 2.8
19 100 2.8
0 6
0 13
0 17
1 3
1 6
1 19
2 3
2 15
4 1
4 2
4 3
4 5
4 6
4 7
4 9
4 10
4 11
4 15
4 17
4 18
4 19
5 2
5 7
5 14
5 15
5 19
6 11
8 1
8 2
8 3
8 5
8 6
8 7
8 9
8 10
8 11
8 13
8 14
8 15
8 17
8 18
9 2
9 6
9 7
9 10
9 11
9 15
9 18
9 19
10 15
12 10
13 2
13 3
13 6
13 10
13 11
13 14
13 18
13 19
14 3
14 7
14 19
16 3
16 10
17 2
17 7
17 10
17 11
17 15
18 11
18 19
