300
0 3000 3.2
1 3000 3.2
2 3000 4.2
3 3000 4.2
4 3000 3
5 3000 3
6 3000 4.3
7 3000 4.3
8 3000 3.8
9 3000 3.8
10 3000 3.7
11 3000 3.7
12 3000 3.5
13 3000 3.5
14 3000 3.5
15 3000 3.5
16 3000 3.6
17 3000 3.6
18 3000 3.4
19 3000 3.4
20 3000 4.2
21 3000 4.2
22 3000 4
23 3000 4
24 3000 4.2
25 3000 4.2
26 3000 2.9
27 3000 2.9
28 3000 4.3
29 3000 4.3
30 3000 3.2
31 3000 3.2
32 3000 3.9
33 3000 3.9
34 3000 3.1
35 3000 3.1
36 3000 2.9
37 3000 2.9
38 3000 3.7
39 3000 3.7
40 3000 4
41 3000 4
42 3000 3.1
43 3000 3.1
44 3000 4.1
45 3000 4.1
46 3000 4.4
47 3000 4.4
48 3000 2.9
49 3000 2.9
50 3000 4
51 3000 4
52 3000 3
53 3000 3
54 3000 4.1
55 3000 4.1
56 3000 3.4
57 3000 3.4
58 3000 2.9
59 3000 2.9
60 3000 3.9
61 3000 3.9
62 3000 2.9
63 3000 2.9
64 3000 2.9
65 3000 2.9
66 3000 4.2
67 3000 4.2
68 3000 4.2
69 3000 4.2
70 3000 3.3
71 3000 3.3
72 3000 3.5
73 3000 3.5
74 3000 4.4
75 3000 4.4
76 3000 3.5
77 3000 3.5
78 3000 4
79 3000 4
80 3000 3.2
81 3000 3.2
82 3000 3.6
83 3000 3.6
84 3000 3.3
85 3000 3.3
86 3000 3.1
87 3000 3.1
88 3000 3.8
89 3000 3.8
90 3000 4
91 3000 4
92 3000 3
93 3000 3
94 3000 4
95 3000 4
96 3000 3.7
97 3000 3.7
98 3000 4.3
99 3000 4.3
100 3000 3.6
101 3000 3.6
102 3000 4.1
103 3000 4.1
104 3000 2.9
105 3000 2.9
106 3000 3.1
107 3000 3.1
108 3000 3
109 3000 3
110 3000 3
111 3000 3
112 3000 3.2
113 3000 3.2
114 3000 3.9
115 3000 3.9
116 3000 2.9
117 3000 2.9
118 3000 3.8
119 3000 3.8
120 3000 4.3
121 3000 4.3
122 3000 3.3
123 3000 3.3
124 3000 2.9
125 3000 2.9
126 3000 4.4
127 3000 4.4
128 3000 3.8
129 3000 3.8
130 3000 3.6
131 3000 3.6
132 3000 4
133 3000 4
134 3000 3.6
135 3000 3.6
136 3000 4.2
137 3000 4.2
138 3000 3.9
139 3000 3.9
140 3000 4
141 3000 4
142 3000 4.2
143 3000 4.2
144 3000 3.5
145 3000 3.5
146 3000 3.4
147 3000 3.4
148 3000 3.4
149 3000 3.4
150 3000 3.7
151 3000 3.7
152 3000 3.8
153 3000 3.8
154 3000 4.1
155 3000 4.1
156 3000 3.3
157 3000 3.3
158 3000 3.3
159 3000 3.3
160 3000 3.6
161 3000 3.6
162 3000 3.8
163 3000 3.8
164 3000 3.3
165 3000 3.3
166 3000 2.9
167 3000 2.9
168 3000 3.1
169 3000 3.1
170 3000 3.7
171 3000 3.7
172 3000 3
173 3000 3
174 3000 3.4
175 3000 3.4
176 3000 2.9
177 3000 2.9
178 3000 3.9
179 3000 3.9
180 3000 4.4
181 3000 4.4
182 3000 3.8
183 3000 3.8
184 3000 4.3
185 3000 4.3
186 3000 3.1
187 3000 3.1
188 3000 4
189 3000 4
190 3000 3.2
191 3000 3.2
192 3000 3.6
193 3000 3.6
194 3000 3.3
195 3000 3.3
196 3000 3
197 3000 3
198 3000 4.4
199 3000 4.4
200 3000 3.4
201 3000 3.4
202 3000 4.4
203 3000 4.4
204 3000 4.4
205 3000 4.4
206 3000 3.3
207 3000 3.3
208 3000 3.6
209 3000 3.6
210 3000 3.7
211 3000 3.7
212 3000 3.9
213 3000 3.9
214 3000 3.4
215 3000 3.4
216 3000 3.2
217 3000 3.2
218 3000 3.8
219 3000 3.8
220 3000 2.9
221 3000 2.9
222 3000 3.4
223 3000 3.4
224 3000 4.3
225 3000 4.3
226 3000 3.9
227 3000 3.9
228 3000 4.3
229 3000 4.3
230 3000 4.3
231 3000 4.3
232 3000 3.9
233 3000 3.9
234 3000 4.4
235 3000 4.4
236 3000 3.2
237 3000 3.2
238 3000 3.2
239 3000 3.2
240 3000 4.4
241 3000 4.4
242 3000 3
243 3000 3
244 3000 3.3
245 3000 3.3
246 3000 3.3
247 3000 3.3
248 3000 4.3
249 3000 4.3
250 3000 3.1
251 3000 3.1
252 3000 3
253 3000 3
254 3000 3.1
255 3000 3.1
256 3000 3
257 3000 3
258 3000 4
259 3000 4
260 3000 3.7
261 3000 3.7
262 3000 3.3
263 3000 3.3
264 3000 3.6
265 3000 3.6
266 3000 3.7
267 3000 3.7
268 3000 3.8
269 3000 3.8
270 3000 3.9
271 3000 3.9
272 3000 4.4
273 3000 4.4
274 3000 3.6
275 3000 3.6
276 3000 3.9
277 3000 3.9
278 272 2.9
279 272 2.9
280 272 2.9
281 272 2.9
282 272 2.9
283 272 2.9
284 272 2.9
285 272 2.9
286 272 2.9
287 272 2.9
288 272 2.9
289 272 2.9
290 272 2.9
291 272 2.9
292 272 2.9
293 272 2.9
294 272 2.9
295 272 2.9
296 272 2.9
297 272 2.9
298 272 2.9
299 288 2.9
0 3
0 7
0 9
0 11
0 13
0 15
0 19
0 25
0 29
0 31
0 33
0 35
0 37
0 39
0 43
0 45
0 49
0 51
0 55
0 57
0 59
0 61
0 67
0 71
0 73
0 75
0 77
0 79
0 81
0 85
0 87
0 89
0 91
0 93
0 95
0 99
0 101
0 103
0 105
0 111
0 113
0 117
0 121
0 123
0 125
0 127
0 131
0 133
0 135
0 141
0 143
0 147
0 149
0 151
0 153
0 155
0 157
0 159
0 165
0 167
0 169
0 171
0 177
0 179
0 181
0 183
0 185
0 187
0 189
0 191
0 193
0 195
0 197
0 199
0 203
0 209
0 211
0 215
0 217
0 219
0 227
0 229
0 231
0 233
0 241
0 243
0 245
0 247
0 249
0 251
0 253
0 255
0 257
0 263
0 265
0 267
0 269
0 271
0 273
0 275
0 277
0 290
0 291
0 292
0 293
0 294
0 295
0 296
0 297
0 298
2 5
2 19
2 27
2 29
2 31
2 33
2 41
2 49
2 53
2 57
2 59
2 65
2 75
2 77
2 79
2 87
2 91
2 101
2 103
2 107
2 111
2 113
2 125
2 135
2 137
2 141
2 143
2 147
2 151
2 155
2 157
2 167
2 169
2 171
2 177
2 197
2 205
2 207
2 221
2 231
2 247
2 249
2 267
2 277
2 296
2 298
2 299
4 1
4 5
4 7
4 9
4 13
4 15
4 21
4 23
4 25
4 27
4 31
4 39
4 41
4 45
4 47
4 51
4 55
4 57
4 59
4 61
4 63
4 67
4 69
4 71
4 73
4 75
4 79
4 81
4 83
4 85
4 87
4 89
4 93
4 95
4 97
4 99
4 101
4 103
4 105
4 107
4 109
4 111
4 113
4 117
4 119
4 123
4 125
4 127
4 129
4 131
4 133
4 135
4 141
4 143
4 147
4 151
4 153
4 155
4 157
4 161
4 165
4 169
4 173
4 175
4 177
4 179
4 181
4 183
4 185
4 187
4 189
4 191
4 193
4 197
4 199
4 203
4 209
4 211
4 215
4 217
4 219
4 221
4 223
4 225
4 227
4 231
4 235
4 237
4 239
4 245
4 249
4 251
4 253
4 255
4 259
4 263
4 265
4 267
4 269
4 273
4 277
4 290
4 291
4 292
4 294
4 295
4 298
6 3
6 5
6 7
6 11
6 19
6 21
6 25
6 27
6 29
6 31
6 33
6 35
6 37
6 39
6 41
6 43
6 45
6 49
6 51
6 55
6 57
6 63
6 65
6 67
6 69
6 75
6 77
6 79
6 81
6 83
6 85
6 91
6 95
6 97
6 99
6 103
6 109
6 113
6 115
6 117
6 119
6 123
6 125
6 127
6 129
6 133
6 135
6 137
6 139
6 141
6 143
6 145
6 149
6 151
6 153
6 155
6 157
6 159
6 163
6 165
6 167
6 169
6 171
6 175
6 179
6 181
6 183
6 185
6 189
6 195
6 197
6 203
6 205
6 207
6 211
6 215
6 217
6 221
6 223
6 225
6 227
6 231
6 233
6 235
6 237
6 239
6 241
6 243
6 245
6 247
6 251
6 255
6 257
6 261
6 263
6 265
6 267
6 269
6 275
6 277
6 290
6 291
6 292
6 293
6 295
6 297
6 299
8 3
8 5
8 9
8 11
8 15
8 17
8 19
8 21
8 23
8 25
8 27
8 29
8 31
8 33
8 35
8 41
8 43
8 45
8 47
8 51
8 55
8 59
8 61
8 65
8 67
8 69
8 71
8 75
8 79
8 83
8 85
8 87
8 91
8 93
8 95
8 97
8 101
8 103
8 107
8 109
8 111
8 117
8 121
8 123
8 133
8 137
8 139
8 141
8 145
8 149
8 151
8 153
8 155
8 157
8 159
8 161
8 165
8 169
8 173
8 175
8 177
8 179
8 181
8 183
8 185
8 187
8 201
8 207
8 209
8 211
8 213
8 219
8 221
8 223
8 225
8 227
8 231
8 233
8 235
8 237
8 241
8 247
8 249
8 251
8 259
8 261
8 265
8 267
8 273
8 291
8 292
8 295
8 296
8 297
8 298
8 299
10 3
10 11
10 13
10 15
10 17
10 19
10 25
10 29
10 35
10 37
10 39
10 41
10 43
10 45
10 51
10 59
10 61
10 69
10 73
10 75
10 81
10 83
10 87
10 99
10 107
10 109
10 115
10 117
10 119
10 121
10 125
10 129
10 135
10 139
10 145
10 147
10 151
10 157
10 161
10 163
10 171
10 173
10 177
10 179
10 181
10 183
10 189
10 193
10 199
10 207
10 211
10 215
10 217
10 221
10 227
10 229
10 233
10 237
10 243
10 247
10 255
10 257
10 263
10 265
10 267
10 269
10 273
10 275
10 290
10 293
10 295
10 296
10 298
12 1
12 29
12 41
12 47
12 51
12 63
12 145
12 159
12 217
14 3
14 5
14 7
14 11
14 13
14 15
14 19
14 23
14 25
14 27
14 29
14 31
14 33
14 35
14 37
14 45
14 47
14 49
14 51
14 55
14 63
14 65
14 67
14 69
14 73
14 75
14 77
14 81
14 83
14 87
14 93
14 95
14 97
14 99
14 101
14 103
14 107
14 109
14 111
14 113
14 115
14 119
14 121
14 123
14 125
14 127
14 129
14 131
14 133
14 135
14 137
14 139
14 141
14 145
14 147
14 149
14 151
14 153
14 157
14 159
14 161
14 163
14 165
14 169
14 171
14 173
14 177
14 183
14 185
14 187
14 189
14 193
14 195
14 199
14 201
14 203
14 205
14 207
14 209
14 211
14 215
14 219
14 221
14 223
14 227
14 229
14 233
14 235
14 237
14 241
14 243
14 245
14 247
14 251
14 255
14 261
14 263
14 265
14 269
14 273
14 275
14 277
14 290
14 291
14 292
14 293
14 294
14 295
14 297
14 298
14 299
16 1
16 3
16 5
16 7
16 13
16 15
16 19
16 23
16 25
16 27
16 29
16 31
16 35
16 37
16 45
16 47
16 49
16 55
16 57
16 61
16 63
16 67
16 69
16 71
16 73
16 75
16 79
16 81
16 83
16 85
16 87
16 89
16 91
16 95
16 97
16 99
16 101
16 103
16 105
16 107
16 109
16 111
16 113
16 115
16 123
16 125
16 127
16 133
16 135
16 139
16 141
16 143
16 145
16 151
16 153
16 161
16 163
16 167
16 169
16 175
16 179
16 187
16 195
16 197
16 201
16 203
16 205
16 209
16 227
16 233
16 235
16 243
16 245
16 247
16 249
16 251
16 261
16 273
16 275
16 277
16 291
16 292
16 293
16 296
16 299
18 3
18 7
18 15
18 17
18 21
18 45
18 47
18 51
18 65
18 71
18 113
18 151
18 153
18 155
18 169
18 179
18 185
18 191
18 193
18 215
18 241
18 257
18 261
18 263
18 271
18 292
18 294
20 1
20 3
20 7
20 23
20 51
20 61
20 69
20 85
20 89
20 97
20 105
20 109
20 111
20 113
20 121
20 129
20 137
20 145
20 157
20 195
20 199
20 207
20 231
20 245
20 261
20 290
20 296
22 1
22 3
22 5
22 11
22 13
22 25
22 27
22 29
22 35
22 37
22 39
22 41
22 43
22 45
22 49
22 51
22 53
22 57
22 59
22 63
22 67
22 69
22 75
22 77
22 79
22 85
22 87
22 89
22 91
22 93
22 95
22 97
22 99
22 101
22 109
22 111
22 113
22 115
22 123
22 127
22 129
22 133
22 139
22 143
22 149
22 153
22 155
22 157
22 159
22 163
22 165
22 167
22 169
22 171
22 173
22 175
22 179
22 183
22 185
22 187
22 193
22 195
22 199
22 203
22 205
22 207
22 209
22 219
22 221
22 223
22 227
22 229
22 231
22 233
22 239
22 243
22 245
22 249
22 251
22 253
22 255
22 257
22 261
22 265
22 267
22 271
22 273
22 277
22 291
22 293
22 294
22 295
22 296
22 297
22 299
24 3
24 11
24 13
24 17
24 19
24 21
24 23
24 25
24 27
24 31
24 33
24 35
24 37
24 41
24 47
24 49
24 51
24 55
24 57
24 67
24 85
24 91
24 93
24 95
24 101
24 103
24 105
24 107
24 109
24 111
24 115
24 119
24 123
24 125
24 129
24 131
24 133
24 137
24 141
24 143
24 145
24 147
24 149
24 151
24 153
24 159
24 163
24 167
24 173
24 179
24 181
24 183
24 185
24 189
24 191
24 195
24 197
24 201
24 203
24 207
24 211
24 213
24 215
24 217
24 219
24 221
24 225
24 229
24 231
24 235
24 237
24 239
24 241
24 243
24 245
24 249
24 251
24 255
24 257
24 259
24 263
24 267
24 269
24 273
24 290
24 291
24 292
24 294
24 295
24 296
24 298
26 1
26 3
26 5
26 11
26 13
26 15
26 17
26 21
26 25
26 27
26 29
26 31
26 35
26 37
26 41
26 43
26 45
26 49
26 51
26 53
26 57
26 59
26 61
26 63
26 65
26 67
26 69
26 71
26 73
26 75
26 77
26 81
26 83
26 85
26 87
26 89
26 91
26 93
26 95
26 97
26 99
26 101
26 103
26 105
26 107
26 113
26 115
26 117
26 119
26 121
26 123
26 125
26 127
26 129
26 135
26 139
26 141
26 143
26 149
26 151
26 153
26 155
26 157
26 159
26 165
26 167
26 169
26 171
26 175
26 177
26 181
26 187
26 189
26 191
26 193
26 195
26 197
26 201
26 205
26 207
26 211
26 213
26 219
26 221
26 223
26 225
26 229
26 231
26 235
26 237
26 239
26 241
26 245
26 247
26 249
26 251
26 257
26 259
26 261
26 263
26 265
26 269
26 273
26 275
26 277
26 291
26 292
26 293
26 294
26 295
26 296
26 297
26 298
26 299
28 1
28 3
28 5
28 7
28 9
28 11
28 13
28 15
28 17
28 19
28 21
28 23
28 25
28 27
28 29
28 31
28 33
28 35
28 37
28 39
28 41
28 45
28 49
28 51
28 53
28 55
28 57
28 59
28 61
28 63
28 65
28 67
28 69
28 71
28 73
28 75
28 77
28 79
28 81
28 83
28 85
28 89
28 91
28 93
28 95
28 97
28 99
28 101
28 103
28 105
28 107
28 109
28 111
28 113
28 115
28 117
28 119
28 121
28 123
28 125
28 127
28 129
28 131
28 133
28 135
28 137
28 139
28 141
28 143
28 145
28 147
28 149
28 151
28 153
28 155
28 157
28 159
28 161
28 163
28 165
28 167
28 169
28 173
28 175
28 177
28 179
28 181
28 183
28 185
28 187
28 189
28 191
28 193
28 195
28 197
28 199
28 201
28 203
28 205
28 207
28 209
28 211
28 213
28 215
28 217
28 219
28 221
28 223
28 225
28 227
28 229
28 231
28 233
28 235
28 237
28 239
28 241
28 243
28 245
28 247
28 249
28 251
28 253
28 255
28 257
28 259
28 261
28 263
28 267
28 269
28 271
28 273
28 275
28 277
28 290
28 291
28 292
28 293
28 294
28 295
28 296
28 297
28 298
28 299
30 7
30 9
30 11
30 17
30 25
30 33
30 41
30 45
30 49
30 51
30 61
30 81
30 91
30 95
30 111
30 113
30 123
30 131
30 135
30 137
30 139
30 147
30 151
30 157
30 161
30 165
30 167
30 171
30 179
30 181
30 183
30 191
30 195
30 199
30 203
30 211
30 229
30 237
30 249
30 251
30 255
30 257
30 261
30 267
30 269
30 294
30 298
30 299
32 1
32 7
32 9
32 11
32 13
32 25
32 27
32 29
32 31
32 35
32 43
32 45
32 47
32 53
32 55
32 57
32 63
32 65
32 67
32 69
32 71
32 75
32 77
32 81
32 85
32 89
32 91
32 93
32 95
32 97
32 99
32 103
32 105
32 107
32 115
32 121
32 123
32 125
32 127
32 129
32 131
32 137
32 139
32 143
32 147
32 149
32 151
32 155
32 157
32 159
32 161
32 163
32 165
32 169
32 173
32 175
32 177
32 179
32 181
32 183
32 185
32 187
32 189
32 191
32 193
32 195
32 201
32 203
32 205
32 207
32 209
32 213
32 215
32 219
32 221
32 223
32 225
32 229
32 231
32 233
32 235
32 237
32 239
32 241
32 245
32 247
32 253
32 255
32 257
32 259
32 263
32 265
32 267
32 269
32 271
32 273
32 290
32 291
32 292
32 297
32 298
32 299
34 3
34 5
34 7
34 9
34 13
34 15
34 17
34 21
34 29
34 31
34 33
34 35
34 37
34 39
34 41
34 45
34 47
34 49
34 51
34 53
34 59
34 61
34 65
34 71
34 73
34 75
34 77
34 79
34 81
34 87
34 89
34 93
34 97
34 101
34 103
34 109
34 113
34 115
34 117
34 119
34 121
34 123
34 127
34 129
34 131
34 133
34 135
34 137
34 139
34 141
34 147
34 151
34 153
34 155
34 157
34 159
34 161
34 163
34 165
34 167
34 171
34 173
34 175
34 177
34 181
34 185
34 187
34 193
34 195
34 197
34 203
34 209
34 213
34 215
34 217
34 221
34 223
34 227
34 229
34 231
34 237
34 239
34 241
34 247
34 249
34 251
34 255
34 261
34 263
34 265
34 267
34 269
34 271
34 277
34 290
34 292
34 293
34 298
36 5
36 7
36 9
36 11
36 13
36 15
36 17
36 19
36 21
36 23
36 25
36 27
36 35
36 37
36 41
36 43
36 47
36 49
36 51
36 53
36 59
36 63
36 65
36 67
36 69
36 71
36 73
36 75
36 79
36 81
36 83
36 85
36 89
36 91
36 93
36 99
36 103
36 105
36 109
36 111
36 113
36 115
36 117
36 119
36 121
36 123
36 127
36 129
36 131
36 133
36 135
36 139
36 145
36 147
36 149
36 151
36 153
36 155
36 159
36 161
36 163
36 165
36 169
36 171
36 173
36 175
36 177
36 181
36 183
36 185
36 187
36 189
36 191
36 195
36 199
36 201
36 203
36 205
36 207
36 209
36 211
36 213
36 215
36 217
36 219
36 221
36 225
36 227
36 229
36 231
36 233
36 235
36 239
36 241
36 243
36 245
36 247
36 249
36 251
36 253
36 255
36 257
36 259
36 263
36 265
36 267
36 269
36 271
36 273
36 275
36 277
36 290
36 291
36 292
36 294
36 295
36 296
36 297
38 1
38 3
38 7
38 15
38 23
38 25
38 29
38 31
38 33
38 35
38 41
38 49
38 51
38 53
38 55
38 61
38 65
38 69
38 71
38 77
38 93
38 97
38 101
38 105
38 111
38 113
38 115
38 121
38 125
38 127
38 131
38 133
38 135
38 139
38 141
38 147
38 151
38 153
38 161
38 163
38 169
38 173
38 175
38 177
38 183
38 189
38 191
38 193
38 195
38 197
38 201
38 205
38 209
38 211
38 213
38 215
38 217
38 221
38 229
38 231
38 233
38 235
38 237
38 241
38 243
38 247
38 249
38 253
38 257
38 259
38 261
38 263
38 265
38 271
38 275
38 290
38 292
38 294
38 295
38 297
40 3
40 13
40 49
40 51
40 55
40 57
40 63
40 71
40 81
40 89
40 91
40 101
40 105
40 111
40 113
40 115
40 123
40 129
40 133
40 137
40 139
40 143
40 145
40 169
40 175
40 177
40 181
40 183
40 187
40 195
40 197
40 207
40 225
40 227
40 235
40 239
40 241
40 263
40 267
40 269
40 292
40 294
42 1
42 3
42 5
42 7
42 9
42 13
42 17
42 19
42 21
42 23
42 25
42 27
42 29
42 31
42 33
42 35
42 37
42 39
42 41
42 43
42 45
42 47
42 49
42 51
42 53
42 55
42 57
42 59
42 61
42 63
42 65
42 67
42 69
42 75
42 77
42 79
42 81
42 83
42 85
42 89
42 91
42 93
42 95
42 97
42 101
42 103
42 105
42 107
42 111
42 115
42 117
42 119
42 121
42 123
42 125
42 127
42 129
42 131
42 133
42 135
42 137
42 139
42 141
42 143
42 145
42 147
42 149
42 151
42 153
42 155
42 157
42 159
42 161
42 163
42 165
42 167
42 171
42 173
42 175
42 177
42 179
42 181
42 183
42 185
42 187
42 189
42 191
42 193
42 195
42 199
42 201
42 203
42 205
42 207
42 209
42 211
42 213
42 215
42 217
42 219
42 221
42 223
42 225
42 227
42 229
42 231
42 233
42 235
42 237
42 239
42 243
42 245
42 247
42 249
42 251
42 253
42 255
42 259
42 261
42 263
42 265
42 267
42 269
42 271
42 273
42 275
42 277
42 290
42 291
42 292
42 293
42 294
42 295
42 296
42 297
42 298
42 299
44 1
44 9
44 13
44 15
44 17
44 19
44 25
44 31
44 43
44 47
44 49
44 51
44 55
44 59
44 61
44 63
44 65
44 67
44 69
44 73
44 75
44 77
44 81
44 83
44 93
44 95
44 97
44 99
44 107
44 113
44 119
44 121
44 123
44 125
44 131
44 133
44 137
44 139
44 141
44 145
44 147
44 149
44 161
44 163
44 165
44 167
44 169
44 171
44 173
44 175
44 179
44 181
44 185
44 187
44 193
44 199
44 201
44 207
44 209
44 215
44 227
44 229
44 235
44 239
44 241
44 243
44 245
44 247
44 255
44 257
44 261
44 263
44 267
44 269
44 271
44 273
44 290
44 291
44 292
44 293
44 295
44 296
46 11
46 17
46 27
46 33
46 39
46 45
46 49
46 51
46 55
46 57
46 65
46 67
46 71
46 75
46 79
46 81
46 87
46 89
46 91
46 97
46 109
46 111
46 113
46 115
46 117
46 119
46 125
46 129
46 135
46 141
46 143
46 145
46 147
46 151
46 153
46 157
46 161
46 163
46 165
46 167
46 169
46 173
46 177
46 181
46 185
46 187
46 191
46 193
46 203
46 207
46 215
46 221
46 225
46 229
46 231
46 233
46 235
46 241
46 255
46 257
46 259
46 261
46 265
46 269
46 271
46 273
46 275
46 277
46 291
46 292
46 294
46 296
46 297
46 298
46 299
48 49
48 181
50 5
50 13
50 31
50 35
50 37
50 51
50 75
50 83
50 93
50 105
50 107
50 127
50 133
50 141
50 151
50 153
50 157
50 173
50 185
50 187
50 189
50 191
50 195
50 205
50 209
50 225
50 231
50 235
50 241
50 243
50 255
50 273
50 277
50 292
50 293
50 295
50 298
52 1
52 7
52 9
52 11
52 13
52 15
52 17
52 19
52 21
52 23
52 25
52 27
52 31
52 35
52 37
52 39
52 41
52 47
52 49
52 53
52 55
52 57
52 59
52 61
52 63
52 65
52 67
52 71
52 73
52 75
52 77
52 79
52 81
52 85
52 87
52 89
52 91
52 95
52 97
52 101
52 103
52 105
52 107
52 109
52 111
52 113
52 117
52 119
52 121
52 123
52 125
52 127
52 129
52 131
52 133
52 135
52 137
52 139
52 141
52 143
52 145
52 147
52 149
52 153
52 155
52 157
52 159
52 161
52 165
52 167
52 169
52 171
52 173
52 175
52 177
52 179
52 181
52 183
52 185
52 187
52 189
52 191
52 195
52 199
52 201
52 203
52 205
52 207
52 209
52 211
52 213
52 219
52 223
52 225
52 227
52 229
52 231
52 233
52 235
52 237
52 239
52 241
52 243
52 245
52 247
52 249
52 251
52 253
52 255
52 257
52 261
52 263
52 265
52 267
52 269
52 271
52 273
52 277
52 290
52 291
52 292
52 293
52 294
52 297
52 298
52 299
54 1
54 15
54 31
54 53
54 61
54 63
54 73
54 89
54 97
54 103
54 111
54 113
54 119
54 123
54 133
54 143
54 155
54 159
54 187
54 191
54 203
54 221
54 231
54 233
54 241
54 251
54 255
54 265
54 267
54 269
54 271
54 275
54 277
54 298
56 13
56 21
56 87
56 89
56 97
56 109
56 115
56 137
56 145
56 155
56 181
56 183
56 185
56 189
56 193
56 199
56 203
56 225
56 245
56 249
56 253
56 255
56 267
56 269
56 293
56 296
58 1
58 5
58 7
58 11
58 13
58 15
58 23
58 25
58 31
58 33
58 35
58 37
58 39
58 41
58 43
58 45
58 47
58 51
58 55
58 57
58 61
58 63
58 67
58 69
58 71
58 73
58 77
58 83
58 87
58 95
58 97
58 103
58 107
58 115
58 117
58 119
58 121
58 131
58 133
58 135
58 141
58 145
58 147
58 149
58 151
58 155
58 159
58 161
58 167
58 171
58 173
58 175
58 177
58 181
58 185
58 191
58 195
58 197
58 199
58 203
58 205
58 207
58 211
58 213
58 215
58 219
58 221
58 223
58 225
58 227
58 229
58 231
58 235
58 245
58 249
58 251
58 253
58 257
58 259
58 263
58 269
58 273
58 277
58 291
58 292
58 293
58 295
58 296
58 297
58 299
60 1
60 3
60 5
60 7
60 9
60 11
60 13
60 15
60 17
60 19
60 21
60 23
60 25
60 27
60 29
60 33
60 35
60 37
60 39
60 41
60 43
60 45
60 47
60 49
60 51
60 53
60 55
60 57
60 59
60 63
60 65
60 69
60 71
60 73
60 77
60 79
60 81
60 83
60 85
60 87
60 89
60 91
60 93
60 95
60 97
60 99
60 101
60 103
60 105
60 107
60 111
60 113
60 115
60 117
60 119
60 121
60 123
60 125
60 129
60 131
60 133
60 135
60 137
60 139
60 141
60 143
60 145
60 147
60 149
60 153
60 155
60 157
60 159
60 163
60 165
60 167
60 169
60 171
60 173
60 175
60 177
60 179
60 181
60 183
60 185
60 187
60 189
60 191
60 193
60 195
60 197
60 199
60 201
60 203
60 205
60 207
60 211
60 213
60 215
60 219
60 221
60 223
60 225
60 227
60 229
60 231
60 233
60 235
60 237
60 239
60 241
60 243
60 245
60 247
60 249
60 251
60 253
60 255
60 257
60 259
60 261
60 267
60 269
60 271
60 273
60 275
60 277
60 291
60 293
60 294
60 295
60 296
60 297
60 298
60 299
62 5
62 9
62 11
62 13
62 15
62 17
62 19
62 21
62 23
62 25
62 31
62 33
62 35
62 37
62 39
62 41
62 45
62 47
62 49
62 51
62 53
62 55
62 57
62 59
62 61
62 63
62 65
62 67
62 69
62 71
62 73
62 75
62 77
62 79
62 81
62 85
62 89
62 91
62 93
62 95
62 97
62 99
62 105
62 107
62 109
62 111
62 113
62 115
62 117
62 119
62 123
62 125
62 131
62 137
62 139
62 141
62 153
62 157
62 159
62 161
62 163
62 169
62 173
62 175
62 177
62 179
62 181
62 183
62 185
62 187
62 191
62 195
62 197
62 199
62 203
62 205
62 207
62 209
62 211
62 217
62 221
62 223
62 227
62 229
62 231
62 233
62 237
62 239
62 241
62 247
62 249
62 253
62 255
62 257
62 259
62 265
62 267
62 269
62 271
62 275
62 277
62 290
62 292
62 293
62 294
62 295
62 296
62 297
62 298
62 299
64 1
64 3
64 5
64 9
64 11
64 13
64 15
64 17
64 19
64 21
64 23
64 27
64 29
64 31
64 33
64 35
64 37
64 39
64 41
64 43
64 45
64 49
64 51
64 55
64 57
64 61
64 63
64 65
64 67
64 71
64 73
64 75
64 77
64 79
64 81
64 85
64 87
64 89
64 91
64 93
64 95
64 97
64 99
64 101
64 103
64 105
64 107
64 109
64 111
64 113
64 115
64 117
64 119
64 121
64 123
64 125
64 127
64 129
64 131
64 133
64 135
64 137
64 139
64 143
64 145
64 147
64 149
64 151
64 153
64 155
64 157
64 159
64 161
64 163
64 165
64 167
64 169
64 171
64 173
64 177
64 179
64 181
64 183
64 187
64 191
64 193
64 201
64 203
64 205
64 207
64 209
64 211
64 213
64 215
64 217
64 219
64 221
64 223
64 225
64 227
64 229
64 231
64 233
64 235
64 237
64 239
64 241
64 243
64 245
64 247
64 249
64 251
64 253
64 255
64 257
64 259
64 261
64 263
64 265
64 267
64 269
64 271
64 273
64 275
64 277
64 291
64 292
64 293
64 294
64 295
64 297
64 299
66 7
66 11
66 17
66 19
66 25
66 29
66 37
66 39
66 43
66 49
66 55
66 57
66 69
66 73
66 77
66 81
66 83
66 89
66 91
66 101
66 109
66 113
66 117
66 119
66 123
66 125
66 135
66 143
66 147
66 151
66 157
66 161
66 165
66 167
66 169
66 179
66 191
66 193
66 197
66 199
66 201
66 207
66 223
66 229
66 233
66 235
66 239
66 251
66 257
66 261
66 269
66 271
66 292
66 293
66 295
66 297
66 299
68 1
68 3
68 5
68 7
68 9
68 11
68 13
68 15
68 17
68 19
68 21
68 23
68 25
68 27
68 29
68 31
68 33
68 35
68 37
68 39
68 41
68 43
68 45
68 47
68 49
68 53
68 55
68 59
68 63
68 65
68 67
68 69
68 71
68 73
68 77
68 79
68 81
68 83
68 85
68 87
68 89
68 91
68 93
68 95
68 97
68 99
68 101
68 103
68 105
68 107
68 109
68 111
68 113
68 115
68 117
68 119
68 121
68 123
68 125
68 127
68 129
68 131
68 135
68 137
68 139
68 141
68 143
68 145
68 147
68 149
68 151
68 153
68 155
68 157
68 159
68 161
68 163
68 165
68 167
68 169
68 171
68 173
68 175
68 177
68 179
68 181
68 187
68 189
68 191
68 193
68 195
68 197
68 199
68 201
68 203
68 205
68 207
68 211
68 213
68 215
68 217
68 219
68 221
68 223
68 225
68 227
68 229
68 233
68 235
68 237
68 239
68 243
68 245
68 247
68 249
68 251
68 253
68 255
68 259
68 261
68 263
68 267
68 269
68 271
68 273
68 275
68 277
68 290
68 293
68 295
68 296
68 297
68 298
68 299
70 1
70 3
70 5
70 7
70 9
70 11
70 13
70 15
70 17
70 19
70 21
70 23
70 27
70 29
70 31
70 33
70 35
70 37
70 39
70 41
70 43
70 45
70 47
70 49
70 51
70 53
70 59
70 61
70 63
70 65
70 67
70 69
70 71
70 73
70 75
70 77
70 79
70 81
70 83
70 85
70 87
70 89
70 91
70 93
70 95
70 99
70 101
70 103
70 105
70 107
70 109
70 111
70 113
70 115
70 117
70 119
70 121
70 123
70 125
70 127
70 129
70 131
70 133
70 135
70 137
70 139
70 141
70 143
70 147
70 149
70 151
70 153
70 155
70 157
70 159
70 161
70 163
70 165
70 167
70 169
70 171
70 173
70 175
70 179
70 181
70 183
70 185
70 187
70 189
70 191
70 193
70 195
70 197
70 199
70 201
70 203
70 205
70 207
70 209
70 211
70 213
70 215
70 217
70 219
70 221
70 223
70 225
70 227
70 229
70 231
70 233
70 235
70 237
70 239
70 241
70 243
70 245
70 247
70 249
70 251
70 253
70 255
70 257
70 259
70 261
70 263
70 265
70 267
70 269
70 271
70 273
70 275
70 277
70 290
70 291
70 292
70 293
70 294
70 295
70 296
70 297
70 298
70 299
72 5
72 7
72 9
72 11
72 13
72 17
72 19
72 25
72 31
72 39
72 41
72 45
72 47
72 51
72 53
72 57
72 59
72 61
72 63
72 67
72 83
72 85
72 91
72 93
72 95
72 99
72 103
72 105
72 107
72 109
72 113
72 115
72 117
72 121
72 123
72 127
72 137
72 141
72 143
72 145
72 147
72 149
72 159
72 163
72 165
72 167
72 169
72 173
72 175
72 177
72 179
72 183
72 185
72 189
72 191
72 195
72 199
72 205
72 209
72 211
72 215
72 217
72 219
72 221
72 227
72 229
72 233
72 239
72 241
72 247
72 257
72 259
72 261
72 263
72 267
72 271
72 275
72 290
72 291
72 292
72 293
72 295
72 296
72 297
72 299
74 1
74 5
74 11
74 13
74 21
74 37
74 41
74 47
74 53
74 55
74 59
74 61
74 75
74 83
74 85
74 87
74 91
74 117
74 121
74 123
74 125
74 135
74 137
74 139
74 153
74 155
74 157
74 169
74 171
74 173
74 185
74 191
74 195
74 199
74 203
74 207
74 213
74 223
74 225
74 227
74 229
74 231
74 233
74 241
74 245
74 249
74 259
74 261
74 269
74 271
74 290
74 292
74 296
74 298
74 299
76 1
76 7
76 9
76 23
76 27
76 31
76 39
76 43
76 45
76 61
76 73
76 91
76 97
76 103
76 105
76 123
76 151
76 161
76 169
76 175
76 193
76 207
76 213
76 217
76 219
76 255
76 293
76 298
78 1
78 13
78 21
78 39
78 49
78 67
78 77
78 79
78 81
78 83
78 87
78 89
78 97
78 101
78 119
78 123
78 125
78 129
78 135
78 157
78 165
78 167
78 169
78 171
78 175
78 181
78 185
78 189
78 193
78 201
78 221
78 229
78 233
78 267
78 271
78 298
80 53
80 113
80 117
80 147
80 151
80 157
80 292
80 298
82 3
82 7
82 21
82 23
82 25
82 49
82 53
82 59
82 61
82 85
82 111
82 123
82 131
82 133
82 135
82 149
82 163
82 165
82 183
82 185
82 187
82 189
82 205
82 213
82 215
82 219
82 221
82 227
82 229
82 249
82 251
82 291
82 297
84 1
84 3
84 7
84 9
84 11
84 13
84 15
84 17
84 19
84 21
84 23
84 25
84 27
84 29
84 31
84 33
84 37
84 45
84 49
84 51
84 53
84 55
84 57
84 59
84 63
84 65
84 67
84 69
84 73
84 75
84 77
84 81
84 85
84 87
84 89
84 91
84 93
84 95
84 99
84 101
84 105
84 107
84 113
84 117
84 119
84 121
84 125
84 127
84 131
84 137
84 139
84 145
84 147
84 149
84 155
84 161
84 163
84 165
84 167
84 169
84 171
84 173
84 175
84 179
84 183
84 185
84 189
84 191
84 193
84 195
84 197
84 201
84 205
84 211
84 213
84 215
84 217
84 219
84 221
84 223
84 229
84 231
84 233
84 239
84 243
84 245
84 247
84 249
84 253
84 257
84 261
84 263
84 265
84 269
84 271
84 290
84 293
84 294
84 296
84 297
84 298
86 9
86 27
86 55
86 57
86 61
86 69
86 73
86 81
86 165
86 167
86 183
86 189
86 201
86 205
86 209
86 229
86 233
86 251
86 267
86 290
86 291
86 296
88 1
88 11
88 13
88 15
88 29
88 35
88 43
88 45
88 49
88 59
88 61
88 67
88 81
88 87
88 93
88 95
88 99
88 111
88 113
88 123
88 129
88 135
88 137
88 141
88 149
88 151
88 153
88 159
88 169
88 173
88 175
88 179
88 183
88 187
88 213
88 221
88 227
88 229
88 235
88 239
88 241
88 267
88 269
88 271
88 291
88 292
88 294
88 297
88 298
90 1
90 3
90 5
90 7
90 9
90 11
90 13
90 15
90 17
90 21
90 23
90 27
90 29
90 31
90 33
90 35
90 37
90 39
90 41
90 43
90 45
90 47
90 49
90 51
90 53
90 55
90 57
90 63
90 65
90 67
90 77
90 81
90 83
90 87
90 91
90 93
90 95
90 97
90 99
90 101
90 103
90 105
90 109
90 111
90 113
90 117
90 121
90 123
90 127
90 129
90 131
90 137
90 141
90 143
90 145
90 149
90 151
90 153
90 155
90 159
90 161
90 163
90 165
90 169
90 171
90 173
90 179
90 181
90 183
90 185
90 187
90 189
90 191
90 195
90 197
90 199
90 203
90 205
90 207
90 209
90 211
90 213
90 217
90 219
90 221
90 223
90 225
90 227
90 231
90 233
90 237
90 239
90 241
90 245
90 247
90 249
90 251
90 253
90 255
90 257
90 259
90 261
90 263
90 267
90 269
90 271
90 273
90 275
90 277
90 290
90 291
90 292
90 296
90 297
90 298
90 299
92 1
92 3
92 5
92 7
92 9
92 11
92 13
92 15
92 17
92 19
92 21
92 23
92 25
92 27
92 29
92 31
92 33
92 35
92 37
92 39
92 41
92 43
92 45
92 47
92 49
92 51
92 53
92 55
92 57
92 59
92 61
92 63
92 65
92 67
92 69
92 71
92 73
92 75
92 77
92 79
92 81
92 83
92 85
92 87
92 89
92 91
92 93
92 95
92 97
92 99
92 101
92 103
92 105
92 107
92 109
92 111
92 113
92 115
92 117
92 119
92 121
92 123
92 125
92 127
92 129
92 131
92 133
92 135
92 137
92 139
92 141
92 143
92 145
92 147
92 149
92 151
92 153
92 155
92 157
92 159
92 161
92 163
92 165
92 167
92 169
92 171
92 173
92 175
92 177
92 179
92 181
92 183
92 185
92 187
92 189
92 191
92 195
92 197
92 199
92 201
92 203
92 205
92 207
92 209
92 211
92 213
92 215
92 217
92 219
92 221
92 223
92 225
92 227
92 229
92 231
92 233
92 235
92 237
92 239
92 241
92 243
92 245
92 247
92 249
92 251
92 253
92 255
92 257
92 259
92 261
92 263
92 265
92 267
92 269
92 271
92 273
92 275
92 277
92 290
92 291
92 292
92 293
92 294
92 295
92 296
92 297
92 298
92 299
94 1
94 3
94 5
94 7
94 9
94 13
94 17
94 19
94 21
94 23
94 25
94 27
94 29
94 31
94 33
94 39
94 41
94 43
94 47
94 49
94 51
94 53
94 55
94 57
94 59
94 61
94 63
94 65
94 69
94 71
94 73
94 75
94 77
94 79
94 83
94 85
94 89
94 91
94 93
94 99
94 103
94 105
94 107
94 109
94 111
94 113
94 115
94 117
94 119
94 121
94 123
94 125
94 129
94 131
94 133
94 135
94 137
94 139
94 141
94 143
94 147
94 149
94 153
94 155
94 159
94 161
94 165
94 167
94 169
94 171
94 173
94 175
94 177
94 179
94 181
94 183
94 187
94 189
94 191
94 193
94 195
94 199
94 201
94 203
94 205
94 207
94 209
94 211
94 213
94 217
94 219
94 221
94 223
94 225
94 227
94 229
94 231
94 233
94 235
94 237
94 239
94 245
94 247
94 251
94 253
94 255
94 257
94 259
94 263
94 265
94 267
94 269
94 271
94 275
94 277
94 292
94 293
94 294
94 295
94 296
94 297
94 299
96 1
96 3
96 5
96 11
96 13
96 17
96 19
96 21
96 23
96 25
96 27
96 31
96 33
96 35
96 39
96 43
96 45
96 49
96 53
96 55
96 57
96 59
96 61
96 63
96 65
96 67
96 69
96 71
96 73
96 77
96 79
96 85
96 87
96 91
96 93
96 95
96 99
96 101
96 105
96 109
96 111
96 117
96 119
96 123
96 125
96 127
96 131
96 133
96 135
96 139
96 141
96 145
96 147
96 149
96 151
96 153
96 155
96 157
96 159
96 165
96 171
96 175
96 177
96 179
96 181
96 185
96 189
96 191
96 193
96 195
96 197
96 199
96 201
96 203
96 205
96 207
96 209
96 211
96 213
96 215
96 221
96 223
96 225
96 227
96 229
96 233
96 235
96 239
96 241
96 243
96 245
96 247
96 249
96 251
96 255
96 257
96 259
96 261
96 263
96 265
96 267
96 271
96 273
96 275
96 277
96 291
96 292
96 293
96 294
96 295
96 296
96 298
98 13
98 29
98 185
100 7
100 19
100 21
100 27
100 31
100 35
100 63
100 85
100 97
100 111
100 115
100 117
100 123
100 153
100 155
100 161
100 177
100 181
100 195
100 219
100 233
100 235
100 237
100 263
100 273
100 275
100 290
100 292
100 297
102 1
102 3
102 5
102 13
102 25
102 31
102 33
102 37
102 39
102 43
102 45
102 51
102 53
102 55
102 57
102 61
102 67
102 73
102 91
102 93
102 103
102 105
102 107
102 109
102 113
102 115
102 117
102 119
102 125
102 139
102 141
102 173
102 175
102 187
102 189
102 197
102 201
102 217
102 219
102 223
102 235
102 239
102 253
102 255
102 259
102 261
102 267
102 277
102 293
102 294
102 295
102 296
104 11
104 13
104 15
104 19
104 21
104 23
104 25
104 27
104 31
104 35
104 37
104 47
104 59
104 61
104 69
104 81
104 85
104 89
104 99
104 103
104 109
104 127
104 135
104 147
104 151
104 153
104 157
104 159
104 163
104 177
104 181
104 185
104 189
104 191
104 197
104 203
104 205
104 211
104 213
104 217
104 221
104 223
104 231
104 237
104 243
104 247
104 257
104 259
104 265
104 267
104 293
104 296
106 13
106 17
106 19
106 21
106 25
106 31
106 39
106 41
106 53
106 69
106 71
106 83
106 85
106 87
106 95
106 127
106 133
106 145
106 173
106 175
106 187
106 193
106 213
106 215
106 231
106 237
106 243
106 249
106 253
106 263
106 267
106 269
108 1
108 5
108 9
108 11
108 15
108 17
108 19
108 27
108 31
108 35
108 41
108 55
108 63
108 65
108 81
108 89
108 93
108 101
108 103
108 107
108 123
108 135
108 137
108 149
108 161
108 163
108 169
108 175
108 183
108 187
108 191
108 201
108 207
108 209
108 227
108 237
108 243
108 253
108 275
108 277
108 290
108 292
108 299
110 1
110 3
110 7
110 9
110 11
110 19
110 29
110 31
110 33
110 35
110 41
110 45
110 49
110 53
110 55
110 57
110 59
110 61
110 63
110 73
110 79
110 81
110 83
110 85
110 87
110 93
110 99
110 101
110 105
110 107
110 111
110 113
110 119
110 121
110 123
110 125
110 127
110 131
110 135
110 139
110 141
110 143
110 147
110 151
110 153
110 155
110 157
110 159
110 161
110 163
110 167
110 171
110 181
110 183
110 185
110 187
110 191
110 199
110 203
110 209
110 211
110 213
110 215
110 217
110 221
110 227
110 229
110 231
110 235
110 241
110 245
110 247
110 249
110 253
110 255
110 257
110 261
110 263
110 267
110 271
110 273
110 275
110 277
110 290
110 292
110 293
110 294
110 296
110 297
110 298
110 299
112 1
112 3
112 5
112 7
112 9
112 13
112 15
112 17
112 21
112 27
112 29
112 31
112 33
112 35
112 37
112 41
112 43
112 45
112 47
112 49
112 51
112 53
112 55
112 57
112 59
112 61
112 65
112 69
112 71
112 77
112 81
112 87
112 89
112 93
112 99
112 105
112 109
112 117
112 119
112 121
112 123
112 131
112 133
112 135
112 139
112 141
112 143
112 145
112 147
112 151
112 155
112 157
112 159
112 163
112 171
112 175
112 177
112 181
112 187
112 189
112 195
112 197
112 199
112 207
112 209
112 211
112 215
112 219
112 221
112 223
112 225
112 227
112 231
112 235
112 237
112 239
112 245
112 247
112 249
112 251
112 253
112 259
112 263
112 265
112 267
112 269
112 275
112 277
112 290
112 291
112 293
112 294
112 295
112 297
114 3
114 5
114 7
114 9
114 11
114 13
114 17
114 23
114 25
114 27
114 29
114 31
114 33
114 35
114 39
114 41
114 47
114 49
114 51
114 53
114 55
114 59
114 61
114 65
114 67
114 71
114 73
114 75
114 77
114 79
114 81
114 83
114 87
114 91
114 93
114 95
114 101
114 107
114 109
114 113
114 115
114 117
114 123
114 125
114 127
114 129
114 133
114 135
114 137
114 139
114 141
114 143
114 145
114 147
114 149
114 153
114 155
114 157
114 159
114 161
114 165
114 167
114 169
114 175
114 177
114 181
114 183
114 185
114 187
114 195
114 197
114 203
114 207
114 213
114 215
114 217
114 219
114 223
114 229
114 231
114 233
114 235
114 237
114 239
114 243
114 245
114 247
114 249
114 251
114 255
114 257
114 259
114 261
114 263
114 265
114 267
114 269
114 271
114 275
114 277
114 290
114 291
114 292
114 293
114 295
114 296
114 297
114 298
114 299
116 1
116 3
116 5
116 7
116 9
116 11
116 15
116 17
116 19
116 21
116 23
116 25
116 27
116 29
116 31
116 33
116 35
116 37
116 39
116 41
116 43
116 45
116 47
116 49
116 51
116 53
116 55
116 57
116 59
116 61
116 63
116 65
116 67
116 69
116 71
116 73
116 77
116 79
116 81
116 83
116 85
116 87
116 91
116 93
116 97
116 99
116 101
116 103
116 105
116 107
116 109
116 111
116 113
116 115
116 117
116 119
116 121
116 123
116 125
116 127
116 129
116 131
116 133
116 135
116 139
116 141
116 145
116 147
116 149
116 151
116 153
116 155
116 157
116 159
116 161
116 163
116 167
116 169
116 171
116 173
116 175
116 177
116 179
116 183
116 185
116 187
116 189
116 191
116 193
116 195
116 197
116 199
116 201
116 203
116 205
116 207
116 211
116 213
116 215
116 217
116 219
116 221
116 223
116 225
116 227
116 229
116 233
116 235
116 237
116 239
116 241
116 243
116 245
116 247
116 249
116 251
116 253
116 255
116 257
116 259
116 261
116 263
116 265
116 267
116 269
116 271
116 273
116 275
116 277
116 290
116 291
116 292
116 293
116 294
116 295
116 296
116 297
116 298
116 299
118 33
118 65
118 75
118 87
118 91
118 109
118 171
118 189
118 193
118 245
118 297
118 298
120 7
120 13
120 93
120 105
120 123
120 183
120 199
120 225
120 265
122 3
122 11
122 13
122 15
122 21
122 29
122 31
122 33
122 35
122 37
122 41
122 43
122 49
122 59
122 61
122 63
122 65
122 67
122 71
122 75
122 79
122 83
122 85
122 87
122 93
122 99
122 103
122 109
122 115
122 117
122 125
122 127
122 135
122 137
122 141
122 143
122 155
122 157
122 163
122 165
122 167
122 169
122 177
122 187
122 195
122 199
122 201
122 203
122 207
122 209
122 219
122 221
122 227
122 229
122 235
122 239
122 241
122 243
122 245
122 255
122 259
122 261
122 265
122 271
122 273
122 291
122 292
122 293
122 294
122 295
122 297
124 29
124 33
124 39
124 47
124 53
124 65
124 77
124 81
124 85
124 93
124 95
124 97
124 105
124 109
124 115
124 117
124 121
124 123
124 129
124 137
124 141
124 145
124 157
124 161
124 167
124 169
124 173
124 177
124 181
124 187
124 193
124 195
124 205
124 209
124 231
124 243
124 247
124 261
124 263
124 269
124 275
124 292
124 295
124 299
126 243
128 1
128 7
128 13
128 19
128 23
128 31
128 33
128 35
128 37
128 43
128 47
128 51
128 57
128 71
128 73
128 75
128 77
128 83
128 93
128 97
128 99
128 107
128 117
128 119
128 121
128 123
128 127
128 129
128 131
128 141
128 143
128 159
128 165
128 167
128 175
128 181
128 183
128 195
128 213
128 219
128 229
128 231
128 235
128 241
128 243
128 255
128 259
128 261
128 265
128 267
128 269
128 291
128 296
128 299
130 37
130 45
130 53
130 55
130 57
130 69
130 73
130 99
130 147
130 165
130 201
130 247
130 255
132 1
132 7
132 15
132 17
132 27
132 29
132 31
132 35
132 41
132 45
132 49
132 53
132 63
132 65
132 71
132 75
132 83
132 85
132 93
132 99
132 101
132 117
132 123
132 125
132 127
132 129
132 137
132 153
132 155
132 157
132 169
132 173
132 179
132 181
132 189
132 219
132 223
132 231
132 237
132 241
132 245
132 265
132 269
132 275
132 290
132 291
132 292
132 297
132 298
134 1
134 5
134 7
134 9
134 11
134 15
134 17
134 21
134 23
134 27
134 29
134 31
134 33
134 35
134 37
134 43
134 45
134 55
134 57
134 59
134 61
134 65
134 67
134 69
134 71
134 73
134 77
134 81
134 89
134 91
134 97
134 99
134 103
134 105
134 107
134 111
134 113
134 115
134 117
134 119
134 123
134 127
134 131
134 133
134 135
134 137
134 141
134 143
134 145
134 147
134 155
134 157
134 161
134 163
134 165
134 167
134 169
134 171
134 173
134 175
134 179
134 181
134 185
134 187
134 189
134 191
134 201
134 203
134 207
134 209
134 211
134 213
134 215
134 219
134 221
134 225
134 229
134 231
134 233
134 235
134 237
134 241
134 243
134 245
134 249
134 253
134 255
134 257
134 259
134 261
134 265
134 267
134 269
134 273
134 277
134 290
134 292
134 293
134 294
134 298
134 299
136 5
136 17
136 21
136 31
136 41
136 47
136 63
136 75
136 81
136 85
136 107
136 127
136 131
136 137
136 145
136 147
136 187
136 191
136 203
136 209
136 223
136 245
136 259
136 267
136 293
138 1
138 5
138 7
138 13
138 15
138 17
138 19
138 23
138 25
138 27
138 29
138 31
138 33
138 35
138 39
138 41
138 45
138 47
138 49
138 51
138 53
138 57
138 63
138 65
138 67
138 69
138 71
138 73
138 75
138 77
138 79
138 81
138 83
138 85
138 87
138 89
138 91
138 95
138 97
138 101
138 103
138 105
138 107
138 109
138 111
138 115
138 117
138 119
138 121
138 123
138 127
138 129
138 133
138 135
138 137
138 139
138 143
138 147
138 149
138 151
138 153
138 155
138 157
138 159
138 161
138 163
138 165
138 167
138 169
138 171
138 173
138 177
138 179
138 183
138 185
138 187
138 189
138 191
138 193
138 195
138 199
138 201
138 205
138 207
138 211
138 215
138 217
138 219
138 221
138 223
138 225
138 229
138 231
138 233
138 239
138 241
138 245
138 247
138 249
138 251
138 253
138 257
138 259
138 261
138 263
138 265
138 267
138 269
138 273
138 290
138 291
138 292
138 293
138 295
138 296
138 297
138 298
138 299
140 5
140 103
140 129
140 143
140 145
140 147
140 157
140 201
140 245
140 249
140 297
142 3
142 5
142 7
142 9
142 11
142 15
142 29
142 31
142 37
142 39
142 45
142 51
142 53
142 55
142 63
142 65
142 71
142 73
142 77
142 79
142 83
142 85
142 87
142 89
142 93
142 97
142 109
142 121
142 129
142 137
142 143
142 145
142 147
142 153
142 159
142 163
142 165
142 169
142 175
142 177
142 181
142 185
142 187
142 189
142 191
142 201
142 203
142 205
142 209
142 211
142 213
142 217
142 221
142 223
142 229
142 239
142 241
142 245
142 247
142 259
142 265
142 269
142 271
142 273
142 277
142 296
142 297
142 298
142 299
144 3
144 17
144 35
144 91
144 127
144 129
144 189
144 199
144 233
144 247
144 273
146 3
146 9
146 13
146 15
146 17
146 21
146 23
146 25
146 29
146 33
146 35
146 43
146 45
146 49
146 51
146 59
146 63
146 65
146 67
146 69
146 75
146 77
146 85
146 89
146 91
146 93
146 95
146 97
146 103
146 105
146 107
146 109
146 111
146 113
146 117
146 121
146 127
146 131
146 133
146 135
146 139
146 141
146 143
146 145
146 149
146 151
146 153
146 157
146 161
146 163
146 167
146 179
146 181
146 183
146 189
146 191
146 193
146 199
146 201
146 215
146 217
146 223
146 225
146 233
146 237
146 241
146 243
146 245
146 247
146 251
146 253
146 255
146 261
146 265
146 267
146 269
146 271
146 273
146 275
146 290
146 293
146 294
146 297
146 298
148 3
148 11
148 15
148 17
148 23
148 33
148 35
148 43
148 45
148 65
148 67
148 69
148 73
148 85
148 87
148 93
148 97
148 99
148 103
148 105
148 107
148 119
148 121
148 123
148 125
148 135
148 137
148 151
148 153
148 165
148 167
148 169
148 175
148 177
148 181
148 189
148 195
148 197
148 203
148 207
148 213
148 225
148 227
148 229
148 239
148 245
148 251
148 255
148 265
148 267
148 271
148 273
148 291
148 293
148 298
150 3
150 5
150 31
150 33
150 69
150 71
150 75
150 79
150 91
150 105
150 111
150 121
150 137
150 139
150 141
150 145
150 147
150 157
150 161
150 163
150 167
150 169
150 177
150 181
150 183
150 195
150 199
150 207
150 221
150 225
150 227
150 233
150 241
150 245
150 251
150 265
150 267
150 271
150 293
150 297
150 298
152 1
152 3
152 5
152 7
152 9
152 11
152 13
152 15
152 17
152 19
152 21
152 23
152 25
152 27
152 31
152 33
152 35
152 37
152 39
152 41
152 43
152 45
152 47
152 49
152 51
152 55
152 57
152 59
152 61
152 63
152 65
152 71
152 73
152 75
152 77
152 79
152 81
152 85
152 87
152 89
152 93
152 95
152 97
152 99
152 101
152 103
152 105
152 107
152 109
152 111
152 113
152 115
152 117
152 119
152 121
152 123
152 125
152 127
152 129
152 131
152 133
152 135
152 137
152 139
152 141
152 143
152 145
152 147
152 149
152 151
152 153
152 155
152 157
152 161
152 163
152 165
152 167
152 169
152 173
152 175
152 177
152 179
152 181
152 185
152 187
152 191
152 193
152 195
152 197
152 199
152 201
152 205
152 207
152 209
152 211
152 213
152 215
152 217
152 219
152 221
152 223
152 225
152 227
152 229
152 231
152 233
152 235
152 237
152 239
152 241
152 243
152 245
152 247
152 249
152 251
152 253
152 255
152 257
152 259
152 261
152 263
152 265
152 267
152 269
152 271
152 273
152 275
152 277
152 290
152 291
152 292
152 293
152 294
152 295
152 296
152 297
152 298
152 299
154 1
154 3
154 5
154 7
154 9
154 11
154 13
154 15
154 17
154 21
154 23
154 27
154 29
154 31
154 33
154 37
154 39
154 41
154 43
154 47
154 49
154 51
154 53
154 55
154 57
154 59
154 61
154 63
154 69
154 71
154 73
154 75
154 77
154 79
154 81
154 83
154 85
154 87
154 89
154 91
154 97
154 99
154 101
154 103
154 105
154 107
154 109
154 111
154 115
154 117
154 119
154 121
154 123
154 125
154 131
154 133
154 135
154 137
154 139
154 141
154 143
154 145
154 147
154 149
154 151
154 153
154 155
154 159
154 161
154 165
154 167
154 171
154 173
154 175
154 179
154 181
154 183
154 189
154 191
154 193
154 195
154 197
154 199
154 201
154 203
154 205
154 209
154 211
154 213
154 215
154 217
154 219
154 221
154 223
154 225
154 227
154 231
154 233
154 235
154 237
154 239
154 241
154 243
154 245
154 247
154 249
154 251
154 253
154 257
154 261
154 263
154 265
154 267
154 269
154 271
154 273
154 275
154 277
154 290
154 291
154 292
154 293
154 294
154 295
154 296
154 297
154 299
156 1
156 5
156 9
156 11
156 19
156 23
156 27
156 31
156 33
156 37
156 45
156 49
156 53
156 63
156 71
156 75
156 77
156 79
156 81
156 83
156 97
156 109
156 111
156 119
156 127
156 129
156 139
156 143
156 145
156 147
156 149
156 151
156 159
156 165
156 167
156 173
156 175
156 177
156 181
156 185
156 191
156 195
156 197
156 201
156 203
156 205
156 209
156 213
156 219
156 221
156 225
156 227
156 229
156 235
156 237
156 243
156 245
156 249
156 251
156 253
156 255
156 257
156 261
156 265
156 267
156 273
156 277
156 290
156 292
156 293
156 297
156 298
158 3
158 5
158 7
158 9
158 11
158 17
158 19
158 21
158 23
158 25
158 27
158 31
158 33
158 35
158 37
158 41
158 43
158 45
158 47
158 49
158 51
158 53
158 55
158 57
158 59
158 61
158 63
158 65
158 67
158 71
158 73
158 75
158 77
158 79
158 83
158 85
158 87
158 89
158 91
158 93
158 95
158 97
158 99
158 101
158 103
158 107
158 109
158 111
158 113
158 115
158 117
158 119
158 121
158 123
158 125
158 127
158 129
158 131
158 133
158 135
158 139
158 141
158 143
158 145
158 147
158 149
158 151
158 153
158 155
158 157
158 159
158 163
158 167
158 171
158 173
158 175
158 177
158 179
158 181
158 187
158 189
158 193
158 195
158 199
158 201
158 203
158 207
158 211
158 215
158 217
158 219
158 221
158 223
158 227
158 229
158 231
158 235
158 239
158 241
158 243
158 245
158 247
158 249
158 251
158 259
158 261
158 263
158 265
158 267
158 269
158 271
158 273
158 275
158 277
158 290
158 291
158 292
158 293
158 294
158 296
158 297
158 298
158 299
160 1
160 5
160 7
160 13
160 15
160 17
160 19
160 21
160 23
160 25
160 29
160 31
160 35
160 37
160 39
160 41
160 45
160 51
160 55
160 57
160 59
160 67
160 69
160 71
160 75
160 77
160 79
160 81
160 83
160 85
160 89
160 91
160 95
160 97
160 99
160 101
160 105
160 107
160 113
160 115
160 117
160 119
160 121
160 123
160 125
160 127
160 129
160 133
160 135
160 137
160 139
160 141
160 143
160 145
160 147
160 155
160 157
160 159
160 161
160 163
160 165
160 167
160 171
160 173
160 175
160 177
160 179
160 181
160 183
160 185
160 189
160 191
160 193
160 197
160 199
160 201
160 203
160 207
160 209
160 213
160 217
160 219
160 223
160 225
160 229
160 231
160 233
160 237
160 239
160 243
160 245
160 249
160 257
160 259
160 265
160 267
160 269
160 271
160 273
160 290
160 291
160 294
160 295
160 297
160 298
160 299
162 31
162 35
162 61
162 253
162 257
162 277
164 1
164 5
164 9
164 13
164 15
164 17
164 23
164 25
164 31
164 37
164 39
164 45
164 47
164 55
164 59
164 63
164 65
164 67
164 73
164 75
164 79
164 81
164 83
164 87
164 93
164 95
164 103
164 105
164 107
164 113
164 115
164 119
164 121
164 123
164 125
164 129
164 131
164 137
164 141
164 143
164 149
164 151
164 155
164 159
164 161
164 163
164 165
164 167
164 169
164 173
164 177
164 179
164 183
164 189
164 191
164 193
164 195
164 199
164 203
164 205
164 207
164 209
164 211
164 213
164 215
164 217
164 223
164 225
164 227
164 229
164 235
164 237
164 239
164 241
164 245
164 247
164 255
164 257
164 259
164 261
164 263
164 267
164 271
164 273
164 275
164 277
164 290
164 291
164 292
164 293
164 294
164 295
164 297
164 299
166 27
166 75
166 103
166 151
166 181
166 239
168 3
168 5
168 11
168 13
168 15
168 19
168 21
168 23
168 31
168 33
168 35
168 37
168 41
168 43
168 45
168 47
168 55
168 57
168 61
168 63
168 67
168 69
168 75
168 77
168 79
168 81
168 85
168 93
168 95
168 103
168 105
168 109
168 111
168 117
168 119
168 121
168 125
168 129
168 131
168 133
168 137
168 141
168 143
168 145
168 149
168 159
168 161
168 165
168 173
168 175
168 177
168 181
168 187
168 191
168 193
168 195
168 199
168 203
168 205
168 211
168 213
168 215
168 217
168 219
168 221
168 223
168 225
168 235
168 237
168 241
168 243
168 247
168 249
168 251
168 255
168 257
168 259
168 265
168 267
168 269
168 271
168 273
168 275
168 292
168 294
168 295
168 296
168 298
170 1
170 5
170 7
170 11
170 13
170 15
170 19
170 25
170 33
170 37
170 47
170 57
170 59
170 61
170 63
170 77
170 85
170 101
170 111
170 117
170 119
170 121
170 137
170 141
170 151
170 165
170 173
170 183
170 185
170 191
170 201
170 207
170 211
170 213
170 215
170 225
170 235
170 239
170 249
170 253
170 263
170 269
170 275
170 291
170 292
170 294
170 297
170 298
170 299
172 5
172 27
172 57
172 83
172 99
172 111
172 133
172 143
172 151
172 157
172 197
172 209
172 215
172 219
172 221
172 233
172 239
172 247
172 249
172 253
172 257
172 299
174 1
174 3
174 5
174 7
174 9
174 13
174 15
174 17
174 19
174 21
174 23
174 25
174 27
174 29
174 31
174 33
174 35
174 37
174 39
174 41
174 43
174 45
174 47
174 49
174 51
174 53
174 55
174 59
174 61
174 63
174 65
174 67
174 69
174 71
174 73
174 75
174 77
174 81
174 85
174 87
174 89
174 91
174 93
174 95
174 97
174 101
174 103
174 105
174 107
174 109
174 111
174 113
174 115
174 117
174 119
174 121
174 123
174 125
174 127
174 129
174 131
174 133
174 135
174 137
174 139
174 141
174 143
174 145
174 147
174 149
174 151
174 153
174 155
174 157
174 159
174 161
174 163
174 165
174 167
174 169
174 171
174 173
174 175
174 177
174 179
174 181
174 183
174 185
174 187
174 189
174 191
174 193
174 195
174 197
174 199
174 203
174 205
174 207
174 211
174 213
174 215
174 217
174 219
174 221
174 223
174 227
174 229
174 231
174 233
174 235
174 237
174 239
174 241
174 243
174 245
174 247
174 249
174 253
174 255
174 257
174 259
174 263
174 265
174 267
174 269
174 271
174 273
174 275
174 290
174 291
174 293
174 294
174 295
174 296
174 298
174 299
176 3
176 5
176 9
176 15
176 19
176 21
176 23
176 25
176 27
176 29
176 35
176 39
176 41
176 43
176 47
176 53
176 55
176 57
176 61
176 63
176 71
176 73
176 75
176 79
176 85
176 87
176 89
176 95
176 99
176 107
176 111
176 117
176 119
176 123
176 129
176 131
176 135
176 137
176 143
176 149
176 151
176 153
176 155
176 157
176 159
176 163
176 165
176 169
176 171
176 177
176 179
176 181
176 185
176 191
176 193
176 203
176 207
176 211
176 215
176 217
176 219
176 221
176 223
176 225
176 229
176 231
176 239
176 241
176 243
176 245
176 253
176 255
176 257
176 265
176 267
176 273
176 275
176 277
176 290
176 291
176 292
176 293
176 294
178 3
178 11
178 13
178 29
178 33
178 53
178 57
178 61
178 71
178 79
178 87
178 105
178 107
178 109
178 113
178 115
178 119
178 121
178 125
178 127
178 131
178 133
178 151
178 157
178 167
178 175
178 177
178 187
178 197
178 201
178 203
178 205
178 207
178 213
178 217
178 229
178 241
178 257
178 259
178 263
178 273
178 291
178 294
178 296
180 3
180 21
180 35
180 47
180 65
180 87
180 101
180 105
180 139
180 167
180 195
180 199
180 205
180 237
180 239
180 271
180 298
182 1
182 3
182 5
182 9
182 11
182 13
182 15
182 17
182 19
182 21
182 25
182 29
182 33
182 35
182 37
182 39
182 41
182 43
182 47
182 49
182 51
182 55
182 57
182 59
182 61
182 63
182 65
182 69
182 73
182 77
182 81
182 87
182 93
182 99
182 101
182 103
182 105
182 107
182 109
182 111
182 115
182 117
182 121
182 123
182 127
182 129
182 135
182 137
182 141
182 145
182 147
182 151
182 153
182 155
182 157
182 161
182 165
182 167
182 169
182 171
182 173
182 175
182 177
182 179
182 181
182 185
182 189
182 191
182 193
182 195
182 197
182 201
182 203
182 205
182 209
182 211
182 215
182 217
182 219
182 221
182 229
182 235
182 237
182 241
182 243
182 245
182 247
182 249
182 251
182 253
182 255
182 257
182 259
182 261
182 263
182 265
182 267
182 271
182 273
182 275
182 277
182 290
182 292
182 293
182 294
182 295
182 296
182 297
182 298
184 1
184 3
184 5
184 9
184 11
184 13
184 15
184 17
184 19
184 21
184 33
184 35
184 43
184 45
184 47
184 49
184 51
184 55
184 59
184 61
184 65
184 67
184 69
184 73
184 75
184 79
184 81
184 85
184 87
184 91
184 93
184 97
184 99
184 101
184 103
184 105
184 111
184 113
184 115
184 117
184 119
184 121
184 123
184 135
184 137
184 141
184 143
184 145
184 147
184 149
184 151
184 155
184 157
184 159
184 163
184 165
184 169
184 171
184 173
184 177
184 179
184 181
184 183
184 185
184 187
184 191
184 193
184 195
184 199
184 201
184 203
184 205
184 209
184 211
184 217
184 221
184 223
184 225
184 229
184 233
184 235
184 237
184 239
184 245
184 247
184 249
184 253
184 255
184 261
184 267
184 269
184 273
184 277
184 291
184 292
184 293
184 295
184 296
184 297
184 298
186 1
186 3
186 5
186 9
186 13
186 15
186 21
186 25
186 27
186 29
186 33
186 35
186 37
186 45
186 47
186 49
186 55
186 57
186 59
186 63
186 67
186 69
186 73
186 75
186 79
186 83
186 85
186 89
186 91
186 95
186 97
186 99
186 103
186 105
186 107
186 111
186 113
186 115
186 117
186 119
186 121
186 123
186 125
186 127
186 129
186 131
186 133
186 135
186 137
186 141
186 147
186 149
186 151
186 153
186 155
186 157
186 159
186 161
186 165
186 167
186 171
186 173
186 177
186 181
186 183
186 187
186 189
186 191
186 193
186 195
186 199
186 201
186 211
186 213
186 215
186 217
186 219
186 221
186 223
186 227
186 229
186 233
186 235
186 237
186 239
186 241
186 245
186 247
186 249
186 251
186 253
186 255
186 257
186 259
186 261
186 265
186 267
186 269
186 271
186 273
186 275
186 277
186 290
186 291
186 292
186 293
186 294
186 296
186 297
186 299
188 3
188 7
188 9
188 15
188 23
188 35
188 37
188 39
188 41
188 45
188 49
188 51
188 57
188 61
188 63
188 65
188 75
188 79
188 93
188 95
188 103
188 105
188 117
188 121
188 123
188 125
188 135
188 141
188 143
188 147
188 149
188 151
188 155
188 157
188 161
188 165
188 169
188 185
188 187
188 195
188 197
188 199
188 201
188 203
188 205
188 207
188 219
188 225
188 229
188 235
188 239
188 243
188 245
188 249
188 251
188 253
188 255
188 259
188 261
188 263
188 269
188 273
188 290
188 296
188 299
190 1
190 25
190 31
190 39
190 45
190 47
190 51
190 53
190 73
190 75
190 77
190 79
190 81
190 83
190 85
190 95
190 105
190 111
190 113
190 117
190 121
190 129
190 131
190 139
190 143
190 147
190 149
190 151
190 153
190 155
190 163
190 165
190 167
190 171
190 173
190 211
190 215
190 217
190 221
190 231
190 237
190 239
190 245
190 247
190 249
190 251
190 253
190 259
190 261
190 263
190 265
190 269
190 271
190 275
190 294
190 296
192 1
192 11
192 21
192 27
192 39
192 43
192 45
192 47
192 51
192 53
192 57
192 59
192 61
192 63
192 65
192 71
192 73
192 75
192 79
192 81
192 83
192 85
192 89
192 93
192 99
192 107
192 109
192 113
192 115
192 121
192 125
192 133
192 137
192 141
192 147
192 149
192 151
192 155
192 159
192 167
192 171
192 175
192 185
192 191
192 195
192 199
192 203
192 205
192 209
192 217
192 223
192 231
192 233
192 237
192 245
192 247
192 253
192 259
192 261
192 263
192 267
192 269
192 273
192 275
192 292
192 294
192 295
192 296
194 19
194 257
196 1
196 19
196 25
196 29
196 53
196 95
196 101
196 111
196 145
196 147
196 171
196 177
196 215
196 219
196 292
196 298
198 15
198 19
198 21
198 25
198 43
198 49
198 59
198 63
198 65
198 81
198 85
198 87
198 89
198 93
198 95
198 99
198 109
198 111
198 115
198 121
198 123
198 127
198 131
198 137
198 141
198 147
198 153
198 167
198 173
198 177
198 179
198 181
198 185
198 189
198 201
198 205
198 207
198 219
198 231
198 233
198 239
198 241
198 249
198 261
198 265
198 277
198 292
198 294
198 296
198 298
200 3
200 5
200 7
200 9
200 11
200 15
200 17
200 21
200 23
200 25
200 29
200 31
200 37
200 39
200 41
200 45
200 49
200 51
200 55
200 61
200 63
200 69
200 71
200 73
200 75
200 77
200 81
200 83
200 89
200 95
200 97
200 99
200 101
200 103
200 107
200 115
200 117
200 119
200 123
200 127
200 129
200 137
200 139
200 145
200 147
200 149
200 151
200 153
200 155
200 157
200 161
200 165
200 169
200 173
200 179
200 183
200 185
200 187
200 189
200 193
200 197
200 201
200 203
200 205
200 207
200 209
200 211
200 215
200 217
200 219
200 221
200 225
200 227
200 229
200 233
200 235
200 239
200 243
200 245
200 251
200 253
200 255
200 257
200 261
200 265
200 267
200 273
200 275
200 291
200 292
200 293
200 294
200 295
200 297
200 298
200 299
202 9
202 11
202 13
202 17
202 19
202 21
202 23
202 31
202 33
202 35
202 41
202 45
202 49
202 51
202 63
202 67
202 73
202 75
202 79
202 83
202 99
202 101
202 105
202 109
202 115
202 123
202 125
202 131
202 137
202 141
202 149
202 151
202 155
202 157
202 169
202 173
202 175
202 181
202 187
202 191
202 201
202 205
202 207
202 209
202 215
202 219
202 221
202 225
202 237
202 247
202 253
202 257
202 261
202 267
202 275
202 292
202 293
202 294
202 296
202 299
204 7
204 9
204 11
204 13
204 19
204 23
204 31
204 33
204 37
204 41
204 47
204 49
204 55
204 57
204 59
204 61
204 69
204 71
204 75
204 77
204 81
204 87
204 93
204 95
204 97
204 99
204 103
204 107
204 111
204 115
204 119
204 121
204 123
204 125
204 127
204 129
204 131
204 133
204 135
204 141
204 143
204 145
204 149
204 153
204 155
204 157
204 159
204 165
204 167
204 169
204 171
204 173
204 175
204 177
204 179
204 185
204 189
204 191
204 193
204 195
204 197
204 199
204 201
204 203
204 207
204 209
204 211
204 213
204 215
204 217
204 219
204 221
204 223
204 225
204 227
204 229
204 233
204 235
204 237
204 241
204 243
204 245
204 247
204 249
204 259
204 261
204 263
204 265
204 267
204 269
204 271
204 273
204 275
204 290
204 292
204 293
204 294
204 295
204 298
204 299
206 5
206 11
206 13
206 15
206 17
206 19
206 23
206 25
206 31
206 39
206 41
206 45
206 47
206 49
206 55
206 59
206 61
206 63
206 65
206 69
206 73
206 75
206 79
206 91
206 93
206 95
206 97
206 99
206 101
206 103
206 107
206 109
206 111
206 113
206 119
206 121
206 123
206 125
206 127
206 129
206 131
206 133
206 139
206 143
206 149
206 153
206 155
206 157
206 159
206 161
206 163
206 165
206 171
206 173
206 175
206 177
206 179
206 181
206 183
206 185
206 195
206 197
206 199
206 201
206 203
206 205
206 207
206 209
206 213
206 215
206 217
206 219
206 221
206 223
206 225
206 229
206 231
206 233
206 235
206 237
206 239
206 241
206 247
206 251
206 257
206 265
206 267
206 269
206 271
206 273
206 277
206 290
206 291
206 294
206 295
206 296
206 297
208 3
208 9
208 11
208 13
208 15
208 17
208 23
208 25
208 27
208 29
208 31
208 33
208 39
208 43
208 45
208 57
208 59
208 61
208 65
208 69
208 73
208 75
208 81
208 83
208 85
208 87
208 99
208 101
208 103
208 109
208 111
208 113
208 121
208 123
208 127
208 129
208 133
208 141
208 143
208 149
208 151
208 157
208 159
208 163
208 165
208 169
208 171
208 175
208 177
208 181
208 183
208 185
208 187
208 195
208 199
208 203
208 209
208 213
208 215
208 217
208 219
208 223
208 229
208 231
208 235
208 237
208 245
208 247
208 249
208 251
208 253
208 257
208 261
208 263
208 269
208 275
208 277
208 290
208 291
208 292
208 293
208 294
208 295
208 296
208 297
208 298
210 1
210 3
210 5
210 7
210 9
210 11
210 13
210 15
210 17
210 19
210 21
210 23
210 25
210 27
210 29
210 31
210 33
210 35
210 37
210 39
210 41
210 43
210 45
210 47
210 49
210 53
210 55
210 57
210 59
210 61
210 63
210 65
210 69
210 71
210 75
210 77
210 81
210 83
210 87
210 89
210 91
210 93
210 95
210 97
210 99
210 101
210 103
210 105
210 107
210 111
210 113
210 117
210 119
210 121
210 123
210 127
210 129
210 131
210 133
210 135
210 137
210 141
210 145
210 147
210 149
210 151
210 155
210 159
210 161
210 163
210 165
210 167
210 169
210 171
210 173
210 175
210 177
210 179
210 183
210 187
210 189
210 191
210 193
210 195
210 197
210 199
210 201
210 203
210 205
210 207
210 209
210 213
210 217
210 219
210 221
210 227
210 229
210 231
210 233
210 235
210 237
210 239
210 241
210 243
210 247
210 249
210 251
210 253
210 255
210 257
210 259
210 261
210 263
210 265
210 267
210 269
210 271
210 273
210 277
210 290
210 291
210 292
210 293
210 294
210 295
210 296
210 297
210 298
210 299
212 21
212 33
212 41
212 59
212 87
212 101
212 111
212 115
212 127
212 149
212 167
212 171
212 181
212 187
212 229
212 251
212 257
212 275
212 294
214 1
214 3
214 5
214 7
214 9
214 11
214 15
214 17
214 21
214 23
214 25
214 27
214 29
214 31
214 33
214 35
214 39
214 45
214 47
214 49
214 53
214 55
214 57
214 59
214 61
214 63
214 65
214 67
214 69
214 71
214 73
214 75
214 77
214 79
214 81
214 83
214 85
214 87
214 89
214 93
214 95
214 97
214 101
214 103
214 105
214 107
214 111
214 113
214 115
214 117
214 121
214 123
214 125
214 127
214 129
214 133
214 139
214 141
214 143
214 147
214 149
214 153
214 155
214 157
214 161
214 163
214 165
214 167
214 171
214 173
214 177
214 179
214 183
214 185
214 187
214 189
214 191
214 193
214 195
214 197
214 199
214 201
214 205
214 207
214 209
214 211
214 213
214 215
214 217
214 221
214 223
214 225
214 227
214 229
214 231
214 233
214 235
214 237
214 239
214 241
214 243
214 245
214 247
214 249
214 251
214 253
214 255
214 257
214 259
214 261
214 265
214 269
214 273
214 275
214 277
214 290
214 291
214 292
214 294
214 295
214 296
214 297
214 298
214 299
216 29
216 37
216 101
216 169
218 1
218 3
218 9
218 11
218 13
218 17
218 19
218 23
218 29
218 35
218 37
218 39
218 41
218 43
218 45
218 47
218 51
218 57
218 63
218 65
218 69
218 73
218 77
218 79
218 81
218 85
218 89
218 91
218 93
218 95
218 97
218 103
218 105
218 107
218 111
218 113
218 119
218 121
218 129
218 131
218 133
218 143
218 145
218 151
218 153
218 159
218 161
218 163
218 165
218 167
218 169
218 171
218 173
218 175
218 177
218 181
218 183
218 185
218 191
218 193
218 195
218 199
218 201
218 203
218 207
218 215
218 219
218 223
218 225
218 227
218 229
218 237
218 241
218 247
218 249
218 251
218 255
218 257
218 259
218 261
218 267
218 273
218 277
218 290
218 291
218 299
220 9
220 19
220 21
220 25
220 29
220 31
220 33
220 51
220 65
220 75
220 113
220 129
220 131
220 139
220 141
220 143
220 145
220 155
220 163
220 173
220 175
220 189
220 193
220 225
220 231
220 233
220 235
220 241
220 245
220 247
220 255
220 257
220 259
220 261
220 265
220 267
220 275
220 277
220 295
222 1
222 3
222 5
222 7
222 9
222 11
222 13
222 15
222 17
222 19
222 21
222 23
222 25
222 27
222 29
222 31
222 33
222 35
222 37
222 39
222 41
222 43
222 45
222 47
222 51
222 53
222 55
222 57
222 59
222 61
222 63
222 65
222 67
222 69
222 71
222 73
222 75
222 77
222 79
222 81
222 83
222 85
222 87
222 89
222 91
222 93
222 95
222 97
222 99
222 101
222 103
222 105
222 107
222 109
222 111
222 113
222 115
222 117
222 119
222 121
222 123
222 125
222 127
222 131
222 133
222 135
222 137
222 139
222 141
222 143
222 145
222 147
222 149
222 151
222 153
222 155
222 157
222 159
222 163
222 165
222 167
222 169
222 171
222 173
222 175
222 177
222 179
222 181
222 183
222 185
222 187
222 189
222 191
222 193
222 195
222 197
222 199
222 201
222 203
222 205
222 207
222 209
222 211
222 213
222 215
222 217
222 219
222 221
222 223
222 225
222 227
222 229
222 231
222 233
222 235
222 237
222 239
222 241
222 243
222 245
222 247
222 249
222 251
222 253
222 255
222 257
222 259
222 261
222 263
222 265
222 267
222 269
222 271
222 273
222 275
222 277
222 290
222 291
222 292
222 293
222 294
222 295
222 296
222 297
222 298
222 299
224 9
224 11
224 13
224 15
224 21
224 25
224 27
224 31
224 39
224 45
224 49
224 51
224 55
224 57
224 59
224 61
224 63
224 65
224 67
224 69
224 71
224 75
224 77
224 83
224 85
224 87
224 91
224 97
224 99
224 101
224 103
224 121
224 123
224 129
224 131
224 135
224 139
224 141
224 143
224 145
224 151
224 167
224 169
224 173
224 175
224 181
224 185
224 189
224 191
224 199
224 201
224 205
224 211
224 217
224 219
224 229
224 233
224 237
224 239
224 243
224 245
224 251
224 257
224 259
224 261
224 265
224 273
224 275
224 291
224 292
224 294
224 296
224 297
224 298
224 299
226 1
226 3
226 5
226 7
226 9
226 11
226 13
226 15
226 17
226 21
226 23
226 25
226 27
226 29
226 31
226 33
226 35
226 37
226 39
226 41
226 43
226 45
226 47
226 49
226 51
226 55
226 57
226 59
226 61
226 63
226 65
226 67
226 69
226 71
226 73
226 75
226 77
226 79
226 81
226 85
226 87
226 89
226 91
226 93
226 95
226 97
226 99
226 101
226 103
226 105
226 107
226 109
226 111
226 113
226 115
226 117
226 119
226 121
226 123
226 125
226 127
226 129
226 131
226 133
226 135
226 137
226 139
226 141
226 143
226 145
226 147
226 149
226 151
226 153
226 155
226 157
226 159
226 161
226 165
226 167
226 169
226 171
226 175
226 177
226 179
226 181
226 185
226 187
226 189
226 191
226 193
226 195
226 197
226 199
226 201
226 203
226 205
226 207
226 209
226 211
226 213
226 215
226 217
226 219
226 221
226 223
226 225
226 227
226 231
226 233
226 235
226 237
226 239
226 241
226 245
226 247
226 249
226 251
226 253
226 255
226 257
226 259
226 261
226 263
226 265
226 267
226 269
226 271
226 273
226 275
226 277
226 290
226 291
226 292
226 293
226 294
226 295
226 296
226 298
226 299
228 9
228 15
228 55
228 115
228 139
228 185
228 241
228 259
228 263
230 1
230 3
230 5
230 7
230 9
230 15
230 21
230 23
230 25
230 31
230 33
230 35
230 37
230 41
230 45
230 47
230 49
230 51
230 53
230 55
230 57
230 65
230 67
230 69
230 71
230 73
230 75
230 77
230 79
230 81
230 83
230 85
230 87
230 89
230 91
230 93
230 95
230 97
230 99
230 103
230 105
230 107
230 109
230 111
230 113
230 115
230 117
230 121
230 123
230 125
230 127
230 129
230 131
230 133
230 139
230 143
230 145
230 147
230 149
230 151
230 153
230 157
230 159
230 163
230 175
230 177
230 179
230 181
230 183
230 187
230 189
230 191
230 193
230 197
230 199
230 203
230 207
230 209
230 211
230 213
230 215
230 217
230 221
230 227
230 231
230 233
230 235
230 237
230 239
230 243
230 245
230 247
230 249
230 251
230 253
230 257
230 259
230 261
230 263
230 265
230 267
230 269
230 273
230 275
230 277
230 290
230 291
230 292
230 293
230 294
230 295
230 299
232 3
232 5
232 7
232 9
232 11
232 13
232 15
232 17
232 19
232 23
232 25
232 27
232 29
232 31
232 33
232 35
232 37
232 39
232 45
232 47
232 49
232 53
232 57
232 59
232 61
232 63
232 65
232 67
232 69
232 71
232 77
232 81
232 83
232 87
232 89
232 91
232 95
232 97
232 101
232 103
232 105
232 107
232 109
232 111
232 115
232 117
232 119
232 121
232 127
232 129
232 133
232 137
232 139
232 149
232 155
232 157
232 159
232 161
232 163
232 165
232 167
232 169
232 171
232 173
232 175
232 177
232 179
232 181
232 183
232 185
232 187
232 189
232 193
232 195
232 197
232 203
232 205
232 215
232 217
232 221
232 223
232 225
232 227
232 229
232 231
232 235
232 237
232 239
232 245
232 249
232 251
232 253
232 255
232 257
232 263
232 265
232 267
232 269
232 271
232 273
232 275
232 290
232 291
232 293
232 294
232 295
232 296
232 297
232 298
232 299
234 1
234 7
234 11
234 19
234 23
234 27
234 31
234 45
234 53
234 63
234 67
234 69
234 71
234 89
234 107
234 125
234 129
234 135
234 151
234 161
234 169
234 173
234 179
234 181
234 199
234 211
234 219
234 229
234 243
234 245
234 247
234 253
234 257
234 263
234 269
234 275
234 293
234 294
236 3
236 19
236 37
236 55
236 59
236 65
236 69
236 73
236 75
236 79
236 81
236 83
236 85
236 87
236 91
236 93
236 105
236 113
236 115
236 117
236 121
236 125
236 127
236 131
236 135
236 137
236 145
236 147
236 149
236 157
236 159
236 163
236 183
236 191
236 193
236 199
236 201
236 203
236 215
236 217
236 221
236 225
236 233
236 239
236 245
236 249
236 257
236 261
236 263
236 267
236 275
236 277
236 291
236 297
238 7
238 11
238 13
238 27
238 29
238 33
238 37
238 39
238 43
238 47
238 53
238 55
238 63
238 65
238 69
238 71
238 73
238 77
238 81
238 83
238 85
238 87
238 89
238 93
238 97
238 101
238 113
238 115
238 119
238 121
238 123
238 125
238 127
238 133
238 135
238 139
238 141
238 145
238 147
238 149
238 151
238 153
238 157
238 159
238 161
238 163
238 165
238 177
238 179
238 181
238 185
238 189
238 191
238 193
238 197
238 201
238 205
238 209
238 213
238 215
238 217
238 225
238 229
238 233
238 241
238 243
238 247
238 249
238 253
238 259
238 261
238 265
238 273
238 277
238 290
238 291
238 292
238 293
238 295
238 297
238 298
238 299
240 1
240 3
240 5
240 15
240 17
240 25
240 31
240 33
240 35
240 37
240 39
240 41
240 45
240 55
240 67
240 69
240 75
240 77
240 81
240 83
240 87
240 95
240 99
240 105
240 107
240 109
240 113
240 115
240 121
240 123
240 127
240 129
240 133
240 137
240 139
240 141
240 151
240 153
240 161
240 165
240 167
240 169
240 173
240 179
240 181
240 185
240 187
240 195
240 197
240 201
240 203
240 209
240 211
240 215
240 217
240 219
240 221
240 223
240 225
240 231
240 233
240 237
240 241
240 243
240 247
240 251
240 257
240 259
240 261
240 263
240 271
240 277
240 290
240 291
240 292
240 296
240 299
242 43
242 55
242 65
242 85
242 111
242 125
242 145
242 149
242 157
242 177
242 185
242 213
242 217
242 273
242 275
242 296
242 299
244 51
244 55
244 59
244 75
244 125
244 147
244 163
244 179
246 1
246 3
246 5
246 7
246 11
246 17
246 23
246 25
246 31
246 33
246 35
246 37
246 39
246 49
246 51
246 53
246 55
246 57
246 59
246 61
246 63
246 65
246 69
246 71
246 73
246 75
246 79
246 81
246 83
246 87
246 91
246 97
246 99
246 101
246 103
246 105
246 107
246 111
246 115
246 117
246 119
246 125
246 127
246 133
246 137
246 141
246 143
246 145
246 147
246 151
246 153
246 155
246 159
246 161
246 163
246 165
246 167
246 169
246 171
246 173
246 175
246 177
246 183
246 185
246 191
246 193
246 197
246 203
246 205
246 207
246 209
246 211
246 213
246 215
246 217
246 219
246 223
246 225
246 227
246 231
246 233
246 235
246 237
246 239
246 241
246 245
246 249
246 251
246 255
246 259
246 261
246 267
246 271
246 275
246 290
246 294
246 295
246 296
246 299
248 1
248 3
248 5
248 7
248 9
248 11
248 15
248 17
248 19
248 29
248 31
248 37
248 41
248 43
248 45
248 49
248 51
248 53
248 55
248 57
248 59
248 63
248 65
248 69
248 71
248 77
248 79
248 81
248 83
248 85
248 87
248 89
248 91
248 93
248 99
248 101
248 105
248 107
248 109
248 111
248 113
248 115
248 119
248 121
248 125
248 127
248 131
248 135
248 139
248 141
248 143
248 145
248 147
248 149
248 151
248 153
248 155
248 157
248 159
248 163
248 167
248 169
248 173
248 175
248 179
248 181
248 183
248 185
248 187
248 189
248 193
248 195
248 197
248 205
248 207
248 221
248 227
248 229
248 231
248 233
248 239
248 241
248 245
248 247
248 249
248 253
248 257
248 259
248 261
248 263
248 265
248 267
248 273
248 277
248 294
248 295
248 296
248 298
250 9
250 19
250 21
250 45
250 59
250 77
250 83
250 91
250 93
250 95
250 103
250 109
250 111
250 113
250 119
250 139
250 141
250 153
250 157
250 169
250 179
250 213
250 219
250 229
250 235
250 251
250 255
250 269
250 271
250 291
250 296
252 17
252 35
252 45
252 49
252 67
252 77
252 79
252 93
252 111
252 113
252 141
252 145
252 149
252 175
252 185
252 189
252 199
252 201
252 215
252 223
254 1
254 3
254 5
254 7
254 9
254 11
254 13
254 15
254 19
254 21
254 23
254 27
254 29
254 31
254 33
254 35
254 37
254 39
254 41
254 43
254 47
254 49
254 51
254 55
254 57
254 59
254 61
254 63
254 65
254 67
254 69
254 71
254 73
254 75
254 77
254 79
254 81
254 83
254 85
254 87
254 89
254 91
254 93
254 95
254 97
254 99
254 101
254 103
254 107
254 109
254 111
254 113
254 115
254 117
254 119
254 121
254 123
254 125
254 127
254 129
254 131
254 135
254 137
254 139
254 141
254 143
254 145
254 147
254 149
254 151
254 153
254 155
254 157
254 161
254 163
254 165
254 167
254 169
254 171
254 173
254 175
254 177
254 179
254 181
254 183
254 185
254 187
254 189
254 191
254 193
254 195
254 197
254 199
254 201
254 203
254 205
254 207
254 209
254 211
254 213
254 215
254 217
254 219
254 221
254 223
254 225
254 227
254 229
254 231
254 233
254 235
254 237
254 239
254 243
254 245
254 247
254 249
254 251
254 253
254 255
254 257
254 259
254 261
254 263
254 265
254 267
254 269
254 271
254 273
254 275
254 277
254 290
254 291
254 292
254 293
254 294
254 295
254 296
254 297
254 298
254 299
256 7
256 15
256 17
256 39
256 41
256 45
256 53
256 55
256 57
256 61
256 79
256 81
256 87
256 99
256 105
256 113
256 115
256 121
256 127
256 129
256 137
256 139
256 143
256 145
256 147
256 149
256 151
256 157
256 169
256 175
256 181
256 189
256 193
256 197
256 201
256 209
256 221
256 225
256 227
256 231
256 245
256 249
256 255
256 265
256 273
256 275
256 297
256 298
256 299
258 1
258 7
258 9
258 13
258 15
258 17
258 19
258 21
258 23
258 25
258 27
258 29
258 33
258 35
258 37
258 41
258 43
258 45
258 47
258 49
258 53
258 57
258 61
258 63
258 65
258 67
258 69
258 71
258 75
258 77
258 79
258 81
258 83
258 85
258 87
258 91
258 93
258 95
258 97
258 99
258 103
258 105
258 107
258 109
258 111
258 119
258 123
258 125
258 127
258 131
258 133
258 137
258 139
258 141
258 143
258 145
258 147
258 149
258 151
258 155
258 157
258 161
258 167
258 169
258 173
258 175
258 177
258 179
258 183
258 185
258 187
258 191
258 193
258 195
258 197
258 199
258 201
258 203
258 205
258 207
258 209
258 213
258 215
258 219
258 225
258 227
258 229
258 231
258 233
258 235
258 239
258 243
258 245
258 247
258 249
258 251
258 255
258 257
258 259
258 261
258 269
258 271
258 273
258 275
258 292
258 295
258 298
260 1
260 3
260 5
260 7
260 9
260 11
260 13
260 15
260 17
260 19
260 21
260 23
260 25
260 27
260 29
260 31
260 33
260 35
260 39
260 41
260 43
260 45
260 47
260 49
260 51
260 53
260 55
260 57
260 59
260 61
260 63
260 65
260 67
260 71
260 73
260 75
260 77
260 79
260 81
260 83
260 87
260 89
260 91
260 93
260 95
260 97
260 99
260 101
260 103
260 105
260 107
260 109
260 113
260 115
260 117
260 119
260 121
260 125
260 127
260 129
260 131
260 133
260 135
260 137
260 139
260 141
260 143
260 145
260 149
260 151
260 153
260 155
260 157
260 159
260 161
260 163
260 165
260 167
260 169
260 171
260 173
260 175
260 177
260 179
260 181
260 183
260 185
260 187
260 189
260 191
260 193
260 197
260 199
260 201
260 203
260 205
260 207
260 209
260 211
260 213
260 215
260 217
260 219
260 221
260 223
260 225
260 227
260 231
260 233
260 235
260 237
260 239
260 241
260 245
260 249
260 251
260 253
260 255
260 257
260 259
260 261
260 263
260 265
260 267
260 269
260 271
260 273
260 275
260 277
260 290
260 291
260 292
260 293
260 294
260 295
260 296
260 297
260 298
260 299
262 3
262 7
262 9
262 11
262 13
262 19
262 27
262 29
262 37
262 39
262 43
262 51
262 53
262 57
262 63
262 73
262 83
262 87
262 91
262 93
262 95
262 99
262 105
262 107
262 111
262 115
262 121
262 125
262 127
262 129
262 135
262 137
262 139
262 141
262 143
262 147
262 153
262 157
262 161
262 165
262 171
262 173
262 177
262 179
262 187
262 193
262 197
262 199
262 215
262 219
262 225
262 227
262 229
262 231
262 233
262 239
262 247
262 249
262 261
262 265
262 291
262 292
262 293
262 295
262 296
262 297
264 7
264 15
264 17
264 19
264 33
264 39
264 41
264 43
264 59
264 61
264 69
264 73
264 75
264 77
264 83
264 85
264 87
264 93
264 103
264 107
264 109
264 111
264 115
264 117
264 119
264 121
264 123
264 125
264 133
264 135
264 137
264 139
264 141
264 143
264 145
264 149
264 155
264 159
264 165
264 169
264 171
264 173
264 175
264 181
264 183
264 185
264 191
264 195
264 201
264 203
264 213
264 215
264 219
264 221
264 223
264 225
264 227
264 229
264 233
264 239
264 243
264 251
264 255
264 257
264 261
264 263
264 265
264 267
264 277
264 291
264 293
264 294
264 296
264 297
264 298
266 3
266 13
266 15
266 25
266 29
266 35
266 39
266 41
266 47
266 53
266 57
266 61
266 65
266 71
266 81
266 83
266 91
266 93
266 101
266 107
266 119
266 133
266 135
266 141
266 149
266 155
266 163
266 171
266 177
266 179
266 187
266 191
266 199
266 207
266 209
266 219
266 229
266 233
266 239
266 241
266 245
266 249
266 267
266 271
266 273
266 275
266 293
266 294
268 5
268 9
268 23
268 27
268 35
268 37
268 41
268 43
268 49
268 53
268 61
268 63
268 85
268 95
268 103
268 117
268 127
268 151
268 161
268 177
268 179
268 183
268 193
268 203
268 209
268 223
268 231
268 235
268 245
268 247
268 249
268 251
268 261
268 290
268 293
268 297
270 1
270 3
270 5
270 7
270 9
270 11
270 13
270 17
270 19
270 23
270 25
270 31
270 33
270 35
270 39
270 41
270 43
270 45
270 51
270 53
270 57
270 59
270 65
270 67
270 69
270 71
270 75
270 79
270 81
270 83
270 85
270 89
270 91
270 93
270 95
270 99
270 101
270 103
270 105
270 107
270 111
270 121
270 123
270 125
270 127
270 129
270 131
270 133
270 135
270 137
270 139
270 141
270 143
270 145
270 147
270 149
270 151
270 153
270 157
270 161
270 165
270 169
270 171
270 175
270 183
270 185
270 187
270 189
270 191
270 193
270 197
270 201
270 203
270 205
270 209
270 211
270 213
270 215
270 217
270 219
270 221
270 223
270 225
270 227
270 229
270 231
270 235
270 237
270 239
270 241
270 247
270 249
270 251
270 253
270 255
270 257
270 259
270 261
270 263
270 269
270 271
270 273
270 275
270 290
270 291
270 292
270 293
270 294
270 296
270 298
272 3
274 1
274 3
274 7
274 13
274 15
274 17
274 19
274 21
274 23
274 25
274 29
274 31
274 35
274 37
274 39
274 43
274 45
274 47
274 53
274 57
274 61
274 63
274 69
274 71
274 73
274 75
274 79
274 81
274 83
274 87
274 89
274 93
274 95
274 97
274 99
274 103
274 105
274 107
274 109
274 111
274 113
274 115
274 117
274 119
274 121
274 123
274 125
274 127
274 129
274 135
274 139
274 141
274 143
274 147
274 149
274 151
274 153
274 155
274 157
274 163
274 167
274 171
274 173
274 177
274 179
274 181
274 185
274 189
274 191
274 193
274 195
274 203
274 209
274 211
274 215
274 219
274 221
274 229
274 231
274 233
274 235
274 239
274 241
274 245
274 247
274 249
274 253
274 257
274 259
274 265
274 267
274 269
274 294
274 296
274 297
274 298
274 299
276 1
276 9
276 19
276 23
276 25
276 31
276 45
276 47
276 49
276 51
276 55
276 61
276 85
276 93
276 97
276 103
276 105
276 117
276 121
276 133
276 135
276 139
276 151
276 153
276 163
276 167
276 181
276 185
276 191
276 193
276 205
276 211
276 213
276 221
276 229
276 251
276 259
276 265
276 267
276 296
278 19
278 61
278 67
278 75
278 85
278 121
278 127
278 141
278 145
278 151
278 167
278 189
278 193
278 197
278 215
278 223
278 225
278 257
278 269
278 282
278 288
279 5
279 19
279 21
279 25
279 35
279 47
279 69
279 83
279 87
279 131
279 151
279 161
279 163
279 171
279 221
279 227
279 231
279 241
279 247
279 257
279 263
279 277
279 284
280 149
280 207
280 237
280 245
280 249
281 13
281 23
281 33
281 35
281 43
281 55
281 65
281 75
281 77
281 81
281 83
281 89
281 93
281 97
281 115
281 119
281 129
281 135
281 145
281 147
281 159
281 177
281 183
281 187
281 189
281 207
281 211
281 215
281 221
281 231
281 235
281 237
281 241
281 243
281 247
281 255
281 267
281 269
281 273
281 275
281 277
281 284
281 288
281 289
281 291
281 292
281 293
281 294
281 296
281 297
282 29
282 43
282 65
282 73
282 95
282 127
282 135
282 193
282 197
282 199
282 209
282 211
282 219
282 233
282 253
282 271
282 284
282 288
282 295
283 9
283 13
283 35
283 47
283 77
283 93
283 95
283 107
283 109
283 115
283 123
283 145
283 165
283 175
283 177
283 185
283 197
283 205
283 217
283 219
283 223
283 255
283 269
283 271
283 284
284 1
284 3
284 5
284 7
284 9
284 11
284 13
284 15
284 17
284 19
284 21
284 23
284 25
284 29
284 33
284 35
284 39
284 41
284 43
284 51
284 53
284 57
284 59
284 63
284 65
284 67
284 69
284 71
284 73
284 75
284 79
284 81
284 83
284 87
284 89
284 91
284 93
284 97
284 99
284 101
284 105
284 107
284 109
284 117
284 119
284 121
284 133
284 143
284 149
284 151
284 155
284 159
284 163
284 165
284 167
284 169
284 171
284 175
284 177
284 181
284 183
284 187
284 191
284 201
284 203
284 209
284 213
284 217
284 219
284 221
284 223
284 227
284 229
284 231
284 235
284 237
284 243
284 245
284 247
284 249
284 257
284 259
284 261
284 265
284 269
284 273
284 277
284 286
284 287
284 288
284 290
284 291
284 293
284 294
284 295
284 296
284 297
284 299
285 3
285 9
285 21
285 23
285 27
285 29
285 37
285 43
285 45
285 49
285 51
285 53
285 55
285 57
285 59
285 63
285 69
285 73
285 85
285 91
285 97
285 99
285 101
285 105
285 111
285 113
285 115
285 117
285 119
285 121
285 123
285 127
285 133
285 135
285 137
285 139
285 169
285 183
285 189
285 191
285 201
285 203
285 207
285 211
285 213
285 227
285 229
285 231
285 241
285 245
285 263
285 269
285 271
285 287
285 290
285 299
286 3
286 11
286 17
286 19
286 25
286 27
286 29
286 43
286 47
286 51
286 57
286 59
286 61
286 63
286 73
286 79
286 83
286 93
286 95
286 111
286 113
286 115
286 123
286 127
286 129
286 133
286 135
286 163
286 185
286 187
286 189
286 191
286 195
286 207
286 209
286 215
286 223
286 225
286 227
286 229
286 231
286 233
286 235
286 237
286 251
286 259
286 269
286 275
286 277
286 287
286 289
286 290
286 293
286 294
286 296
287 1
287 3
287 5
287 7
287 13
287 15
287 17
287 19
287 23
287 25
287 27
287 29
287 33
287 39
287 43
287 45
287 47
287 49
287 65
287 75
287 81
287 83
287 89
287 91
287 95
287 97
287 99
287 101
287 105
287 109
287 111
287 113
287 119
287 121
287 125
287 129
287 131
287 137
287 139
287 141
287 143
287 153
287 155
287 161
287 165
287 167
287 169
287 175
287 177
287 189
287 193
287 195
287 197
287 199
287 205
287 209
287 211
287 215
287 223
287 225
287 227
287 229
287 233
287 239
287 241
287 245
287 249
287 251
287 253
287 257
287 259
287 261
287 263
287 265
287 271
287 275
287 277
287 288
287 291
287 296
287 299
288 1
288 3
288 5
288 9
288 11
288 13
288 15
288 17
288 21
288 25
288 33
288 37
288 39
288 41
288 43
288 45
288 47
288 53
288 55
288 57
288 59
288 61
288 65
288 67
288 69
288 71
288 73
288 75
288 77
288 79
288 81
288 87
288 89
288 93
288 95
288 97
288 105
288 107
288 109
288 111
288 113
288 115
288 117
288 119
288 121
288 123
288 125
288 127
288 129
288 133
288 135
288 137
288 139
288 141
288 145
288 147
288 151
288 153
288 155
288 157
288 159
288 163
288 165
288 167
288 171
288 173
288 177
288 179
288 183
288 185
288 187
288 189
288 191
288 193
288 195
288 197
288 199
288 201
288 203
288 205
288 209
288 213
288 215
288 217
288 221
288 223
288 225
288 227
288 229
288 235
288 237
288 241
288 243
288 245
288 247
288 249
288 251
288 253
288 257
288 259
288 261
288 265
288 267
288 271
288 273
288 289
288 290
288 292
288 293
288 294
288 295
288 297
288 298
288 299
289 290
289 291
289 297
290 292
291 294
291 296
291 299
292 293
292 294
292 297
292 298
292 299
293 294
294 296
295 296
295 297
296 299
297 298
298 299
