30
0 200 2.9
1 200 2.9
2 200 2.9
3 200 3
4 200 3
5 200 3
6 200 2.9
7 200 2.9
8 200 2.9
9 200 2.9
10 200 2.9
11 200 2.9
12 200 2.9
13 200 2.9
14 200 2.9
15 200 2.9
16 200 2.9
17 200 2.9
18 200 3
19 200 3
20 200 3
21 200 3
22 200 3
23 200 3
24 200 2.9
25 200 2.9
26 200 2.9
27 200 3
28 200 3
29 200 3
0 2
0 4
0 7
0 8
0 10
0 11
0 13
0 14
0 16
0 17
0 23
0 26
0 28
1 2
1 5
1 8
1 11
1 17
1 20
1 23
1 26
1 29
3 1
3 2
3 4
3 5
3 7
3 11
3 13
3 16
3 17
3 19
3 23
3 26
3 28
3 29
4 5
4 8
4 14
4 29
6 1
6 5
6 10
6 11
6 13
6 17
6 19
6 20
6 25
6 26
6 28
6 29
7 23
9 16
10 23
12 11
12 13
12 14
12 16
12 23
13 2
13 8
13 11
13 20
13 23
13 26
13 29
15 2
15 4
15 5
15 7
15 8
15 13
15 17
15 19
15 20
15 26
16 2
16 5
16 8
16 20
16 23
16 29
18 5
18 7
18 8
18 10
18 11
18 13
18 17
18 20
18 22
18 23
18 25
18 26
19 5
19 8
19 11
19 14
19 17
19 23
19 26
19 29
21 29
22 26
24 2
24 4
24 5
24 7
24 8
24 10
24 11
24 13
24 16
24 17
24 19
24 20
24 22
24 23
24 25
24 26
24 28
25 2
25 5
25 8
25 11
25 14
25 17
25 20
25 23
25 29
27 4
27 5
27 8
27 11
27 13
27 14
27 20
28 8
