30
0 40 4.7
1 40 4.7
2 40 4.7
3 40 4.7
4 40 4.7
5 40 4.7
6 40 4.7
7 40 4.7
8 40 4.7
9 40 4.7
10 40 4.7
11 40 4.7
12 40 4.7
13 40 4.7
14 40 4.7
15 40 4.7
16 40 4.7
17 40 4.7
18 40 4.7
19 40 4.7
20 40 4.7
21 40 4.7
22 40 4.7
23 40 4.7
24 40 4.7
25 40 4.7
26 40 4.7
27 40 4.7
28 40 4.7
29 40 4.7
0 5
0 17
0 23
0 27
1 11
1 25
2 3
2 4
2 5
2 6
2 7
2 8
2 10
2 11
2 12
2 13
2 14
2 18
2 19
2 20
2 21
2 22
2 23
2 26
2 27
2 28
2 29
3 4
3 7
3 10
3 11
3 12
3 14
3 20
3 23
3 26
4 5
4 7
4 9
4 11
4 12
4 13
4 21
4 24
4 25
4 26
4 27
5 8
5 9
5 12
5 22
5 23
5 24
5 26
5 27
5 29
6 7
7 8
7 9
7 12
7 13
7 14
7 25
7 26
8 12
8 13
8 14
8 24
8 26
8 28
9 12
10 11
10 12
10 13
10 14
10 26
10 28
11 12
11 13
11 14
11 28
11 29
12 13
12 28
12 29
13 14
15 1
15 4
15 7
15 9
15 14
15 17
15 21
15 22
15 23
15 24
16 20
16 29
17 3
17 4
17 5
17 6
17 9
17 10
17 18
17 19
17 20
17 21
17 22
17 24
17 25
17 26
17 27
17 28
18 6
18 11
18 20
19 5
19 6
19 7
19 8
19 9
19 10
19 11
19 12
19 13
19 14
19 20
19 22
19 24
19 26
19 27
19 28
19 29
20 6
20 9
20 10
20 12
20 13
20 23
20 24
20 25
20 26
20 27
20 29
21 7
21 8
21 9
21 10
21 11
21 13
21 14
21 22
21 24
21 25
21 26
21 27
21 29
22 8
22 10
22 11
22 12
22 13
22 29
23 9
23 10
23 11
23 12
23 13
23 14
23 24
23 25
23 27
23 29
24 10
24 11
24 25
24 26
24 27
25 11
25 27
25 28
25 29
26 12
26 13
26 27
26 29
27 13
27 14
28 29
