30
0 60 3.1
1 60 3.1
2 60 3.1
3 60 3.1
4 60 3.1
5 60 3.1
6 60 3.1
7 60 3.1
8 60 3.1
9 60 3.1
10 60 3.1
11 60 3.1
12 60 3.1
13 60 3.1
14 60 3.1
15 60 3.1
16 60 3.1
17 60 3.1
18 60 3.1
19 60 3.1
20 60 3.1
21 60 3.1
22 60 3.1
23 60 3.1
24 60 3.1
25 60 3.1
26 60 3.1
27 60 3.1
28 60 3.1
29 60 3.1
0 5
0 12
0 13
0 24
0 27
1 2
1 8
1 12
1 14
1 19
1 24
1 27
2 3
2 4
2 5
2 6
2 7
2 8
2 9
2 13
2 14
2 15
2 16
2 17
2 18
2 19
2 23
2 24
2 25
2 26
2 27
2 28
3 9
3 28
3 29
4 5
4 7
4 8
4 9
4 15
4 16
4 17
4 18
4 25
4 26
4 27
4 28
4 29
5 7
5 8
5 17
5 27
5 28
5 29
6 8
7 8
7 18
7 19
7 28
8 19
10 1
10 2
10 3
10 4
10 5
10 11
10 12
10 13
10 16
10 17
10 18
10 21
10 22
10 23
10 26
10 29
11 26
12 25
13 4
13 15
13 17
13 19
13 24
14 5
14 6
14 7
14 9
14 16
14 17
14 26
14 28
15 6
15 8
15 9
15 16
15 17
15 18
15 19
15 26
15 27
15 28
15 29
16 7
16 8
16 9
16 17
16 18
16 19
16 29
17 28
18 29
20 3
20 4
20 5
20 7
20 17
20 27
20 29
21 5
21 12
21 18
21 24
22 3
22 5
22 9
22 13
22 14
22 15
22 17
22 18
22 24
22 26
22 27
22 29
23 4
23 8
23 14
23 15
23 17
23 18
23 19
23 29
24 29
25 6
25 7
25 8
25 9
25 17
25 18
25 19
25 27
25 28
25 29
26 7
26 8
26 9
26 18
26 19
26 27
26 28
26 29
27 8
27 18
27 19
27 28
28 19
