30
0 85 2.8
1 85 2.8
2 85 2.8
3 85 2.8
4 85 2.8
5 85 2.8
6 90 2.8
7 85 2.5
8 85 2.5
9 85 2.5
10 85 2.5
11 85 2.5
12 85 2.5
13 90 2.5
14 85 2.7
15 85 2.7
16 85 2.7
17 85 2.7
18 85 2.7
19 85 2.7
20 90 2.7
21 66 2.7
22 66 2.7
23 66 2.7
24 66 2.7
25 66 2.7
26 66 2.7
27 66 2.7
28 66 2.7
29 72 2.7
0 23
0 29
1 2
1 3
1 4
1 9
1 12
1 16
1 20
1 25
1 26
1 27
1 28
2 3
2 4
2 5
2 6
2 10
2 11
2 17
2 18
2 20
2 25
2 27
2 28
2 29
3 11
3 20
4 6
4 12
4 13
4 19
4 20
4 29
5 6
5 20
5 29
7 13
7 18
8 2
8 4
8 5
8 6
8 10
8 11
8 12
8 13
8 16
8 17
8 18
8 19
8 20
8 25
8 26
8 27
8 28
9 13
9 18
9 19
9 20
10 5
10 6
10 11
11 5
11 6
11 12
11 13
11 20
11 28
11 29
12 20
14 1
14 2
14 3
14 5
14 6
14 8
14 9
14 10
14 11
14 13
14 15
14 16
14 17
14 18
14 19
14 20
14 23
14 25
14 26
14 27
15 2
15 5
15 11
15 12
15 17
15 29
16 3
16 5
16 6
16 10
16 13
16 18
16 27
17 4
17 5
17 11
17 13
17 18
17 19
17 20
17 27
17 28
17 29
18 29
19 13
21 1
21 2
21 3
21 4
21 5
21 8
21 9
21 10
21 12
21 13
21 15
21 16
21 17
21 18
21 19
21 20
21 22
21 23
21 24
21 25
21 26
21 27
21 28
21 29
22 5
22 11
22 13
22 17
22 20
22 27
22 29
23 3
23 4
23 5
23 6
23 10
23 11
23 12
23 13
23 17
23 19
23 20
23 24
23 25
23 26
23 27
23 28
23 29
24 4
24 6
24 11
24 12
24 13
24 18
24 19
24 20
24 25
24 26
24 27
24 28
24 29
25 19
25 28
26 5
26 6
26 12
26 19
26 20
26 27
26 29
27 20
28 29
