30
0 100 2.5
1 100 2.5
2 100 2.5
3 100 2.5
4 100 2.5
5 100 2.5
6 100 2.5
7 100 2.5
8 100 2.5
9 100 2.5
10 100 2.5
11 100 2.5
12 100 2.5
13 100 2.5
14 100 2.5
15 100 2.5
16 100 2.5
17 100 2.5
18 100 2.5
19 100 2.5
20 100 2.5
21 100 2.5
22 100 2.5
23 100 2.5
24 100 2.5
25 100 2.5
26 100 2.5
27 100 2.5
28 100 2.5
29 100 2.5
0 5
0 9
0 10
0 20
0 21
1 17
1 22
1 23
1 27
2 3
2 4
2 5
2 9
2 11
2 16
2 17
2 22
2 23
2 27
2 28
2 29
3 29
4 23
6 1
6 3
6 4
6 5
6 7
6 8
6 9
6 10
6 11
6 13
6 14
6 15
6 16
6 17
6 19
6 20
6 21
6 22
6 23
6 25
6 26
6 27
6 28
7 3
7 4
7 5
7 9
7 10
7 15
7 16
7 21
7 22
7 28
7 29
8 3
8 15
8 17
8 21
8 22
8 23
8 27
8 29
9 5
9 22
9 23
10 23
12 2
12 3
12 8
12 19
12 22
12 29
13 2
13 3
13 4
13 5
13 8
13 10
13 11
13 14
13 15
13 17
13 22
13 28
13 29
14 5
15 5
15 10
15 11
15 17
15 22
15 23
15 28
15 29
16 17
18 4
18 11
18 23
18 28
19 2
19 3
19 4
19 5
19 8
19 9
19 10
19 11
19 15
19 16
19 17
19 21
19 22
19 23
19 26
19 27
19 28
19 29
20 22
21 28
22 11
22 17
24 2
24 3
24 4
24 16
24 19
24 21
24 23
25 2
25 3
25 4
25 5
25 8
25 9
25 10
25 11
25 14
25 15
25 16
25 17
25 20
25 21
25 22
25 23
25 27
25 28
25 29
26 3
26 5
26 9
26 17
26 23
26 27
26 28
26 29
27 22
28 5
28 11
28 23
28 29
