40
0 200 2.8
1 200 2.8
2 200 2.8
3 200 2.8
4 200 2.8
5 200 2.8
6 200 2.8
7 200 2.8
8 200 2.7
9 200 2.7
10 200 2.7
11 200 2.7
12 200 2.8
13 200 2.8
14 200 2.8
15 200 2.8
16 200 2.8
17 200 2.8
18 200 2.8
19 200 2.8
20 200 2.7
21 200 2.7
22 200 2.7
23 200 2.7
24 200 2.8
25 200 2.8
26 200 2.8
27 200 2.8
28 200 2.8
29 200 2.8
30 200 2.8
31 200 2.8
32 200 2.8
33 200 2.8
34 200 2.8
35 200 2.8
36 200 2.7
37 200 2.7
38 200 2.7
39 200 2.7
0 5
0 19
0 22
0 33
0 35
1 3
1 6
1 11
1 14
1 27
1 31
1 35
2 3
2 19
2 35
4 2
4 5
4 6
4 7
4 11
4 19
4 27
4 35
4 37
4 39
5 3
5 6
5 7
5 10
5 11
5 14
5 18
5 19
5 22
5 23
5 26
5 27
5 30
5 31
5 34
5 35
5 38
5 39
6 27
8 1
8 2
8 3
8 5
8 6
8 7
8 9
8 10
8 11
8 13
8 14
8 15
8 17
8 18
8 19
8 21
8 22
8 23
8 26
8 30
8 33
8 35
8 37
8 38
8 39
9 2
9 6
9 7
9 10
9 11
9 14
9 15
9 18
9 22
9 23
9 26
9 31
9 34
9 35
9 38
9 39
10 3
10 11
10 19
10 27
10 31
10 35
10 39
12 2
12 9
12 10
12 11
12 14
12 17
12 18
12 19
12 22
12 30
12 33
12 35
12 38
13 2
13 10
13 11
13 15
13 19
13 22
13 23
13 31
13 35
13 38
13 39
14 3
14 7
14 11
14 19
14 27
14 31
14 39
16 9
16 10
16 13
16 18
16 19
16 31
16 34
17 7
17 19
17 27
18 7
18 19
20 2
20 6
20 7
20 9
20 11
20 13
20 14
20 15
20 17
20 19
20 23
20 29
20 31
20 37
21 2
21 3
21 18
21 19
21 22
21 26
21 27
21 31
21 34
21 39
22 3
22 7
22 11
22 15
22 19
22 27
22 31
22 39
24 1
24 5
24 6
24 9
24 11
24 14
24 15
24 17
24 21
24 23
24 25
24 26
24 29
24 30
24 35
24 37
25 2
25 3
25 6
25 7
25 10
25 11
25 14
25 15
25 18
25 19
25 22
25 23
25 26
25 30
25 31
25 34
25 35
25 38
25 39
26 7
26 15
26 19
26 23
26 31
26 35
28 1
28 9
28 10
28 11
28 15
28 17
28 18
28 22
28 23
28 26
28 31
29 2
29 3
29 6
29 7
29 10
29 14
29 15
29 18
29 19
29 22
29 23
29 26
29 27
29 30
29 31
29 34
29 35
29 38
29 39
30 3
30 7
30 15
30 23
30 27
30 31
30 35
30 39
32 2
32 5
32 9
32 10
32 13
32 25
32 27
32 30
32 31
32 38
32 39
33 6
33 27
34 3
34 7
34 11
34 15
34 23
34 27
34 35
34 39
36 2
36 5
36 6
36 9
36 11
36 14
36 35
36 39
37 2
37 6
37 7
37 10
37 11
37 14
37 15
37 19
37 22
37 23
37 26
37 27
37 38
37 39
38 3
38 7
38 23
38 31
38 39
