40
0 40 4.7
1 40 4.7
2 40 4.7
3 40 4.7
4 40 4.7
5 40 4.7
6 40 4.7
7 40 4.7
8 40 4.7
9 40 4.7
10 40 4.7
11 40 4.7
12 40 4.7
13 40 4.7
14 40 4.7
15 40 4.7
16 40 4.7
17 40 4.7
18 40 4.7
19 40 4.7
20 40 4.9
21 40 4.9
22 40 4.9
23 40 4.9
24 40 4.9
25 40 4.9
26 40 4.9
27 40 4.9
28 40 4.9
29 40 4.9
30 40 4.9
31 40 4.9
32 40 4.9
33 40 4.9
34 40 4.9
35 40 4.9
36 40 4.9
37 40 4.9
38 40 4.9
39 40 4.9
0 2
0 5
0 6
0 13
0 16
0 17
0 18
0 19
0 25
0 26
0 32
0 37
1 3
1 6
1 7
1 11
1 12
1 18
1 22
1 25
1 26
1 27
1 29
1 32
1 35
1 37
2 3
2 4
2 5
2 6
2 8
2 10
2 11
2 12
2 13
2 14
2 15
2 17
2 18
2 19
2 23
2 25
2 26
2 28
2 29
2 30
2 32
2 33
2 34
2 35
2 36
2 37
2 38
2 39
3 4
3 11
3 17
3 18
3 19
3 24
3 32
3 36
3 38
3 39
4 5
4 7
4 8
4 9
4 10
4 11
4 12
4 13
4 14
4 15
4 17
4 18
4 25
4 26
4 27
4 28
4 29
4 30
4 31
4 32
4 33
4 34
4 35
4 36
4 37
4 38
4 39
5 6
5 7
5 8
5 9
5 10
5 11
5 12
5 13
5 14
5 15
5 16
5 17
5 18
5 19
5 26
5 27
5 28
5 29
5 30
5 32
5 33
5 34
5 35
5 36
5 37
5 38
5 39
6 9
6 31
6 35
7 8
7 9
7 10
7 12
7 13
7 14
7 15
7 16
7 17
7 19
7 28
7 30
7 32
7 33
7 34
7 35
7 37
7 38
8 9
8 10
8 11
8 12
8 13
8 14
8 16
8 17
8 19
8 29
8 30
8 31
8 32
8 33
8 34
8 35
8 36
8 37
8 38
8 39
9 10
9 12
9 13
9 16
9 17
9 18
9 30
9 31
9 32
9 33
9 34
9 35
9 37
9 39
10 11
10 13
10 14
10 17
10 18
10 31
10 32
10 33
10 34
10 36
10 38
10 39
11 13
11 14
11 18
11 33
11 39
12 33
13 16
14 16
14 38
15 36
16 37
17 18
18 19
20 1
20 3
20 4
20 11
20 12
20 13
20 14
20 16
20 17
20 23
20 24
20 25
20 26
20 30
20 39
21 2
21 4
21 5
21 6
21 8
21 9
21 11
21 12
21 17
21 18
21 23
21 24
21 26
21 31
21 34
21 36
21 38
21 39
22 3
22 6
22 8
22 12
22 13
22 18
22 23
22 26
22 29
22 31
22 32
22 36
22 37
23 14
23 19
23 25
24 6
24 7
24 8
24 9
24 10
24 11
24 13
24 14
24 15
24 16
24 17
24 19
24 25
24 28
24 30
24 31
24 32
24 33
24 35
24 36
24 37
24 38
24 39
25 11
25 13
25 14
25 18
25 27
25 28
25 29
25 39
26 7
26 8
26 12
26 14
26 16
26 18
26 19
26 28
26 34
26 35
26 36
26 37
26 38
27 9
27 12
27 14
27 16
27 18
27 19
27 29
27 30
27 32
27 34
27 37
28 10
28 13
28 32
28 35
28 36
28 37
28 39
29 12
29 16
29 33
30 11
30 13
30 16
30 17
30 18
30 19
30 32
30 33
30 34
30 35
30 38
30 39
31 12
31 16
31 32
31 34
31 36
31 39
32 14
32 16
32 33
32 34
32 37
32 39
33 14
33 19
33 38
34 16
34 17
34 18
34 37
34 38
34 39
35 16
35 17
35 18
35 36
35 37
35 38
35 39
36 18
36 37
36 39
37 38
38 39
