40
0 400 4
1 400 4
2 400 4.1
3 400 4.1
4 400 4.3
5 400 4.3
6 400 4
7 400 4
8 400 4.3
9 400 4.3
10 400 4.1
11 400 4.1
12 400 4.2
13 400 4.2
14 400 4
15 400 4
16 400 4.1
17 400 4.1
18 400 4.2
19 400 4.2
20 400 4.3
21 400 4.3
22 400 4.2
23 400 4.2
24 400 4
25 400 4
26 400 4
27 400 4
28 400 4
29 400 4
30 400 4.1
31 400 4.1
32 400 4.3
33 400 4.3
34 400 4.3
35 400 4.3
36 400 4
37 400 4
38 400 4.2
39 400 4.2
0 1
0 7
0 15
0 17
0 25
0 35
0 37
2 1
2 3
2 5
2 9
2 11
2 13
2 15
2 23
2 25
2 27
2 29
2 31
2 33
2 35
2 37
2 39
4 1
4 5
4 7
4 9
4 11
4 13
4 15
4 17
4 19
4 21
4 23
4 27
4 31
4 33
4 35
4 37
4 39
6 1
6 3
6 19
6 33
8 1
8 3
8 5
8 7
8 11
8 13
8 15
8 17
8 19
8 23
8 25
8 27
8 29
8 31
8 35
8 37
10 3
10 5
10 7
10 9
10 13
10 17
10 19
10 25
10 27
10 29
10 33
10 37
10 39
12 1
12 3
12 5
12 7
12 9
12 11
12 13
12 15
12 17
12 21
12 23
12 25
12 27
12 29
12 31
12 33
12 35
12 37
12 39
14 39
16 1
16 3
16 5
16 7
16 9
16 11
16 13
16 15
16 17
16 19
16 21
16 25
16 31
16 33
16 35
16 37
16 39
18 1
18 3
18 5
18 7
18 9
18 13
18 15
18 17
18 19
18 21
18 23
18 29
18 31
18 33
18 35
18 37
18 39
20 1
20 3
20 5
20 7
20 9
20 11
20 13
20 15
20 17
20 19
20 21
20 23
20 25
20 27
20 29
20 31
20 33
20 35
20 37
22 17
22 19
22 29
22 35
24 3
24 9
24 11
24 13
24 17
24 19
24 21
24 23
24 27
24 29
24 31
24 35
24 37
26 13
26 23
26 31
28 1
28 3
28 7
28 9
28 11
28 13
28 15
28 17
28 19
28 21
28 23
28 25
28 27
28 29
28 31
28 33
28 35
28 37
28 39
30 3
30 7
30 9
30 13
30 23
30 25
30 29
30 31
30 35
32 3
32 5
32 7
32 9
32 13
32 15
32 19
32 21
32 23
32 25
32 27
32 29
32 31
32 33
32 35
32 37
34 1
34 3
34 7
34 9
34 13
34 19
34 23
34 29
34 33
34 37
34 39
36 5
36 7
36 11
36 15
36 17
36 19
36 21
36 29
38 1
38 3
38 7
38 11
38 13
38 15
38 27
38 33
38 39
