40
0 61 4.3
1 61 4.3
2 61 4.3
3 61 4.3
4 61 4.3
5 61 4.3
6 61 4.3
7 61 4.3
8 61 4.3
9 61 4.3
10 61 4.3
11 61 4.3
12 68 4.3
13 61 4.3
14 61 4.3
15 61 4.3
16 61 4.3
17 61 4.3
18 61 4.3
19 61 4.3
20 61 4.3
21 61 4.3
22 61 4.3
23 61 4.3
24 61 4.3
25 68 4.3
26 57 4.3
27 57 4.3
28 57 4.3
29 57 4.3
30 57 4.3
31 57 4.3
32 57 4.3
33 57 4.3
34 57 4.3
35 57 4.3
36 57 4.3
37 57 4.3
38 57 4.3
39 59 4.3
0 6
0 7
0 25
0 30
1 4
1 5
1 6
1 7
1 11
1 17
1 18
1 19
1 21
1 23
1 29
1 30
1 31
1 32
1 33
1 35
1 36
1 37
2 4
2 6
2 8
2 9
2 11
2 12
2 18
2 19
2 21
2 22
2 23
2 24
2 25
2 30
2 31
2 33
2 34
2 35
2 36
2 39
3 4
3 5
3 6
3 7
3 9
3 10
3 11
3 12
3 17
3 18
3 19
3 20
3 21
3 22
3 23
3 24
3 25
3 31
3 32
3 33
3 34
3 35
3 36
3 37
3 38
3 39
4 5
4 6
4 7
4 8
4 9
4 10
4 11
4 12
4 18
4 20
4 21
4 22
4 24
4 25
4 32
4 34
4 35
4 36
4 38
4 39
5 6
5 8
5 10
5 12
5 19
5 20
5 23
5 34
5 35
5 36
5 38
6 9
6 12
6 23
6 24
6 39
7 21
7 24
7 25
7 35
8 24
9 25
10 11
11 39
13 2
13 3
13 4
13 5
13 6
13 7
13 8
13 9
13 10
13 11
13 14
13 15
13 17
13 18
13 20
13 21
13 22
13 23
13 24
13 25
13 29
13 32
13 33
13 34
13 35
13 36
13 37
13 38
13 39
14 2
14 4
14 6
14 7
14 8
14 9
14 10
14 11
14 12
14 15
14 16
14 17
14 18
14 19
14 20
14 21
14 24
14 25
14 29
14 30
14 31
14 33
14 34
14 36
14 38
14 39
15 3
15 4
15 5
15 6
15 7
15 8
15 9
15 10
15 11
15 12
15 16
15 17
15 18
15 19
15 20
15 21
15 22
15 23
15 24
15 25
15 30
15 31
15 32
15 33
15 34
15 35
15 36
15 37
15 38
16 4
16 5
16 8
16 12
16 19
16 24
16 25
17 25
18 8
18 9
18 10
18 11
18 19
18 21
18 24
18 36
19 7
19 9
19 12
19 20
19 21
19 23
19 37
20 8
20 10
20 22
20 24
20 25
20 38
20 39
21 9
21 11
21 12
21 24
21 25
21 36
21 38
21 39
22 10
23 11
23 12
23 25
23 38
23 39
24 39
26 1
26 2
26 4
26 6
26 7
26 8
26 9
26 10
26 12
26 14
26 15
26 16
26 17
26 18
26 19
26 20
26 21
26 22
26 23
26 25
26 28
26 29
26 31
26 32
26 35
26 36
26 37
26 39
27 11
27 18
27 22
27 23
27 24
27 25
27 35
27 39
28 5
28 20
28 23
28 29
28 35
28 39
29 7
29 8
29 9
29 18
29 20
29 21
29 23
29 24
29 25
29 30
29 31
29 33
29 34
29 35
29 36
29 39
30 5
30 6
30 7
30 8
30 10
30 11
30 12
30 18
30 19
30 20
30 21
30 22
30 23
30 25
30 32
30 33
30 35
30 36
30 37
30 38
31 6
31 8
31 9
31 10
31 12
31 19
31 20
31 21
31 23
31 25
31 32
31 34
31 35
31 36
31 37
31 38
32 10
32 12
32 20
32 21
32 22
32 23
32 24
32 25
32 34
32 35
32 37
32 39
33 8
33 10
33 21
33 23
33 25
33 35
33 38
33 39
34 9
34 10
34 11
34 12
34 22
34 23
34 24
34 35
34 36
34 37
34 38
34 39
35 37
36 12
36 24
36 25
36 37
36 38
36 39
37 12
37 25
38 39
