40
0 80 3.3
1 80 3.3
2 80 3.3
3 80 3.3
4 80 3.3
5 80 3.3
6 80 3.3
7 80 3.3
8 80 3.3
9 80 3.3
10 80 3.1
11 80 3.1
12 80 3.1
13 80 3.1
14 80 3.1
15 80 3.1
16 80 3.1
17 80 3.1
18 80 3.1
19 80 3.1
20 80 2.7
21 80 2.7
22 80 2.7
23 80 2.7
24 80 2.7
25 80 2.7
26 80 2.7
27 80 2.7
28 80 2.7
29 80 2.7
30 80 3.3
31 80 3.3
32 80 3.3
33 80 3.3
34 80 3.3
35 80 3.3
36 80 3.3
37 80 3.3
38 80 3.3
39 80 3.3
0 1
0 3
0 5
0 13
0 33
0 34
0 35
0 38
0 39
1 2
1 3
1 5
1 8
1 9
1 12
1 13
1 14
1 15
1 16
1 23
1 24
1 25
1 26
1 27
1 32
1 33
1 34
1 35
2 3
2 6
2 7
2 9
2 13
2 14
2 15
2 16
2 17
2 19
2 23
2 24
2 25
2 27
2 28
2 29
2 33
2 34
2 35
2 36
2 37
2 38
2 39
3 4
3 5
3 8
3 9
3 14
3 15
3 16
3 18
3 19
3 24
3 25
3 27
3 28
3 34
3 35
3 36
3 37
3 38
3 39
4 6
5 6
5 7
5 16
5 18
5 26
5 29
5 39
6 8
6 29
7 8
7 9
7 19
7 28
7 29
7 38
7 39
8 29
10 1
10 2
10 16
10 19
10 21
10 22
10 28
10 33
10 36
11 3
11 5
11 8
11 22
11 32
11 34
11 36
11 37
11 38
11 39
12 3
12 4
12 5
12 6
12 7
12 9
12 13
12 14
12 18
12 19
12 23
12 24
12 26
12 27
12 33
12 34
12 35
12 36
12 37
12 38
12 39
13 4
13 5
13 6
13 7
13 8
13 9
13 15
13 16
13 17
13 18
13 19
13 24
13 25
13 29
13 35
13 36
13 39
14 6
14 7
14 8
14 9
14 15
14 16
14 17
14 18
14 19
14 25
14 26
14 27
14 28
14 29
14 35
14 36
14 37
14 38
14 39
15 6
15 7
15 16
15 17
15 18
15 19
15 26
15 28
15 29
15 36
15 37
15 38
15 39
16 7
16 8
16 17
16 19
16 28
16 29
16 38
17 9
17 18
17 19
17 29
17 38
17 39
18 19
20 2
20 3
20 4
20 7
20 8
20 11
20 12
20 16
20 17
20 21
20 22
20 23
20 25
20 26
20 29
20 32
20 33
20 36
20 38
20 39
21 3
21 5
21 6
21 7
21 8
21 9
21 13
21 14
21 15
21 22
21 23
21 28
21 29
21 33
21 37
21 38
22 6
22 9
22 13
22 23
22 35
22 36
22 37
22 38
23 4
23 5
23 6
23 8
23 9
23 14
23 15
23 16
23 17
23 18
23 19
23 26
23 27
23 35
23 36
23 37
23 38
23 39
24 5
24 6
24 9
24 17
24 18
24 19
24 25
24 27
24 28
24 35
24 36
24 37
24 38
24 39
25 8
25 28
25 39
26 8
26 18
26 38
27 8
27 9
27 18
27 19
27 29
27 38
27 39
28 19
30 7
30 11
30 14
30 19
30 24
30 26
30 28
30 29
30 34
30 35
30 36
30 38
30 39
31 2
31 3
31 4
31 5
31 7
31 8
31 12
31 13
31 14
31 15
31 16
31 17
31 18
31 19
31 22
31 23
31 24
31 25
31 26
31 27
31 28
31 29
31 32
31 33
31 34
31 35
31 36
31 37
31 38
31 39
32 3
32 7
32 16
32 25
33 4
33 5
33 6
33 7
33 8
33 9
33 14
33 15
33 16
33 17
33 18
33 19
33 25
33 26
33 27
33 28
33 29
33 34
33 35
33 36
33 37
33 38
33 39
34 8
34 15
34 19
34 25
34 26
34 28
34 35
34 36
34 37
35 6
35 7
35 8
35 9
35 16
35 17
35 19
35 26
35 27
35 28
35 29
35 36
35 37
35 39
36 28
36 29
37 8
37 18
37 28
37 29
37 38
37 39
38 39
