40
0 100 3.6
1 100 3.6
2 100 3.6
3 100 3.6
4 100 3.6
5 100 3.6
6 100 3.6
7 100 3.6
8 100 3.6
9 100 3.6
10 100 3.6
11 100 3.6
12 100 3.6
13 100 3.6
14 100 3.6
15 100 3.6
16 100 3
17 100 3
18 100 3
19 100 3
20 100 3
21 100 3
22 100 3
23 100 3
24 100 3.5
25 100 3.5
26 100 3.5
27 100 3.5
28 100 3.5
29 100 3.5
30 100 3.5
31 100 3.5
32 100 3.4
33 100 3.4
34 100 3.4
35 100 3.4
36 100 3.4
37 100 3.4
38 100 3.4
39 100 3.4
0 2
0 4
0 6
0 7
0 9
0 12
0 22
0 25
0 27
0 28
0 31
0 35
0 36
0 37
1 6
1 37
2 3
2 4
2 5
2 6
2 7
2 12
2 13
2 14
2 15
2 19
2 23
2 27
2 29
2 31
2 36
2 39
3 5
3 6
3 14
3 23
3 39
4 6
4 7
4 15
4 31
4 37
4 38
5 6
5 7
5 15
5 23
5 30
5 31
5 38
5 39
6 39
8 1
8 2
8 3
8 4
8 5
8 7
8 9
8 12
8 15
8 17
8 19
8 21
8 22
8 23
8 25
8 26
8 28
8 29
8 30
8 33
8 35
8 36
8 37
8 38
8 39
9 2
9 5
9 21
9 28
9 37
10 3
10 4
10 5
10 6
10 7
10 11
10 12
10 14
10 15
10 19
10 20
10 21
10 22
10 23
10 27
10 28
10 29
10 30
10 31
10 35
10 36
10 37
10 38
10 39
11 6
11 21
11 22
11 36
11 39
12 5
12 14
13 7
13 14
13 15
13 22
13 31
13 39
14 31
16 1
17 3
17 11
17 28
17 29
17 36
18 7
18 15
18 20
18 23
18 28
18 29
18 30
18 31
18 35
18 36
18 37
18 38
19 28
19 37
20 5
20 6
20 7
20 13
20 14
20 15
20 21
20 23
20 29
20 30
20 37
20 38
20 39
21 6
21 23
22 31
24 1
24 2
24 6
24 7
24 9
24 10
24 11
24 12
24 13
24 17
24 18
24 19
24 21
24 22
24 27
24 28
24 29
24 31
24 33
24 36
24 37
25 2
25 3
25 5
25 6
25 12
25 13
25 14
25 15
25 18
25 20
25 21
25 26
25 27
25 28
25 29
25 30
25 34
25 37
26 6
26 12
26 31
26 36
26 38
27 38
28 6
28 31
28 38
28 39
29 14
29 22
29 23
29 31
29 38
29 39
30 7
30 15
30 31
30 39
32 6
32 22
32 26
32 29
32 31
33 4
33 5
33 10
33 13
33 15
33 18
33 19
33 23
33 26
33 27
33 28
33 30
33 35
33 38
33 39
34 15
35 15
35 21
35 28
35 38
36 6
36 23
36 29
36 30
36 31
36 39
37 6
37 15
37 22
37 30
38 39
