50
0 200 3.6
1 200 3.6
2 200 3.6
3 200 3.6
4 200 3.6
5 200 3.9
6 200 3.9
7 200 3.9
8 200 3.9
9 200 3.9
10 200 3.6
11 200 3.6
12 200 3.6
13 200 3.6
14 200 3.6
15 200 3.6
16 200 3.6
17 200 3.6
18 200 3.6
19 200 3.6
20 200 3.6
21 200 3.6
22 200 3.6
23 200 3.6
24 200 3.6
25 200 3.6
26 200 3.6
27 200 3.6
28 200 3.6
29 200 3.6
30 200 4
31 200 4
32 200 4
33 200 4
34 200 4
35 200 4
36 200 4
37 200 4
38 200 4
39 200 4
40 200 3.7
41 200 3.7
42 200 3.7
43 200 3.7
44 200 3.7
45 200 3.6
46 200 3.6
47 200 3.6
48 200 3.6
49 200 3.6
0 2
0 9
0 11
0 13
0 16
0 17
0 18
0 24
0 28
0 31
0 33
0 36
0 44
0 46
0 47
1 4
1 7
1 8
1 9
1 12
1 13
1 14
1 17
1 18
1 22
1 23
1 27
1 28
1 32
1 37
1 38
1 42
1 44
1 48
2 3
2 4
2 8
2 9
2 13
2 14
2 18
2 19
2 24
2 29
2 33
2 34
2 38
2 39
2 44
2 48
3 4
3 9
3 14
3 19
3 29
3 39
3 44
5 1
5 2
5 3
5 4
5 6
5 7
5 8
5 9
5 11
5 12
5 13
5 14
5 16
5 19
5 21
5 26
5 27
5 28
5 29
5 31
5 32
5 34
5 36
5 37
5 38
5 39
5 41
5 42
5 44
5 46
5 47
5 48
5 49
6 4
6 7
6 8
6 14
6 17
6 18
6 19
6 23
6 29
6 32
6 34
6 37
6 38
6 43
6 44
6 48
7 13
7 18
7 19
7 23
7 24
7 28
7 29
7 33
7 34
7 38
7 39
7 43
7 44
7 48
7 49
8 4
8 14
8 24
8 29
8 39
8 49
10 9
10 11
10 12
10 21
10 24
10 26
10 27
10 29
10 36
10 47
11 4
11 18
11 19
11 22
11 28
11 43
11 44
12 4
12 8
12 13
12 18
12 19
12 23
12 24
12 29
12 33
12 34
12 38
12 39
12 44
12 48
12 49
13 4
13 9
13 14
13 34
13 39
13 44
15 3
15 8
15 21
15 24
15 29
15 32
15 39
15 46
15 49
16 13
16 14
16 17
16 22
16 23
16 27
16 37
16 42
17 24
17 49
18 4
18 14
18 19
18 29
18 34
18 39
18 49
20 1
20 3
20 4
20 6
20 7
20 8
20 9
20 11
20 12
20 13
20 14
20 16
20 17
20 18
20 21
20 22
20 23
20 24
20 26
20 27
20 29
20 31
20 32
20 33
20 34
20 36
20 37
20 38
20 39
20 41
20 42
20 43
20 44
20 46
20 47
20 48
21 2
21 3
21 7
21 8
21 13
21 18
21 24
21 39
21 42
21 44
22 3
22 4
22 14
22 18
22 24
22 28
22 29
22 33
22 34
22 38
22 39
22 44
23 9
23 24
23 29
23 34
23 44
23 49
25 6
25 13
25 17
25 21
25 28
25 29
25 31
25 32
25 34
25 36
25 37
25 43
25 46
25 48
25 49
26 2
26 3
26 4
26 7
26 8
26 9
26 13
26 14
26 17
26 18
26 19
26 23
26 24
26 27
26 28
26 29
26 32
26 33
26 34
26 37
26 38
26 42
26 43
26 44
26 47
26 48
26 49
27 3
27 4
27 18
27 19
27 24
27 28
27 34
27 38
27 43
28 4
28 9
28 14
28 29
28 44
30 2
30 3
30 13
30 27
30 29
30 31
30 34
30 49
31 9
31 12
31 17
31 18
31 23
31 24
31 28
31 29
31 32
31 37
31 39
31 48
32 4
32 18
32 23
32 24
32 29
32 39
32 48
33 4
35 33
36 2
36 8
36 9
36 13
36 19
36 23
36 24
36 27
36 29
36 32
36 33
36 34
36 37
36 39
36 43
36 44
36 47
36 48
37 8
37 13
37 14
37 19
37 43
37 44
38 14
38 24
38 29
38 34
38 39
40 21
41 17
41 22
42 4
42 8
42 9
42 13
42 14
42 19
42 24
42 28
42 29
42 33
42 34
42 38
42 43
42 44
42 48
43 14
43 19
43 29
43 34
43 44
45 1
45 2
45 3
45 4
45 7
45 11
45 13
45 14
45 16
45 19
45 22
45 27
45 28
45 29
45 31
45 32
45 34
45 36
45 37
45 38
45 39
45 41
45 43
45 44
45 49
46 3
46 4
46 7
46 8
46 9
46 12
46 17
46 18
46 19
46 22
46 24
46 27
46 29
46 32
46 33
46 34
46 38
46 39
46 42
46 47
46 48
46 49
47 3
47 4
47 9
47 13
47 18
47 19
47 23
47 24
47 29
47 34
47 43
47 44
47 48
48 4
48 9
48 19
48 29
48 39
48 44
