50
0 500 2.5
1 500 2.5
2 500 2.5
3 500 2.5
4 500 2.5
5 500 2.5
6 500 2.5
7 500 2.5
8 500 2.5
9 500 2.5
10 500 2.5
11 500 2.5
12 500 2.5
13 500 2.5
14 500 2.5
15 500 2.5
16 500 2.5
17 500 2.5
18 500 2.5
19 500 2.5
20 500 2.5
21 500 2.5
22 500 2.5
23 500 2.5
24 500 2.5
25 500 2.5
26 500 2.5
27 500 2.5
28 500 2.5
29 500 2.5
30 500 2.5
31 500 2.5
32 500 2.5
33 500 2.5
34 500 2.5
35 500 2.5
36 500 2.5
37 500 2.5
38 83 2.5
39 83 2.5
40 83 2.5
41 83 2.5
42 83 2.5
43 83 2.5
44 83 2.5
45 83 2.5
46 83 2.5
47 83 2.5
48 83 2.5
49 87 2.5
0 9
0 25
0 27
0 37
0 46
0 48
2 3
2 5
2 9
2 13
2 15
2 17
2 21
2 23
2 25
2 27
2 35
2 37
2 45
2 46
2 49
4 1
4 3
4 5
4 9
4 11
4 13
4 15
4 19
4 21
4 25
4 29
4 31
4 35
4 49
6 1
6 5
6 7
6 9
6 13
6 15
6 17
6 19
6 21
6 23
6 25
6 27
6 29
6 31
6 33
6 35
6 37
6 45
6 46
6 47
6 48
6 49
8 1
8 3
8 5
8 9
8 11
8 15
8 21
8 23
8 29
8 35
8 46
8 49
10 1
10 3
10 7
10 15
10 17
10 23
10 25
10 27
10 33
10 45
10 46
12 1
12 3
12 5
12 9
12 11
12 13
12 15
12 17
12 19
12 21
12 23
12 25
12 27
12 29
12 31
12 33
12 35
12 37
12 45
12 46
12 47
12 48
12 49
14 1
14 3
14 5
14 7
14 9
14 11
14 17
14 21
14 23
14 27
14 31
14 33
14 35
14 37
14 46
14 47
14 48
14 49
16 13
18 29
20 1
20 5
20 17
20 19
20 21
20 23
20 25
20 27
20 31
20 35
20 46
20 47
20 49
22 3
22 5
22 9
22 15
22 17
22 19
22 23
22 29
22 35
22 37
22 45
22 48
24 3
24 46
26 1
26 3
26 5
26 7
26 9
26 11
26 13
26 15
26 19
26 21
26 23
26 25
26 27
26 29
26 31
26 33
26 35
26 45
26 46
26 48
26 49
28 3
28 5
28 7
28 13
28 15
28 19
28 21
28 25
28 27
28 29
28 33
28 35
28 37
28 46
28 47
28 48
28 49
30 5
30 7
30 9
30 11
30 13
30 15
30 17
30 19
30 21
30 23
30 27
30 29
30 31
30 33
30 35
30 37
30 45
30 46
30 47
30 48
30 49
32 1
32 5
32 7
32 13
32 15
32 25
32 31
32 35
32 37
32 46
32 48
34 37
36 1
36 3
36 5
36 7
36 9
36 11
36 13
36 15
36 17
36 19
36 21
36 23
36 25
36 27
36 29
36 31
36 33
36 35
36 37
36 45
36 46
36 47
36 48
38 1
38 3
38 7
38 9
38 11
38 17
38 23
38 27
38 33
38 37
38 39
38 40
38 42
38 43
38 44
38 49
39 5
39 15
39 17
39 19
39 23
39 27
39 31
39 37
39 47
40 7
40 9
40 11
40 15
40 19
40 21
40 25
40 27
40 33
40 35
40 37
40 42
41 1
41 3
41 5
41 7
41 9
41 11
41 13
41 15
41 17
41 19
41 21
41 23
41 25
41 27
41 29
41 31
41 33
41 35
41 37
41 42
41 43
41 44
41 46
41 47
41 48
41 49
42 9
42 15
42 19
42 21
42 27
42 44
42 46
43 1
43 5
43 13
43 17
43 21
43 27
43 29
43 31
43 35
43 47
44 48
45 46
45 48
45 49
46 47
47 48
48 49
