50
0 40 2.8
1 40 2.8
2 40 2.8
3 40 2.8
4 40 2.8
5 40 2.8
6 40 2.8
7 40 2.8
8 40 2.8
9 40 2.8
10 40 2.8
11 40 2.8
12 40 2.8
13 40 2.8
14 40 2.8
15 40 2.8
16 40 2.8
17 40 2.8
18 40 2.8
19 40 2.8
20 40 2.8
21 40 2.8
22 40 2.8
23 40 2.8
24 40 2.8
25 40 3.3
26 40 3.3
27 40 3.3
28 40 3.3
29 40 3.3
30 40 3.3
31 40 3.3
32 40 3.3
33 40 3.3
34 40 3.3
35 40 3.3
36 40 3.3
37 40 3.3
38 40 3.3
39 40 3.3
40 40 3.3
41 40 3.3
42 40 3.3
43 40 3.3
44 40 3.3
45 40 3.3
46 40 3.3
47 40 3.3
48 40 3.3
49 40 3.3
0 1
0 2
0 3
0 4
0 6
0 7
0 8
0 9
0 10
0 11
0 12
0 13
0 14
0 15
0 16
0 17
0 18
0 19
0 20
0 21
0 22
0 23
0 24
0 26
0 28
0 29
0 30
0 31
0 32
0 33
0 34
0 38
0 39
0 40
0 41
0 42
0 43
0 45
0 46
0 47
0 48
0 49
1 2
1 3
1 4
1 5
1 6
1 7
1 8
1 9
1 10
1 11
1 12
1 13
1 14
1 17
1 18
1 19
1 20
1 21
1 22
1 23
1 24
1 28
1 29
1 30
1 31
1 32
1 33
1 35
1 36
1 37
1 38
1 40
1 41
1 42
1 43
1 44
1 45
1 47
1 49
2 5
2 6
2 7
2 8
2 15
2 17
2 19
2 21
2 29
2 30
2 34
2 35
2 37
2 38
2 39
2 45
2 48
2 49
3 6
3 7
3 9
3 10
3 11
3 14
3 16
3 18
3 19
3 20
3 21
3 22
3 23
3 30
3 31
3 32
3 33
3 34
3 35
3 38
3 39
3 40
3 42
3 43
3 45
3 46
3 47
3 49
4 5
4 6
4 7
4 8
4 10
4 11
4 12
4 13
4 14
4 15
4 16
4 17
4 19
4 20
4 21
4 22
4 23
4 24
4 30
4 31
4 32
4 34
4 35
4 36
4 37
4 38
4 40
4 41
4 42
4 43
4 44
4 45
4 46
4 47
4 48
5 10
5 12
5 13
5 16
5 17
5 18
5 21
5 22
5 24
5 31
5 32
5 33
5 35
5 36
5 40
5 43
5 44
5 45
5 46
6 7
6 8
6 9
6 10
6 11
6 12
6 13
6 14
6 15
6 16
6 19
6 20
6 21
6 22
6 23
6 24
6 32
6 33
6 34
6 35
6 36
6 38
6 39
6 41
6 42
6 43
6 44
6 45
6 46
6 47
6 48
7 10
7 12
7 13
7 17
7 18
7 35
7 48
8 11
8 12
8 13
8 14
8 15
8 17
8 18
8 23
8 36
8 39
8 40
8 41
8 43
8 44
8 45
8 46
8 47
8 48
8 49
9 10
9 11
9 12
9 14
9 17
9 18
9 19
9 20
9 21
9 22
9 23
9 35
9 38
9 39
9 40
9 41
9 43
9 44
9 45
9 47
9 49
10 11
10 12
10 13
10 16
10 17
10 18
10 19
10 20
10 21
10 23
10 36
10 37
10 38
10 39
10 40
10 41
10 42
10 44
10 45
10 49
11 13
11 16
11 17
11 19
11 38
11 39
11 40
11 42
11 44
11 49
12 13
12 14
12 15
12 16
12 18
12 21
12 23
12 24
12 39
12 40
12 41
12 42
12 43
12 44
12 45
12 46
12 48
12 49
13 15
13 16
13 17
13 18
13 19
13 20
13 21
13 23
13 24
13 39
13 41
13 42
13 43
13 44
13 45
13 46
13 47
13 48
13 49
14 18
14 21
14 22
14 23
14 41
14 43
14 44
15 16
15 18
15 19
15 20
15 21
15 22
15 23
15 41
15 42
15 44
15 45
15 46
15 47
15 48
15 49
16 19
16 21
16 42
16 47
16 48
16 49
17 18
17 19
17 22
17 24
17 43
17 44
17 45
17 46
17 48
17 49
18 19
18 20
18 21
18 22
18 23
18 24
18 44
18 45
18 46
18 47
18 49
19 45
20 21
20 22
20 23
20 46
20 47
20 48
20 49
21 47
22 23
22 49
23 49
25 1
25 2
25 3
25 4
25 5
25 6
25 7
25 8
25 9
25 10
25 11
25 12
25 13
25 14
25 15
25 16
25 17
25 18
25 19
25 20
25 21
25 22
25 23
25 24
25 26
25 27
25 28
25 29
25 30
25 31
25 32
25 33
25 34
25 35
25 37
25 38
25 39
25 40
25 41
25 42
25 43
25 44
25 45
25 46
25 47
25 48
25 49
26 2
26 3
26 4
26 5
26 7
26 8
26 9
26 10
26 11
26 12
26 13
26 14
26 15
26 16
26 17
26 18
26 20
26 21
26 22
26 24
26 27
26 28
26 29
26 30
26 31
26 32
26 33
26 34
26 35
26 36
26 37
26 38
26 39
26 40
26 41
26 42
26 43
26 44
26 45
26 46
26 47
26 48
26 49
27 7
27 10
27 13
27 17
27 21
27 22
27 28
27 30
27 34
27 39
27 40
27 43
27 45
27 49
28 5
28 8
28 11
28 17
28 21
28 22
28 39
28 45
28 48
29 16
30 7
30 11
30 12
30 14
30 16
30 17
30 18
30 19
30 22
30 23
30 24
30 31
30 33
30 34
30 35
30 36
30 38
30 39
30 40
30 41
30 47
30 49
31 7
31 8
31 9
31 10
31 11
31 12
31 13
31 14
31 15
31 16
31 17
31 18
31 19
31 20
31 21
31 22
31 23
31 24
31 32
31 33
31 34
31 36
31 37
31 38
31 39
31 41
31 42
31 43
31 44
31 45
31 46
31 47
31 48
31 49
32 8
32 9
32 11
32 12
32 13
32 16
32 17
32 18
32 19
32 20
32 21
32 22
32 23
32 33
32 35
32 36
32 37
32 39
32 40
32 41
32 42
32 43
32 45
32 46
32 47
32 48
32 49
33 13
33 18
33 19
33 22
33 24
33 36
33 37
33 39
33 43
33 44
33 46
33 47
33 48
34 11
34 15
34 17
34 19
34 24
34 35
34 39
34 42
34 49
35 11
35 13
35 21
35 38
35 42
35 48
36 12
36 13
36 14
36 15
36 16
36 17
36 18
36 19
36 20
36 21
36 22
36 23
36 24
36 37
36 38
36 39
36 40
36 41
36 42
36 43
36 44
36 45
36 46
36 47
36 48
37 13
37 14
37 15
37 16
37 17
37 20
37 22
37 39
37 40
37 43
37 45
37 48
38 14
38 15
39 16
39 18
39 20
39 23
39 42
39 43
39 44
39 47
39 48
40 17
40 19
40 41
40 42
40 45
41 18
41 19
41 20
41 21
41 23
41 24
41 42
41 43
41 44
41 45
41 46
41 47
41 48
42 19
42 20
42 22
42 23
42 24
42 43
42 44
42 45
42 46
42 47
42 49
43 19
43 20
43 21
43 22
43 23
43 44
43 45
43 46
43 49
44 20
44 22
44 23
44 24
44 45
44 46
44 48
44 49
45 24
46 22
46 23
46 47
47 48
47 49
48 24
