50
0 62 3.2
1 62 3.2
2 62 3.2
3 62 3.2
4 62 3.2
5 62 3.2
6 62 3.2
7 62 3.2
8 62 3.2
9 62 3.2
10 62 3.2
11 62 3.2
12 62 3.2
13 62 3.2
14 62 3.2
15 70 3.2
16 62 3.1
17 62 3.1
18 62 3.1
19 62 3.1
20 62 3.1
21 62 3.1
22 62 3.1
23 62 3.1
24 62 3.1
25 62 3.1
26 62 3.1
27 62 3.1
28 62 3.1
29 62 3.1
30 62 3.1
31 70 3.1
32 55 3.5
33 55 3.5
34 55 3.5
35 55 3.5
36 55 3.5
37 55 3.5
38 55 3.5
39 55 3.5
40 55 3.5
41 55 3.5
42 55 3.5
43 55 3.5
44 55 3.5
45 55 3.5
46 55 3.5
47 55 3.5
48 55 3.5
49 65 3.5
0 2
0 4
0 5
0 6
0 9
0 10
0 11
0 12
0 15
0 17
0 18
0 19
0 22
0 23
0 24
0 26
0 27
0 28
0 30
0 35
0 36
0 40
0 42
0 43
0 45
0 47
0 48
0 49
1 4
1 7
1 8
1 13
1 15
1 18
1 20
1 21
1 23
1 24
1 25
1 28
1 29
1 35
1 39
1 42
1 43
1 45
1 47
1 48
2 3
2 4
2 6
2 8
2 9
2 14
2 15
2 19
2 20
2 22
2 24
2 25
2 26
2 27
2 28
2 29
2 30
2 31
2 38
2 39
2 40
2 42
2 43
2 44
2 45
2 46
2 47
2 48
2 49
3 4
3 5
3 6
3 7
3 9
3 10
3 13
3 14
3 15
3 20
3 24
3 26
3 29
3 39
3 44
3 45
3 46
4 13
4 25
5 7
5 9
5 10
5 11
5 12
5 13
5 14
5 22
5 24
5 26
5 27
5 28
5 29
5 30
5 45
5 47
5 48
6 7
6 8
6 9
6 10
6 11
6 12
6 13
6 14
6 15
6 23
6 24
6 25
6 26
6 27
6 28
6 29
6 30
6 31
6 40
6 41
6 42
6 43
6 44
6 45
6 46
6 47
6 48
7 9
7 11
7 15
7 24
7 26
7 27
7 28
7 30
7 42
7 45
7 49
8 26
8 29
8 31
8 43
9 12
9 26
9 27
9 28
9 29
9 31
9 44
9 45
9 47
9 49
10 12
10 15
10 28
10 31
10 45
10 46
10 49
11 28
11 48
12 15
12 29
12 30
12 31
12 47
12 49
13 49
14 31
16 2
16 3
16 4
16 5
16 6
16 7
16 8
16 9
16 10
16 13
16 15
16 17
16 25
16 26
16 31
16 35
16 36
16 38
16 39
16 40
16 41
16 45
16 48
17 14
17 22
18 4
18 11
18 20
18 22
18 26
18 28
18 31
18 39
18 42
18 44
19 4
19 5
19 6
19 7
19 8
19 12
19 13
19 24
19 28
19 31
19 37
19 45
19 47
19 48
19 49
20 6
20 7
20 8
20 9
20 11
20 12
20 15
20 23
20 24
20 25
20 27
20 31
20 40
20 41
20 42
20 43
20 44
20 48
21 8
21 9
21 10
21 11
21 13
21 14
21 15
21 22
21 24
21 25
21 26
21 27
21 28
21 29
21 31
21 39
21 41
21 42
21 43
21 45
21 46
21 48
21 49
22 7
22 8
22 9
22 10
22 12
22 13
22 14
22 23
22 26
22 27
22 28
22 29
22 30
22 31
22 40
22 41
22 42
22 43
22 44
22 45
22 46
22 47
22 48
22 49
23 9
23 13
23 14
23 28
23 31
23 45
23 49
24 12
24 14
24 28
24 30
24 31
24 44
24 45
24 48
25 10
25 12
25 15
25 26
25 27
25 28
25 29
25 31
25 44
25 45
26 30
27 15
27 30
27 31
28 13
28 15
28 47
28 48
28 49
29 14
29 15
29 48
30 15
30 31
32 1
32 3
32 4
32 7
32 9
32 12
32 14
32 15
32 18
32 22
32 23
32 24
32 26
32 28
32 29
32 34
32 36
32 37
32 43
32 45
32 46
32 47
32 48
32 49
33 5
33 11
33 14
33 15
33 19
33 29
33 31
33 35
33 42
33 43
33 44
34 3
34 4
34 5
34 6
34 8
34 9
34 10
34 12
34 13
34 15
34 19
34 21
34 22
34 23
34 24
34 26
34 27
34 29
34 30
34 31
34 37
34 38
34 39
34 40
34 41
34 42
34 43
34 44
34 45
34 48
35 5
35 6
35 8
35 9
35 10
35 11
35 20
35 22
35 23
35 24
35 25
35 26
35 29
35 30
35 37
35 38
35 39
35 42
35 43
35 45
35 46
35 48
35 49
36 5
36 7
36 9
36 11
36 12
36 21
36 25
36 38
36 43
36 48
37 8
37 9
37 13
37 14
37 22
37 23
37 24
37 25
37 28
37 31
37 46
38 8
38 9
38 11
38 14
38 15
38 23
38 26
38 27
38 29
38 30
38 31
38 42
38 46
38 47
38 48
39 9
39 13
39 25
39 29
39 40
39 41
39 45
40 12
40 13
40 14
40 24
40 25
40 26
40 31
40 41
40 44
40 45
40 47
40 49
41 10
41 11
41 12
41 14
41 15
41 25
41 26
41 27
41 28
41 29
41 30
41 42
41 43
41 45
41 46
41 48
41 49
42 10
42 11
42 12
42 13
42 14
42 15
42 26
42 27
42 28
42 29
42 30
42 31
42 43
42 44
42 45
42 46
42 48
42 49
43 15
44 12
44 13
44 14
44 15
44 29
44 31
44 47
44 48
45 13
45 15
45 29
45 31
45 47
45 49
46 31
47 49
48 49
