50
0 100 2.8
1 100 2.8
2 100 2.8
3 100 2.8
4 100 2.8
5 100 2.8
6 100 2.8
7 100 2.8
8 100 2.8
9 100 2.8
10 100 2.9
11 100 2.9
12 100 2.9
13 100 2.9
14 100 2.9
15 100 2.9
16 100 2.9
17 100 2.9
18 100 2.9
19 100 2.9
20 100 2.8
21 100 2.8
22 100 2.8
23 100 2.8
24 100 2.8
25 100 2.8
26 100 2.8
27 100 2.8
28 100 2.8
29 100 2.8
30 100 2.9
31 100 2.9
32 100 2.9
33 100 2.9
34 100 2.9
35 100 2.9
36 100 2.9
37 100 2.9
38 100 2.9
39 100 2.9
40 100 2.9
41 100 2.9
42 100 2.9
43 100 2.9
44 100 2.9
45 100 2.9
46 100 2.9
47 100 2.9
48 100 2.9
49 100 2.9
0 7
0 8
0 11
0 13
0 19
0 22
0 36
0 38
0 47
1 2
1 7
1 8
1 14
1 16
1 19
1 32
1 36
1 37
1 38
1 39
1 47
2 15
2 47
2 48
3 6
3 25
3 27
3 28
3 36
3 39
4 5
4 6
4 8
4 9
4 15
4 25
4 29
4 38
4 45
4 48
5 9
5 17
5 19
5 26
5 27
5 28
5 29
5 36
5 49
6 7
6 8
6 9
6 17
6 18
6 19
6 28
6 29
6 38
6 39
6 47
6 48
6 49
7 9
7 18
7 19
7 28
7 38
7 39
8 9
8 29
10 1
10 2
10 3
10 4
10 8
10 19
10 21
10 22
10 23
10 24
10 26
10 27
10 32
10 34
10 43
10 44
10 45
10 46
11 2
11 6
11 7
11 22
11 32
11 37
11 43
11 47
11 49
12 3
12 4
12 5
12 6
12 7
12 8
12 9
12 13
12 14
12 15
12 16
12 17
12 18
12 19
12 24
12 25
12 26
12 28
12 29
12 33
12 34
12 35
12 36
12 37
12 38
12 39
12 43
12 44
12 45
12 46
12 47
12 48
12 49
13 4
13 5
13 6
13 7
13 8
13 9
13 14
13 15
13 16
13 17
13 18
13 19
13 24
13 25
13 26
13 28
13 29
13 34
13 35
13 36
13 37
13 38
13 39
13 44
13 45
13 46
13 47
13 48
14 5
14 6
14 8
14 9
14 15
14 16
14 17
14 18
14 19
14 26
14 27
14 29
14 35
14 36
14 37
14 38
14 39
14 45
14 46
14 48
14 49
15 6
15 7
15 8
15 9
15 16
15 18
15 19
15 26
15 27
15 28
15 29
15 36
15 37
15 38
15 39
15 46
15 47
15 48
15 49
16 7
16 9
16 17
16 18
16 19
16 28
16 29
16 37
16 38
16 39
16 47
16 48
17 48
18 9
18 19
18 29
20 1
20 3
20 4
20 5
20 11
20 15
20 21
20 22
20 27
20 32
20 33
20 35
20 41
20 44
20 45
20 47
20 49
21 2
21 3
21 7
21 12
21 13
21 14
21 19
21 25
21 27
21 29
21 33
21 34
21 37
21 38
21 39
21 42
21 45
21 46
21 48
22 4
22 5
22 6
22 8
22 9
22 13
22 17
22 18
22 19
22 23
22 24
22 25
22 28
22 33
22 37
22 47
23 4
23 5
23 6
23 7
23 8
23 9
23 14
23 25
23 29
23 34
23 35
23 36
23 37
23 38
23 39
23 47
23 48
23 49
24 6
24 8
24 15
24 16
24 17
24 18
24 19
24 25
24 26
24 27
24 28
24 29
24 35
24 36
24 37
24 38
24 39
24 46
24 47
24 48
25 6
25 7
25 8
25 9
25 16
25 17
25 18
25 19
25 27
25 28
25 29
25 36
25 37
25 38
25 39
25 46
25 48
25 49
26 7
26 8
26 9
26 19
26 27
26 47
26 48
27 19
27 29
28 29
30 1
30 2
30 3
30 6
30 7
30 9
30 11
30 13
30 17
30 18
30 19
30 23
30 24
30 25
30 26
30 31
30 33
30 35
30 36
30 41
30 42
30 43
30 44
31 3
31 4
31 5
31 6
31 7
31 12
31 13
31 14
31 15
31 16
31 17
31 22
31 23
31 24
31 26
31 27
31 28
31 29
31 33
31 34
31 36
31 38
31 42
31 44
31 45
31 46
31 48
31 49
32 5
33 6
33 37
33 38
33 39
34 5
34 6
34 7
34 8
34 16
34 17
34 18
34 25
34 26
34 27
34 35
34 37
34 38
34 39
34 46
34 48
34 49
35 7
35 8
35 16
35 17
35 19
35 27
35 28
35 37
35 38
35 39
35 46
35 47
35 48
36 7
36 8
36 9
36 17
36 18
36 19
36 27
36 28
36 37
36 38
36 39
36 47
36 48
36 49
37 8
37 29
37 38
37 49
38 29
38 39
38 49
40 1
40 2
40 3
40 4
40 5
40 6
40 7
40 8
40 9
40 11
40 12
40 13
40 14
40 15
40 16
40 18
40 19
40 21
40 22
40 23
40 24
40 26
40 27
40 28
40 29
40 31
40 32
40 33
40 34
40 35
40 36
40 37
40 38
40 39
40 41
40 42
40 43
40 44
40 45
40 46
40 47
40 48
40 49
41 22
42 5
42 7
42 13
42 15
42 16
42 18
42 19
42 28
42 29
42 33
42 38
42 44
42 48
43 4
43 5
43 8
43 9
43 14
43 17
43 18
43 24
43 25
43 26
43 34
43 35
43 36
43 37
43 38
43 46
43 47
43 48
44 6
44 8
44 9
44 15
44 16
44 18
44 25
44 27
44 28
44 29
44 35
44 36
44 38
44 39
44 45
44 48
44 49
45 26
45 36
45 39
45 49
46 49
47 19
47 28
47 29
47 38
48 29
